0.009009962606984185
0.006282121196684612
0.005459635585427384
0.013862839203524465
0.012085796254537113
0.013767025285391544
0.007152236920947065
0.009186914282954742
0.0170962156781407
0.026816842209617834
0.00351709394181234
0.008082090145946056
0.00699035143839387
0.0030020734503676707
0.005340136398724656
0.02546756307567397
0.02779863440101186
0.011574206390516591
0.016015773947863802
0.00482359607786579
0.008263219617429353
0.006783814773979366
0.012169379867903866
0.004556384014189754
0.00802267784113605
0.004988081262446763
0.008419313687092174
0.006366628990914717
0.019429125894930233
0.006975846646893239
0.015893061760546088
0.017828550614764162
0.016816471620488365
0.03240101115188297
0.0076916286958889045
0.0024064651453540664
0.008871360799517435
0.006198757819325393
0.012644364810495547
0.006026582382012718
0.004648869373412275
0.020037201938824977
0.013197343496604641
0.012734869565226466
0.016837807630530235
0.0007857776521429498
0.005783589205620969
0.008880714000158782
0.01011440299627849
0.009090192434137908
0.011714592920104542
0.004319861551751353
0.017879190450099284
0.009181244485077528
0.007062786586734687
0.007306215603095544
0.0205768432062756
0.013502147495722408
0.006053569105850708
0.008676177987163167
0.00893324762309128
0.010589303083128977
0.008091498498360983
0.025704175261288542
0.004882744838253893
0.021769261417782897
0.005377684718962598
0.024005108960890642
0.009543204519620294
0.0007857776521429498
0.009361272743509143
0.010023072962731285
0.014030226938121478
0.008506111152609961
0.005202551913197256
0.011841564147876472
0.015421856486537778
0.004978240796804965
0.014905164149441217
0.01494347838428399
0.017449084492918054
0.012324054853697936
0.01476906962499247
0.012146978490428267
0.0032357146412548593
0.02026231008449421
0.006016036385581574
0.00209619413685757
0.007038285958249828
0.008102472958688453
0.007581601865238352
0.013483253663190975
0.005545701806419609
0.007406695488386084
0.003953842492297158
0.009043256647495244
0.006999688021262647
0.005183306688411275
0.005865476824249337
0.005857177403388696
0.011874384760775434
0.011776323712307593
0.006533015735177144
0.005224090074302898
0.005834147050850711
0.014475254361414175
0.010442655990369806
0.009496982120402748
0.012246406484369459
0.008086342621250934
0.009827166052765067
0.009924663268469013
0.016199019609935816
0.0023903016592899933
0.007335635251652031
0.005344927838769294
0.005539453276666828
0.005515458002705094
0.015429527193884544
0.011254975974489245
0.007893406632739451
0.0136695133643463
0.003997765911742816
0.0044285857057256356
0.006985095059130067
0.0049014386341122715
0.02145138357300333
0.012798175453513503
0.008834237839244159
0.0076285638986162
0.008188959045017628
0.002476417282903386
0.02036988601131725
0.03657169903926472
0.0074101374737046465
0.008602815501273285
0.01287985685739726
0.012337354729775799
0.010421888968200803
0.019140409281936714
0.007042411056921627
0.005446583261905837
0.012429293776145385
0.005591995036735019
0.010385209560306582
0.016359432735150836
0.016841348070108824
0.0016354861184935479
0.006581539388055671
0.021234299774326015
0.004978537239756673
0.006723746068260737
0.01728704601308039
0.011421066519573813
0.01572581469404473
0.0037036742222040023
0.006766168120741104
0.011505549630178143
0.020895646962275086
0.01685505129810948
0.022520848647526223
0.011266751465720868
0.01269805221592581
0.016785838116169002
0.005731729537794758
0.012335624203948245
0.010403094199824124
0.013892490355809771
0.008935760911649616
0.01645654846643397
0.011040310359544338
0.01849809083095715
0.003795883156253294
0.010659311546594566
0.00848271320413054
0.006159641160307055
0.010340487442801246
0.004926347627017491
0.011964832691086441
0.0036576447654011867
0.021983012579237737
0.005477460765835053
0.017942797252868115
0.008110424059104749
0.006387443150391208
0.01267178364110904
0.013734537786289313
0.008649317921401434
0.005574310811489597
0.011358221500340345
0.004479506489226156
0.013992184476681964
0.025232292462965423
0.010380036519764668
0.010491043404147615
0.00563971473528066
0.012391495413160232
0.008326651407454876
0.028116009574087098
0.01443420017240566
0.014011588536060634
0.01666963266954896
0.026465714181990323
0.004692988760455661
0.008555907481255036
0.023578295413836204
0.0187283486689543
0.011885910240743773
0.01835919592591574
0.005299777684574143
0.005397336660364015
0.001667467263063301
0.013691937782728562
0.006544784975190348
0.018769469260546765
0.004810103142991595
0.012298773242661673
0.00543165950967417
0.01005085077503893
0.0167778858361323
0.009731005323150634
0.009238268347555105
0.004135592706047173
0.009092878422892383
0.021762203208129726
0.009456137847633104
0.007762423808860152
0.008016560464733069
0.009463653660278775
0.00608999349354983
0.009414010510334178
0.005058889150702454
0.0061578030777512975
0.013345984895863213
0.009093347285236216
0.007385093529524567
0.002105893845213855
0.004113280719359105
0.004594101491315335
0.0081406161180597
0.01035867213787164
0.02166242506181075
0.006832840691416054
0.007641391096009241
0.00807143067061477
0.004962703617881884
0.015661744951723573
0.02899956136740027
0.00840377732591646
0.02129061405570348
0.014588437662702597
0.009171483805650927
0.015784902519803017
0.004018891761857115
0.005359787814461027
0.01565608372182752
0.008261147518791558
0.006405409775168099
0.008948842294800469
0.012348823217869058
0.010703349189213797
0.00538974493055652
0.006617853830685235
0.015210169922826372
0.008894831076070331
0.02403440789387174
0.014628990449423427
0.022408731083080717
0.008180216088426354
0.00887464885543797
0.008932692532260502
0.02151300208360168
0.016580173784469
0.01959455038081985
0.020266695773081995
0.01887537200595355
0.006118852891630569
0.008279199786422543
0.009566763712575067
0.007053316672021157
0.006753489563407549
0.006451377584968362
0.00875312472151846
0.006845482380132189
0.018935956660530093
0.014408671563220447
0.005767598399509131
0.008024421889775936
0.0010443224115152935
0.012271762734456489
0.01786696635656247
0.008023317304152247
0.006410296138626358
0.004160352842364053
0.008507053501471141
0.007113147405033772
0.00991211673940029
0.011469920931274642
0.009496283194169845
0.03563668165005252
0.01149397930492413
0.0063624661508240605
0.0037318661241749957
0.00602475405978065
0.010539723154358473
0.028416922025172094
0.007186527813941103
0.02694459971819753
0.009801841767966989
0.01239691784254245
0.004795688237029895
0.012721084986837005
0.00972426403753911
0.007755950674483936
0.027969170360469423
0.010028222842769444
0.00766441794865075
0.013402711389636713
0.015376388467983462
0.006882049421489594
0.0075439476037690275
0.011142767543953064
0.016481997664569915
0.005910848807120117
0.013029465203953441
0.004709813052188051
0.00831193678979796
0.01235398250977788
0.01248377696960602
0.015162185953604787
0.007701650302006383
0.019291355418367705
0.008876696013598324
0.006937357888018752
0.004756546549521765
0.009488898146583099
0.0046582826888094805
0.007795280448221688
0.012829385770788512
0.019444353581926345
0.006921130298049596
0.008036496519276588
0.008036496519276588
0.011510520978384528
0.005301117962664486
0.02013067806552794
0.007513623172666781
0.005305060059874398
0.015115286688297045
0.006396444395711183
0.011532999748475303
0.01103266000731294
0.004791601424386234
0.010260016049289599
0.008882416266343646
0.004536987663650045
0.007618724393993653
0.011330642911427716
0.017505676719862237
0.01791206316603332
0.006208130707430307
0.006630907847359283
0.008855932700228178
0.0048378224270900876
0.018244687246750196
0.012164257327498002
0.013170881426044867
0.006149972080605
0.009919954874421452
0.014399130887601563
0.006962641292830929
0.006174805568022237
0.006074441147873398
0.007261207532796823
0.005276561939743254
0.02401184724664861
0.00451792810919897
0.0027293635376110844
0.005319356978407541
0.016759323263410977
0.002210512179868644
0.012182959056527802
0.004836538443448395
0.02399048247887742
0.006455706880818228
0.006256864783204633
0.003836132337371125
0.007933774405230836
0.010060152009834464
0.00990524907963895
0.011668310645128497
0.008442231887259347
0.00879616743588633
0.00555978799171743
0.019865970552451304
0.0067983393655785375
0.01445254959086768
0.00644263643415273
0.0037751952451128266
0.011517746047627266
0.013244906040857209
0.005278907215331843
0.00692763182718121
0.005723296682051678
0.006345536768669152
0.010941953416079493
0.003206815378496464
0.003225793315417506
0.014320096099790774
0.03358738591612643
0.00923718100752
0.011736952748993064
0.0007857776521429498
0.0007857776521429498
0.00986853781493703
0.008331181304999673
0.010327928376007215
0.004649739493728994
0.018265624569448868
0.013376071007211573
0.005238554617436489
0.0069745477308344
0.012083266454621207
0.003931681070300486
0.005590822502627823
0.004737208174091729
0.0014024244285051753
0.003013253597143622
0.00483036421557991
0.0012596570033591129
0.00115038773174329
0.0011519814729638773
0
0.013770296325950209
0.01549675996987576
0.02319260103216827
0.015501030619675555
0.011009153560867393
0.02330918935811189
0.02680049492462184
0.009684002535954387
0.014810189899948294
0.020207352316123802
0.008934452176907939
0.012140431432915297
0.00898287617029493
0.016836529727245447
0.013421853057092434
0.007029855573931401
0.008341277316271004
0.006514928311100136
0.011501026225401497
0.0031378658991685674
0.0035764395091040526
0.010653170760259253
0.010649952718605676
0.015643644746972805
0.008101229512255814
0.006545299046510793
0.015643320857185564
0.015258415615261535
0.015536428886039863
0.008589069362804546
0.005887791405877235
0.016428222840410962
0.005866994106904079
0.009418962487985348
0.010025912376601939
0.012903541951370936
0.006503059013529134
0.007022585064498721
0.012290736164616503
0.004664090272896107
0.01569818831020465
0.01163424922931558
0.006002772793333106
0.02293233864173732
0.007208078701700715
0.003565921382331278
0.0051464638748355985
0.008274517181784591
0.00651605358008402
0.003880003565711238
0.005534867034523941
0.005453379583777592
0.005117710202181714
0.0036827017158547254
0.005450568701176533
0.0037606579169135322
0.006955565124424811
0.03322930919689692
0.0145631126921643
0.0059888216829572585
0.01430593306015222
0.009230742522725148
0.009328180691974546
0.015870561741116413
0.015728761835939107
0.010721484946832152
0.004834317407990911
0.012594036301085914
0.005944840102074945
0.01548625698292723
0.0068859436781436535
0.02285176438832426
0.019244094395270656
0.014833411896667158
0.010758722657596849
0.006044925014850548
0.007058133880699466
0.0068787441060434934
0.010059215395841401
0.019941986054718332
0.05093453508464862
0.015083772990218399
0.008691201978830167
0.007164142946635653
0.006925683630561841
0.004903478833102019
0.019480490820843462
0.005647648493001627
0.00912070304252903
0.01096348708559051
0.00469850441837823
0.011318723413196969
0.004660696079352439
0.008192879142291895
0.006105324201397754
0.019495803889051817
0.003782624111643032
0.010882879242857647
0.011699540708807745
0.006785312869190773
0.006521418388335081
0.005126726754230094
0.019265930744553073
0.010168712070007607
0.010568791181506046
0.006987690634157964
0.004987817696444674
0.003530864855176615
0.016967665584325806
0.01733406291419139
0.00472277798238675
0.01653212586603247
0.01653212586603247
0.01653212586603247
0.01653212586603247
0.01653212586603247
0.01653212586603247
0.01653212586603247
0.01653212586603247
0.01653212586603247
0.01653212586603247
0.01653212586603247
0.012341257095761157
0.005828685254885026
0.008264750890140879
0.004891959035293668
0.0041476664352012
0.007531788289857616
0.00418300215888293
0.004950580851111253
0.00966600517947425
0.007018438326130608
0.0038435754614799156
0.013096882584735273
0.011043370047902101
0.007314405209633224
0.007670462290633411
0.01706373606041563
0.0032778551242816302
0.004206828924006125
0.004984880786938391
0.0032072805096378383
0.009708603580898496
0.00587217942926592
0.00713544062137047
0.011151523027977853
0.009102888146672778
0.005935814044285256
0.010051885773684979
0.007596754712769915
0.0030398576595010492
0.024191540981873486
0.009311151559250174
0.003306783863928537
0.00573536028296787
0.0057223868363063144
0.010763135099224233
0.00578531528474271
0.013246590139911222
0.005885802395377645
0.005846319087622526
0.004758921773898763
0.006695253519757826
0.012159656742005613
0.005580365186618673
0.003850220066863549
0.011412816545353277
0.003457158073299435
0.004289301992431175
0.01786707983290188
0.014684872897148368
0.020147178514350557
0.009444480297688775
0.009443270442341256
0.013359352793372472
0.007879679762993636
0.00835123879100341
0.007621637623837764
0.021446708278539426
0.005301189084941146
0.00918416135149341
0.02374562110185231
0.012689979920880121
0.00604504288966263
0.008747543300663144
0.0174438271222045
0.018828401152815134
0.00598427059579592
0.009983213022803061
0.014375280657389663
0.012849643931111626
0.022760828624776828
0.018408859257707487
0.013680873232009364
0.010778724063057807
0.007738736895526528
0.006549399415657724
0.013230744151816838
0.011849497406778332
0.003782113947542006
0.008545937164298158
0.006763567132493395
0.01702190665620269
0.018790642265338338
0.021005229381576344
0.01825267734083061
0.018395607843282164
0.0028294865987930377
0.007399758843728634
0.006226204148051138
0.004898527041856276
0.013939580748658755
0.011350311321322512
0.012453152091891675
0.040589291627838135
0.009028951013178674
0.005529946091760607
0.021183582079121178
0.02529207734356238
0.009213009839559309
0.011957301150844715
0.017355799923935003
0.005397880905899478
0.0037443521981637452
0.004038192463252091
0.010983063808081226
0.009060754620401212
0.009102994099277268
0.005480139370144358
0.005800179305164511
0.014617195888566678
0.015417199606172874
0.013752633100578547
0.010331848930939365
0.009560514360613951
0.007819165000476134
0.006816638854186782
0.011275838461587395
0.008865621254288589
0.009585225880871157
0.007333609776735722
0.005479923619402425
0.007321175585687709
0.008672440417432103
0.006069705985754316
0.024096817417122145
0.006522222972289568
0.0031170457075485793
0.016312711774796658
0.009394339234135135
0.013968670248802936
0.015154214028132459
0.0047309380950020605
0.005047280347106044
0.0036497856729245767
0.006613803143005392
0.010779662303534356
0.01013712850026769
0.0042833859568062954
0.0031397228013851407
0.014603329935731149
0.013095727612843317
0.009285877972201704
0.014671623073916033
0.007311937674924409
0.008821889582437405
0.01493041859945561
0.009287030123893576
0.011214366323477531
0.008831936803846713
0.009790988456230625
0.011526295966586341
0.02373972274081691
0.013543174444489063
0.014328729742220738
0.01392582849745996
0.02087120848128592
0.006754378218322251
0.006195214263314518
0.0066066374519262745
0.0066538782835256546
0.005160346076093978
0.004265011508797619
0.004724000393684141
0.0043114899521130845
0.006796870590742556
0.0031669364933837887
0.0053509050989892885
0.009648425737783663
0.006943536988402739
0.0406100479037919
0.02074678840481344
0.02079635749062138
0.004316720635535845
0.022056310787849143
0.012535132580115429
0.006838715390087969
0.012923900417188243
0.004226783063169749
0.008777930241546559
0.008330887128031528
0.01248760648794499
0.0045387252213201605
0.009028623543536469
0.01095473232246024
0.023869650851564544
0.01068469187061849
0.010546279525604205
0.010179627462222314
0.005536792518889775
0.007769157523190922
0.00905330875986891
0.0070411247650781555
0.007355142911416819
0.01734972158040236
0.007345420335785665
0.009239551115624042
0.013671469520659623
0.010597897624319595
0.023068909961444367
0.004915887782872029
0.003455729862565751
0.0035193452157163923
0.015126551121708425
0.012225222802507133
0.009837832732038271
0.003913436274305804
0.0038692251544540112
0.013806092784754446
0.006091181154022319
0.008760552361264645
0.00960090494333025
0.00960090494333025
0.004475519572476784
0.014332086504799639
0.006513603614541146
0.009325455183323719
0.016619577815777383
0.006904845833401916
0.015070255751136668
0.015193348860442534
0.001975560109841984
0.007621591081662708
0.0072951095526230655
0.011665723956758653
0.01236961624129554
0.01139176986811039
0.004190350215456788
0.0055831203651059156
0.00975414521263381
0.008251892036959751
0.0044499837907239805
0.006603036881024107
0.0041161811541621865
0.03400760903292817
0.02321188606005107
0.008541845167669817
0.010098923274231526
0.008070720992135424
0.013979154825493011
0.010677784573165773
0.008311890114683952
0.005667364032017326
0.0056541187074128745
0.0056378255354443815
0.0070012755085709115
0.006367261669014459
0.011281402118613516
0.00750524989255417
0.015997716234342
0.006313292654775453
0.006481574977801313
0.004212002550387643
0.020194207044645373
0.0038196093968122036
0.020644824511630595
0.006637745710568817
0.012152127916048399
0.009953003043860388
0.007325526232705784
0.010833163619585664
0.010004456028749352
0.009155821076926973
0.02298535027686136
0.016550404433927822
0.00736575651924142
0.01738850960359672
0.014305622908270334
0.021284800313547275
0.022571511506052962
0.009562375065399148
0.010216355289585675
0.011007329006950933
0.008079192251057842
0.00962877994490284
0.017487075321266705
0.010168941506772633
0.015092118146626756
0.014225930432104406
0.05169978723706873
0.011297417942417665
0.004320468977010508
0.00880262085660443
0.013198209618291818
0.015459370020941063
0.006483040608895931
0.0037424703184756472
0.027771204312341344
0.014182371452808155
0.008298999659685192
0.018141759022070603
0.017903108830419352
0.03420552958754859
0.006419913200437301
0.0059886122251201655
0.01893991265602937
0.01166158494950948
0.015073161258775366
0.008522910719404675
0.006406523922704793
0.007447111639027488
0.006341136191131991
0.00617533547792878
0.008712369905026374
0.007496864165501285
0.007617862520961361
0.008102862551406596
0.011570191656988272
0.00996286499088588
0.013682056933111822
0.015586246357894577
0.016507814868693974
0.016946547130805834
0.006275453357838658
0.0053320845362288885
0.015521397340354825
0.010077460474452418
0.024477948388473638
0.022259746646789327
0.012252167581375182
0.0077366529868155235
0.0045837222746145925
0.010671645339478692
0.02409801591853927
0.010027053416354653
0.003707778898592764
0.003707778898592764
0.00793791134392032
0.00712167925105178
0.008676098668767089
0.012157984020804707
0.0027111081986625858
0.008035089802877987
0.01104494950411941
0.011455573234740092
0.011319732507223602
0.010510709640391198
0.0065014489210073936
0.010027053416354653
0.0466141478845221
0.008755179353206693
0.007633619145940306
0.01066033047101274
0.032281825355784916
0.017907349999628352
0.008015017203192564
0.004578801742992307
0.006392729291067805
0.00740862618202772
0.006412631981902607
0.012900719770221737
0.013510034056633242
0.009192843910605255
0.008470271550132297
0.00941756812090634
0.006875413198143132
0.006237997114031907
0.0057744127676846845
0.00570056577699827
0.007113585132746655
0.0077490782396248325
0.012315609842847646
0.01953978333072609
0.00703285314167077
0.004367837406230584
0.005813410640723269
0.0037837918077403003
0.0028556977264551134
0.00475190071844173
0.009439591918839663
0.007199971441178417
0.00207877977752799
0.012040293311150307
0.013042701882327706
0.025834267957072148
0.010755190121827367
0.004911850654716059
0.01558340864605014
0.014720285278504986
0.018790321126528554
0.017533254406622605
0.007268708471824431
0.006274876926210802
0.016046920909285955
0.05026809918398617
0.00663450795619605
0.005165990158638983
0.006670151066306412
0.008634921737444446
0.005614550132801068
0.015690238817444024
0.010720066676570043
0.014133700389629248
0.009639764614041627
0.026312931096343195
0.007048658567139772
0.006220183134689589
0.008292139782672578
0.005001973609076546
0.00722569026423205
0.017462129979894648
0.006526003375416144
0.015897219641057996
0.01720295533697873
0.016191262069607786
0.019176942779988295
0.006272385282535454
0.02307547246270424
0.009382482384317487
0.005217629790750921
0.019871935766148128
0.007576705430441609
0.010726364621688404
0.007130359504167041
0.007241127727859354
0.011176738433249065
0.006024666340596852
0.007871150283227423
0.01158251899236306
0.01158251899236306
0.012687630141696797
0.007710852640211794
0.007855490558657361
0.008139171037791663
0.025440200747051216
0.018054496686073805
0.015090248513558094
0.020738831391555367
0.008199029639370256
0.010820033867339911
0.009496214090227323
0.009492603842398863
0.01688723610437467
0.0065880569753131
0.006044800207247933
0.003202710471576466
0.0028359122422530023
0.007614439927259385
0.022262762656293126
0.005951109046092455
0.007865605203463152
0.007864152450869147
0.010378437172228482
0.01944141997675306
0.008356901418428667
0.011725376092414771
0.022009531170884163
0.012377903809194587
0.01127603948044601
0.015665529350746943
0.010065674009352307
0.0052548194767264595
0.012541091704888293
0.006271134342168904
0.002989768475060963
0.011123021937205
0.015406020366545564
0.009051219589249091
0.00571173306408301
0.005709732318515786
0.007963631894593185
0.011346268121385929
0.011043876263471256
0.005852056575347174
0.007680469707396451
0.00602578753133391
0.01623653420597869
0.009315133483449948
0.007203963467345759
0.011235544946262502
0.004987730750147018
0.0270552614556555
0.011959195644505953
0.003998465359124509
0.0029511075615259886
0.011578207486306894
0.01852676244878592
0.01599265579872204
0.02251477560338947
0.021173234251965416
0.016456086074006813
0.009662537173911651
0.009300616011244819
0.01613914272471718
0.007632322638687201
0.020721813371271394
0.02883172024710391
0.004966329968032887
0.015576674773168249
0.00456554572624308
0.019674660843387207
0.005940496829517359
0.03699954255561307
0.009139339881028156
0.01531804964553421
0.010561506105334009
0.0081216523025025
0.01098278838242899
0.006050759030070939
0.011920812138414425
0.0013171422400714012
0.00563871266348537
0.00563871266348537
0.00563871266348537
0.009765389176371523
0.0019354462889010025
0.0021536191228051483
0.0021536191228051483
0.004146797296497712
0.014954189311548103
0.006533771684454633
0.008588988549203721
0.00974256693771554
0.012229329794227733
0.019589062828349383
0.015005978317340785
0.004303272426937817
0.009022972458218877
0.009313945794627469
0.005477575236052031
0.011362529640974084
0.021391357730729907
0.009791188813908032
0.006863700624783945
0.00920546635168823
0.004252987523360599
0.006807780611459516
0.007803954478651388
0.012529142969751146
0.010271395868704574
0.002240470655252615
0.011377745154629079
0.010537711059033979
0.013652234400761269
0.012104651025012058
0.012103707076391515
0.002261906433490311
0.0034553892108079203
0.042632377504435645
0.021043479749203647
0.026358653893205308
0.01164515804579319
0.005686144493139168
0.017516207317125474
0.008202590608845607
0.016989398347469917
0.01611095379904193
0.012807036610161292
0.013274643548502314
0.020224906495598338
0.01813432302881648
0.014590922196899064
0.005576030433113193
0.005695596081403939
0.00687417779727239
0.00513609629827751
0.008664307940783229
0.011129543409752111
0.008665426593618302
0.008606412085145522
0.013246760840548585
0.0023680741723674783
0.0058581581013044635
0.003529075036356128
0.01142819317278884
0.018813866164666675
0.0094418165382626
0.004329839476944141
0.012316486764551831
0.006671260203078292
0.01542091212508413
0.010169321922805334
0.012537504084189957
0.01346953668499007
0.009839552951144727
0.009852858353892529
0.009852626125450459
0.018401246861863726
0.0013801992439859028
0.005475385300653333
0.008027243965702223
0.004864908173980402
0.004105417342317815
0.003948124242180144
0.022207257695087513
0.007367316614478155
0.014144588129027039
0.024836615474731566
0.010867563759800823
0.03033158121795223
0.013897184902398349
0.007653222226298671
0.015470764426619632
0.01835507617805243
0.009520480967472626
0.0038889453296089686
0.0023880424235893255
0.004353178375999761
0.0027012472099799717
0.00822573290815935
0.004832888148893787
0.003031761985948639
0.00565642778399831
0.006124262365710914
0.0026998737749238514
0.016621946588107426
0.005640079423225991
0.004279617351594781
0.006114737338508381
0.005110314192980352
0.0022893846153035015
0.01141181689093945
0.014545323766973511
0.008584497350595348
0.0033826815964225045
0.01353224234199993
0.007334487755864876
0.03062774269736729
0.006628738757454831
0.014443241956219386
0.01538694033535269
0.009418535833040838
0.0007857776521429498
0.010447432733591593
0.0007857776521429498
0.008429555226293866
0.012526055112387493
0.011335604254865541
0.0007857776521429498
0.008219676599042956
0.006404454473235143
0.0102809774580075
0.013216441674794735
0.014028312275530863
0.007165807722351969
0.009088175405489436
0.007047770387604017
0.00906125833899703
0.006554504025474795
0.013644613022132468
0.00788169711870431
0.00289821304914228
0.008518915088383486
0.0063352095680112045
0.006304854732897072
0.0033419330168610946
0.002689132629868403
0.0017019798782272695
0.0012441850102699304
0.009282078756745332
0.0017884826094377122
0.004464156191564713
0.003954565736512933
0.0039442800072877
0.007848877252387107
0.00742709901983742
0.013994067595215452
0.007603376080699215
0.00910656192346608
0.006850252373673113
0.010540814564145363
0.004740966961734633
0.012819812439492222
0.019112077444503425
0.013446511227597343
0.011961102239928394
0.015290415080432114
0.008598451380768193
0.01569202111271054
0.0051644711241055075
0.013769921042254642
0.007865855928180135
0.010137900234556277
0.0028202457449438743
0.009987509357497874
0.006268691396097463
0.013776732580661262
0.019638696872075867
0.019289835507038354
0.01741737090623397
0.018992749206771926
0.009735385417497685
0.01191450214449762
0.0031571453483591103
0.002843419142905785
0.01386081810630187
0.0032226419422577922