0 0.00019243773886705868
1 0.0001309668193588762
2 0.00017273030805218352
3 0.00037969048392546374
4 0.00035233775638020634
5 0.0002365665368606119
6 0.0002400196965770493
7 0.000233207996263883
8 0.00028224872431895635
9 0.00013633301269468968
10 0.007974933375105518
11 0.0008185038060016722
12 0.0005129759100776286
13 0.000025983098867619697
14 0.00025254616640991854
15 0.0002564879550388143
16 0.00007545831652538253
17 0.0003773891517081107
18 0.00047449886069093585
19 0.00013212323419503196
20 0.0002464916487181342
21 0.0001430533573344265
22 0.0002683471778299544
23 0.00045603737918465233
24 0.0011370335888235062
25 0.0012691729613983254
26 0.00012343399523364164
27 0.0006750229973356363
28 0.00025332444879269114
29 0.0013324998579436836
30 0.0019964386021102793
31 0.000873114324417637
32 0.0005188152611795682
33 0.00011331060825040136
34 0.00013031629576506
35 0.0003887745697496512
36 0.00016592772540399069
37 0.0004195196388193289
38 0.000008702469372146433
39 0.000018535113825219447
40 0.00000900625889003274
41 0.000014853122149744404
42 0.00015433140917806565
43 0.000008243075158511493
44 0.00013635553537529827
45 0.00012982121229608657
46 0.00022928849663361327
47 0.00031598895731525394
48 0.00013154366307515625
49 0.000041620673939093223
50 0.0007881489921597373
51 0.00004686777384075253
52 0.00028994739050714656
53 0.000873114324417637
54 0.0007881489921597373
55 0.00009700475713476236
56 0.00006477729821638932
57 0.0001250684069607151
58 0.0005491700750215032
59 0.00020079305284486732
60 0.0002572917550567303
61 0.00035285287846540845
62 0.000873114324417637
63 0.0000018927659338536198
64 0.00018731984297588175
65 0.00003546283794272714
66 0.00009314029848720488
67 0.00012611353927194057
68 0.0002914849877710017
69 0.00047449886069093585
70 0.0007046755127604127
71 0.00012561808978093188