9 0.00010224975952101728
13 0.000006495774716904924
17 0.0013208620309783875
18 0.00023724943034546792
19 0.0007927394051701919
23 0.00022801868959232616
26 0.00012343399523364164
33 0.00022662121650080273
34 0.00008687753051003999
36 0.00004148193135099767
38 0.000011603292496195242
39 0.000013901335368914586
40 0.000015010431483387899
41 0.000014853122149744404
43 0.000008243075158511493
51 0.00009373554768150506
63 0.000007571063735414479
65 0.00005319425691409072
67 0.00008407569284796038
71 0.00012561808978093188
89 0.00019011459890734794
107 0.0002049311356991152
123 0.000188234616351904
124 0.00009942778247685315
144 0.0003382847440033342
160 0.0003604749885585761
177 0.00015160120460271228
180 0.00005682431219851005
196 0.0003351616683040378
249 0.0011593189795465655
259 0.002589153425475395
267 0.0002783569986123394
273 0.000549621148441263
324 0.0007507780456123224
360 0.0007735666654177591
391 0.0013870153556247917
392 0.0002969338431976791
449 0.0008609827766498793
554 0.0003985861298959538
555 0.0004915108718269986
613 0.0005194705449015992
641 0.004329404288413864
708 0.0007191007395373025
741 0.0007046755127604127
772 0.0002597352724507996
815 0.0009474798040151018
841 0.0004338499289216686
851 0.0002455711563669373
1029 0.00047449886069093585
1373 0.003807518884194976
1417 0.0003911548205288988
1450 0.00032568748957397626
1528 0.0013119092659143181
1586 0.0003775208863403447
1603 0.00040116683707882124
2003 0.0007031836599018376
3001 0.0005908656000986806
3092 0.0004338499289216686
3189 0.0005908656000986806
3660 0.0006534821266696528
4155 0.0006534821266696528
4201 0.0009382274558947666
4940 0.007841785520035834
5165 0.0012075611868749357
5213 0.0006534821266696528
5337 0.0006758309323565803
7333 0.000873114324417637
7334 0.000873114324417637
7335 0.000873114324417637
7336 0.000873114324417637
7337 0.000873114324417637
7338 0.000873114324417637
7339 0.000873114324417637
7340 0.000873114324417637