9 0.00006816650634734484
13 0.000019487324150714776
22 0.0002683471778299544
26 0.00012343399523364164
38 0.000005801646248097621
39 0.000037070227650438894
40 0.000012008345186710319
41 0.000007426561074872202
42 0.000051443803059355216
43 0.000008243075158511493
44 0.00020453330306294742
46 0.0000917153986534453
47 0.00009028255923292969
51 0.00009373554768150506
55 0.00009700475713476236
63 0.0000037855318677072396
65 0.00005319425691409072
67 0.00033630277139184154
69 0.0009489977213818717
71 0.0008793266284665233
84 0.0002130879622223576
107 0.003483829306884959
132 0.0003985861298959538
144 0.0006765694880066684
160 0.00018023749427928805
177 0.00015160120460271228
180 0.00005682431219851005
196 0.003016455014736341
255 0.00017273030805218352
306 0.0034439311065995173
401 0.0007244029227535399
550 0.00025332444879269114
671 0.0002597352724507996
768 0.0009884344705174716
810 0.00043730308863810597
814 0.0007031836599018376
851 0.00008185705212231243
866 0.004272224195725297
879 0.0002958245228348551
1210 0.001117410468530901
1382 0.0014063673198036752
1622 0.011623267484773372
3201 0.0005411640668664958
7341 0.000873114324417637
7342 0.006984914595341096
7343 0.000873114324417637