13 0.000019487324150714776
17 0.00018869457585405535
33 0.00011331060825040136
36 0.00012444579405299303
37 0.00020975981940966445
38 0.000005801646248097621
39 0.000009267556912609724
40 0.0000030020862966775796
41 0.000011139841612308305
42 0.000051443803059355216
43 0.000008243075158511493
44 0.00020453330306294742
46 0.00013757309798016797
47 0.00013542383884939454
49 0.000041620673939093223
56 0.00006477729821638932
63 0.00000567829780156086
65 0.00005319425691409072
67 0.00004203784642398019
71 0.00012561808978093188
76 0.0005343370614367644
123 0.000188234616351904
124 0.00009942778247685315
159 0.0003553673428358886
160 0.00018023749427928805
171 0.0001368611790876869
180 0.00005682431219851005
183 0.00083251612704961
277 0.00029895135340986733
279 0.00022929556638299245
401 0.000543302192065155
445 0.0023123617256302197
850 0.0003960586369806884
851 0.00008185705212231243
863 0.0025844507919809264
902 0.0003753890228061612
1001 0.00030739717354226806
1057 0.0004338499289216686
1301 0.003459520646811151
1781 0.000846746172956869
2082 0.007849147714687083
2366 0.002507448829537711
4307 0.002345568639736917
7344 0.000873114324417637