13 0.000019487324150714776
16 0.00007545831652538253
29 0.00026649997158873667
34 0.00008687753051003999
36 0.00016592772540399069
38 0.000005801646248097621
39 0.000004633778456304862
40 0.0000030020862966775796
41 0.000003713280537436101
43 0.00001236461273776724
44 0.00020453330306294742
46 0.00013757309798016797
47 0.00013542383884939454
49 0.000041620673939093223
63 0.00000567829780156086
65 0.00003546283794272714
84 0.0004261759244447152
171 0.0002737223581753738
177 0.00015160120460271228
196 0.0003351616683040378
245 0.000181970089392662
255 0.00017273030805218352
277 0.0008968540602296021
377 0.0003188377153162591
392 0.0014846692159883957
493 0.00023454039050719067
551 0.0002832412727662006
594 0.0003438806748054391
608 0.0010316420244163174
689 0.00043049138832493966
717 0.000787164416075248
780 0.002642646204382413
851 0.00008185705212231243
858 0.0017202880513944954
1029 0.0011862471517273398
1037 0.0002709256892452844
1396 0.00036920725599727517
1450 0.00260549991659181
1499 0.001180746624112872
1713 0.0004120699366150429
1788 0.0008241398732300858
4265 0.000618218327643938
5153 0.0005685167944117531
5423 0.0006534821266696528