2 0.0013818424644174681
9 0.00010224975952101728
13 0.000025983098867619697
16 0.00007545831652538253
17 0.0018869457585405536
23 0.00045603737918465233
28 0.00025332444879269114
33 0.00033993182475120415
34 0.00008687753051003999
36 0.00008296386270199534
38 0.000008702469372146433
39 0.000013901335368914586
40 0.00000900625889003274
41 0.000014853122149744404
42 0.000051443803059355216
43 0.000008243075158511493
44 0.00020453330306294742
46 0.00013757309798016797
47 0.00013542383884939454
49 0.00008324134787818645
56 0.00019433189464916796
57 0.0002501368139214302
63 0.00000567829780156086
65 0.00005319425691409072
146 0.000264773477364449
160 0.00018023749427928805
180 0.0001136486243970201
249 0.00038643965984885517
253 0.0002472323099654942
255 0.00034546061610436703
259 0.0005178306850950789
277 0.00009965045113662244
287 0.00025810086072372616
293 0.0022997680577054873
307 0.00045100831818119485
309 0.0003003233420124021
310 0.0008113348885379729
348 0.003417779356580237
375 0.0007767460276426184
379 0.0006877613496108782
401 0.0023543094989490047
412 0.0005745876846010181
416 0.00031109330472278875
445 0.00023123617256302196
449 0.0008609827766498793
470 0.00037969048392546374
494 0.00039064417040638865
669 0.0003776815749571676
682 0.0015015560912246448
741 0.0007046755127604127
851 0.000040928526061156217
1029 0.00047449886069093585
1037 0.0002709256892452844
1066 0.000848076737550732
1075 0.0006037805934374678
1205 0.008884210729788278
1322 0.0014212197060226527
1396 0.0007384145119945503
1478 0.000499919615209078
1497 0.0006534821266696528
1591 0.0004691137279473833
1603 0.0008023336741576425
1612 0.0006345864806991627
1814 0.0006345864806991627
2015 0.000499919615209078
2899 0.0006534821266696528
4307 0.0009382274558947666
5485 0.0023644469764792122
6083 0.0023644469764792122
7345 0.001746228648835274
7346 0.000873114324417637
7347 0.0007881489921597373
7348 0.000873114324417637
7349 0.000873114324417637
7350 0.000873114324417637
7351 0.000873114324417637
7352 0.000873114324417637
7353 0.000873114324417637
7354 0.000873114324417637
7355 0.000873114324417637
7356 0.002619342973252911
7357 0.000873114324417637
7358 0.000873114324417637
7359 0.001746228648835274
7360 0.000873114324417637
7361 0.000873114324417637