13 0.000019487324150714776
16 0.00015091663305076506
17 0.00018869457585405535
34 0.000043438765255019996
36 0.00012444579405299303
38 0.000005801646248097621
39 0.000004633778456304862
40 0.0000030020862966775796
41 0.000007426561074872202
43 0.000020607687896278735
44 0.00020453330306294742
46 0.00013757309798016797
47 0.00018056511846585937
49 0.00008324134787818645
63 0.000007571063735414479
65 0.00003546283794272714
66 0.00018628059697440975
76 0.0018701797150286756
113 0.0002226669674373353
144 0.0006765694880066684
159 0.0003553673428358886
160 0.00018023749427928805
177 0.0006064048184108491
183 0.0029138064446736357
185 0.0005312673696979216
255 0.0005181909241565506
288 0.00022801868959232616
289 0.001484933609402786
291 0.0003887745697496512
363 0.00036332233087023905
368 0.00018686500362842702
399 0.0041570738047675086
494 0.00019532208520319432
550 0.00025332444879269114
708 0.00035955036976865123
851 0.00008185705212231243
1028 0.0007082030286839478
1173 0.0008358162765125703
1283 0.0013562921460698654
4180 0.0006345864806991627
4891 0.0007881489921597373
7362 0.0007881489921597373
7363 0.000873114324417637