9 0.00017041626586836213
13 0.000012991549433809848
16 0.00007545831652538253
19 0.00013212323419503196
21 0.000286106714668853
30 0.0008873060453823461
34 0.000043438765255019996
38 0.000005801646248097621
39 0.000009267556912609724
40 0.00000900625889003274
41 0.000011139841612308305
42 0.000051443803059355216
43 0.000020607687896278735
44 0.00020453330306294742
46 0.0001834307973068906
47 0.00018056511846585937
49 0.000041620673939093223
55 0.00029101427140428715
56 0.00006477729821638932
57 0.0001250684069607151
63 0.00000567829780156086
65 0.00003546283794272714
67 0.00004203784642398019
72 0.00035285287846540845
73 0.00019291377466338104
76 0.0002671685307183822
124 0.00009942778247685315
135 0.0005961065889605145
136 0.0008776666622473353
160 0.00018023749427928805
176 0.00033751149866781817
177 0.00030320240920542457
267 0.0002783569986123394
297 0.00034888459666376895
299 0.0004737399020075509
392 0.0005938676863953582
669 0.00012589385831905585
670 0.0003329428059983855
851 0.00008185705212231243
881 0.0006037805934374678
1395 0.0001739500102896398
1450 0.0006513749791479525
1788 0.0004120699366150429
4204 0.00045619873460859607
4205 0.0005188152611795682
7364 0.001746228648835274
7365 0.000873114324417637