9 0.00030674927856305184
13 0.000019487324150714776
16 0.00007545831652538253
21 0.0001430533573344265
22 0.0001341735889149772
27 0.0037126264853460005
34 0.000043438765255019996
36 0.00008296386270199534
38 0.000005801646248097621
39 0.000009267556912609724
40 0.00000900625889003274
41 0.000011139841612308305
43 0.00001236461273776724
44 0.00020453330306294742
46 0.0001834307973068906
47 0.00018056511846585937
49 0.00012486202181727967
55 0.00009700475713476236
56 0.00019433189464916796
57 0.0001250684069607151
63 0.00000567829780156086
65 0.00005319425691409072
67 0.00004203784642398019
73 0.00019291377466338104
76 0.0004007527960775733
100 0.00015297081732618925
113 0.00011133348371866765
124 0.00009942778247685315
144 0.0018605660920183382
150 0.0005343168922353136
171 0.0001368611790876869
177 0.00015160120460271228
180 0.00017047293659553015
245 0.000181970089392662
246 0.00040649720137641123
247 0.0005211214476182807
251 0.00044005650644998804
253 0.0002472323099654942
255 0.00034546061610436703
264 0.00021085919057695548
277 0.00009965045113662244
287 0.00025810086072372616
310 0.0008113348885379729
366 0.00034225708731462997
367 0.0002673724241223067
445 0.00023123617256302196
470 0.00037969048392546374
493 0.00023454039050719067
497 0.0010610645130537009
538 0.0002852508106156339
543 0.0007921172739613768
550 0.00025332444879269114
555 0.0002457554359134993
572 0.00033907303651746636
665 0.002443841899160292
666 0.00032568748957397626
669 0.00012589385831905585
691 0.0003038092374917516
706 0.0006345864806991627
743 0.000499919615209078
812 0.0007031836599018376
851 0.00008185705212231243
879 0.0002958245228348551
1264 0.00046465581618336337
1271 0.0007305054994379872
1395 0.0006958000411585592
1827 0.00041790813825628515
1892 0.0005258216860189834
1949 0.0004691137279473833
2082 0.007849147714687083
3201 0.0005411640668664958
3502 0.00036332233087023905
4307 0.004691137279473834
4669 0.0023644469764792122
5842 0.0006758309323565803
5843 0.0014063673198036752