9 0.00017041626586836213
12 0.0002564879550388143
13 0.000019487324150714776
21 0.0001430533573344265
34 0.00008687753051003999
36 0.00004148193135099767
38 0.000005801646248097621
39 0.000013901335368914586
40 0.00000900625889003274
41 0.000011139841612308305
43 0.000016486150317022987
44 0.00020453330306294742
46 0.00013757309798016797
47 0.00013542383884939454
49 0.00008324134787818645
56 0.00006477729821638932
63 0.00000567829780156086
65 0.00007092567588545428
67 0.00004203784642398019
73 0.00019291377466338104
76 0.0008015055921551466
88 0.00024872719512041187
104 0.0004924153504300117
105 0.0003314569809760339
123 0.000188234616351904
124 0.00009942778247685315
150 0.00035621126149020904
151 0.0006719392066499634
171 0.0001368611790876869
180 0.00005682431219851005
214 0.000273659908111955
226 0.0006147934070973456
251 0.00044005650644998804
261 0.000467744766116719
264 0.00021085919057695548
279 0.0004585911327659849
287 0.00025810086072372616
288 0.0018241495167386093
291 0.0003887745697496512
320 0.0014736257583378206
353 0.0003753890228061612
356 0.00040649720137641123
367 0.0002673724241223067
375 0.00025891534254753946
442 0.0003242865707429365
520 0.00016189608767124534
728 0.000618218327643938
851 0.00008185705212231243
1112 0.0003672140565768559
1141 0.003343265106050281
1283 0.00033907303651746636
1395 0.0001739500102896398
1765 0.006641586527812147
2012 0.0027481057422063153
2013 0.0011817312001973612
2202 0.0018586232647334535
3459 0.012057143133284093
4257 0.0003887745697496512
4307 0.0037529098235790665