9 0.00020449951904203455
13 0.000025983098867619697
21 0.0004291600720032795
22 0.0001341735889149772
26 0.00012343399523364164
30 0.00022182651134558653
34 0.00008687753051003999
36 0.00012444579405299303
38 0.000005801646248097621
39 0.000013901335368914586
40 0.000015010431483387899
41 0.000018566402687180508
42 0.000051443803059355216
43 0.00002472922547553448
44 0.00013635553537529827
45 0.00012982121229608657
46 0.00027514619596033594
47 0.00027084767769878907
49 0.00008324134787818645
51 0.00009373554768150506
55 0.00019400951426952473
56 0.00012955459643277864
57 0.0002501368139214302
63 0.0000037855318677072396
66 0.0003725611939488195
67 0.00008407569284796038
71 0.00012561808978093188
84 0.0002130879622223576
103 0.00045217938883475555
115 0.0004119757166161532
135 0.0005961065889605145
136 0.0005851111081648902
144 0.0005074271160050014
151 0.0003359696033249817
185 0.0002656336848489608
230 0.0002958245228348551
253 0.0002472323099654942
255 0.00017273030805218352
286 0.0003975504898392634
310 0.0016226697770759459
347 0.0002479774737404859
357 0.0003438806748054391
368 0.00018686500362842702
396 0.0007678541784258615
430 0.00022365154352182467
468 0.0006272415952761084
492 0.0072141191945838115
494 0.0013672545964223603
496 0.0002464916487181342
497 0.00017684408550895013
507 0.0005454834171728783
508 0.0013412556542463782
512 0.0009525375700340132
520 0.00016189608767124534
550 0.00025332444879269114
608 0.0013755226992217563
613 0.0002597352724507996
649 0.0003960586369806884
669 0.0002517877166381117
708 0.00035955036976865123
743 0.0014997588456272344
851 0.00008185705212231243
1187 0.00035770704084433884
1224 0.0013448629893844162
1499 0.000393582208037624
1738 0.0006758309323565803
2366 0.00041790813825628515
2932 0.002234820937061802
3414 0.0006534821266696528
3470 0.000499919615209078
4114 0.0006534821266696528
4131 0.0005685167944117531
4204 0.00045619873460859607
4216 0.000999839230418156
4795 0.0006758309323565803
4840 0.0007881489921597373
4869 0.0005587052342654505
6261 0.0006345864806991627
7366 0.000873114324417637
7367 0.000873114324417637