1 0.0002619336387177524
9 0.00010224975952101728
13 0.000006495774716904924
17 0.0028304186378108305
18 0.0011862471517273398
19 0.00066061617097516
23 0.0006840560687769785
33 0.00011331060825040136
34 0.00008687753051003999
36 0.00008296386270199534
38 0.000008702469372146433
39 0.000013901335368914586
40 0.000006004172593355159
41 0.000007426561074872202
43 0.000004121537579255747
45 0.00012982121229608657
46 0.0000917153986534453
49 0.000041620673939093223
51 0.00004686777384075253
52 0.00014497369525357328
60 0.0002572917550567303
63 0.00000567829780156086
65 0.00001773141897136357
66 0.00009314029848720488
67 0.00008407569284796038
76 0.0006679213267959556
100 0.0003059416346523785
104 0.00016413845014333722
124 0.00009942778247685315
125 0.0005365022616985512
144 0.0006765694880066684
154 0.0006629139619520678
159 0.0001776836714179443
162 0.0004149542829511784
180 0.00005682431219851005
183 0.00083251612704961
196 0.0003351616683040378
253 0.0002472323099654942
255 0.00017273030805218352
259 0.0007767460276426184
268 0.00048355146215385347
375 0.0007767460276426184
416 0.00031109330472278875
429 0.0005258216860189834
449 0.00043049138832493966
494 0.0007812883408127773
613 0.0005194705449015992
741 0.00035233775638020634
743 0.000499919615209078
750 0.0003344468624572988
772 0.0002597352724507996
851 0.00008185705212231243
873 0.00037969048392546374
879 0.0002958245228348551
1034 0.0010219641713944834
1260 0.000618218327643938
1264 0.00046465581618336337
1321 0.0003271046043571432
1357 0.0016761157027963517
1388 0.0003753890228061612
1435 0.000618218327643938
1479 0.00038643965984885517
1591 0.0004691137279473833
1603 0.00040116683707882124
1605 0.0005587052342654505
1690 0.0005188152611795682
1878 0.0003841483956894837
2128 0.0013119092659143181
3033 0.0004737399020075509
3315 0.00045217938883475555
3928 0.0007507780456123224
5316 0.0005587052342654505
7368 0.0007881489921597373
7369 0.0015762979843194746
7370 0.0007881489921597373
7371 0.0007384474589275524
7372 0.0007881489921597373
7373 0.0007881489921597373
7374 0.0007881489921597373