9 0.00030674927856305184
13 0.000019487324150714776
28 0.00025332444879269114
36 0.00004148193135099767
38 0.000005801646248097621
39 0.000013901335368914586
40 0.0000030020862966775796
41 0.000007426561074872202
42 0.00010288760611871043
43 0.00001236461273776724
44 0.00020453330306294742
46 0.0003210038952870586
47 0.00031598895731525394
49 0.000041620673939093223
63 0.00000567829780156086
65 0.00001773141897136357
67 0.00004203784642398019
71 0.00012561808978093188
98 0.000505900267840781
104 0.00016413845014333722
107 0.0002049311356991152
124 0.00009942778247685315
125 0.0005365022616985512
180 0.0001136486243970201
193 0.0002936355528176933
214 0.0008209797243358649
251 0.00022002825322499402
277 0.00029895135340986733
286 0.0001987752449196317
288 0.001368112137553957
320 0.0011789006066702562
327 0.0015842345479227535
494 0.00019532208520319432
551 0.0002832412727662006
585 0.0003911548205288988
654 0.0035268508300886695
759 0.0017885352042216944
851 0.00008185705212231243
875 0.0003841483956894837
1026 0.0032469844011989747
1283 0.0013562921460698654
1621 0.0004338499289216686
1653 0.005051219226994577
2027 0.00046465581618336337
2203 0.0009207087101281216
2412 0.0006534821266696528