9 0.00020449951904203455
13 0.000019487324150714776
14 0.00025254616640991854
15 0.0002564879550388143
16 0.00007545831652538253
21 0.0001430533573344265
22 0.0002683471778299544
26 0.0002468679904672833
36 0.00004148193135099767
38 0.000005801646248097621
39 0.000018535113825219447
40 0.00000900625889003274
41 0.000011139841612308305
42 0.00010288760611871043
43 0.000016486150317022987
44 0.00020453330306294742
46 0.0003668615946137812
47 0.00036113023693171874
49 0.000041620673939093223
55 0.00009700475713476236
56 0.00006477729821638932
57 0.0001250684069607151
63 0.000007571063735414479
65 0.00001773141897136357
66 0.00009314029848720488
67 0.00008407569284796038
88 0.0004974543902408237
100 0.0004589124519785678
107 0.0004098622713982304
114 0.0004228251917335939
124 0.0001988555649537063
127 0.0008358162765125703
159 0.0001776836714179443
171 0.0005474447163507476
177 0.00030320240920542457
180 0.00005682431219851005
197 0.0002904236905482616
217 0.006887862213199035
225 0.00042093493558288133
251 0.00044005650644998804
263 0.0002338723830583595
277 0.0005979027068197347
282 0.0003818991754555788
292 0.0011659399510840069
320 0.0005894503033351281
327 0.0015842345479227535
337 0.0007031836599018376
352 0.0005916490456697102
375 0.00025891534254753946
441 0.0010316420244163174
520 0.0006475843506849814
538 0.0014262540530781697
573 0.000330550407711369
590 0.0011016421697305678
666 0.00032568748957397626
669 0.00012589385831905585
683 0.004830244747499743
690 0.0004942172352587358
691 0.0003038092374917516
693 0.00045217938883475555
703 0.0002862680700927968
717 0.000393582208037624
753 0.0002783569986123394
851 0.00008185705212231243
858 0.0002457554359134993
980 0.00036332233087023905
1062 0.0005162017214474523
1087 0.0012075611868749357
1162 0.0009079086694440643
1411 0.0015365632554912878
1741 0.0005908656000986806
1844 0.0047308165264960626
2378 0.0003003233420124021
2922 0.0006534821266696528
3953 0.0007031836599018376
4200 0.0006345864806991627
4922 0.0016761157027963517
5068 0.0007881489921597373
5070 0.0007384474589275524
5071 0.0015762979843194746
7375 0.000873114324417637
7376 0.002619342973252911