9 0.00006816650634734484
11 0.0008185038060016722
12 0.0005129759100776286
13 0.000006495774716904924
21 0.000286106714668853
25 0.0006345864806991627
27 0.00033751149866781817
28 0.00025332444879269114
34 0.00013031629576506
36 0.00004148193135099767
38 0.000005801646248097621
39 0.000009267556912609724
40 0.000006004172593355159
41 0.000007426561074872202
42 0.000051443803059355216
43 0.00001236461273776724
44 0.00020453330306294742
45 0.00012982121229608657
46 0.00022928849663361327
47 0.00022570639808232424
49 0.000041620673939093223
51 0.00009373554768150506
63 0.0000037855318677072396
65 0.00001773141897136357
89 0.00009505729945367397
99 0.0003271046043571432
104 0.0004924153504300117
114 0.00021141259586679695
135 0.0005961065889605145
136 0.0008776666622473353
149 0.0003732936031739842
159 0.0001776836714179443
175 0.0007507780456123224
180 0.00005682431219851005
193 0.0005872711056353866
196 0.0001675808341520189
229 0.0005121877518304292
245 0.000181970089392662
255 0.00017273030805218352
263 0.0002338723830583595
264 0.00021085919057695548
270 0.00035955036976865123
271 0.0005983661268631681
274 0.0023149720262822513
277 0.00009965045113662244
286 0.0001987752449196317
304 0.0005211214476182807
347 0.0002479774737404859
353 0.0003753890228061612
396 0.00038392708921293077
401 0.00036220146137676994
441 0.0003438806748054391
461 0.0003985861298959538
545 0.0007971722597919076
546 0.0008241398732300858
573 0.0001652752038556845
777 0.0020752610447182726
851 0.00008185705212231243
876 0.0003911548205288988
908 0.001095758249156981
1001 0.0006147943470845361
1095 0.0004120699366150429
1134 0.0006534821266696528
1177 0.0005188152611795682
1278 0.0005587052342654505
1290 0.00031109330472278875
1397 0.00028028741746109395
1472 0.00043730308863810597
1753 0.0017492123545524239
1781 0.0005644974486379127
2218 0.00045619873460859607
2336 0.0004691137279473833
2378 0.0003003233420124021
2746 0.0005188152611795682
2760 0.0011817312001973612
3208 0.002384583066587128
4183 0.0007031836599018376
4245 0.0006345864806991627
5610 0.0014768949178551047
6261 0.0006345864806991627
6341 0.0007384474589275524
7377 0.002619342973252911
7378 0.00611180027092346
7379 0.005907579671420419
7380 0.002619342973252911