9 0.00013633301269468968
13 0.00003247887358452463
16 0.00007545831652538253
19 0.00039636970258509594
36 0.00004148193135099767
38 0.000005801646248097621
39 0.000013901335368914586
40 0.00000900625889003274
41 0.000011139841612308305
42 0.00020577521223742086
43 0.000037093838213301725
44 0.00020453330306294742
46 0.0004127192939405039
47 0.00040627151654818366
49 0.000041620673939093223
56 0.00019433189464916796
63 0.00000567829780156086
65 0.00003546283794272714
66 0.00009314029848720488
67 0.00008407569284796038
69 0.00023724943034546792
71 0.00012561808978093188
72 0.0019406908315597465
76 0.0002671685307183822
87 0.0005674688033633956
88 0.00024872719512041187
89 0.00019011459890734794
97 0.00023454039050719067
122 0.0005525125494785239
144 0.0001691423720016671
150 0.0005343168922353136
177 0.0004548036138081369
180 0.0001136486243970201
183 0.0002081290317624025
226 0.0002049311356991152
243 0.000529546954728898
251 0.00022002825322499402
255 0.00017273030805218352
277 0.00009965045113662244
286 0.0003975504898392634
310 0.00016226697770759457
465 0.000618218327643938
494 0.000585966255609583
498 0.0003558910215031841
551 0.0002832412727662006
608 0.0013755226992217563
648 0.0006403547810939524
671 0.0018181469071555975
703 0.0002862680700927968
753 0.0002783569986123394
760 0.000424038368775366
851 0.00008185705212231243
980 0.00036332233087023905
1060 0.0002852508106156339
1070 0.0010623045430259218
1156 0.003631706828256978
1395 0.0001739500102896398
1499 0.000787164416075248
2280 0.0012075611868749357
3470 0.000499919615209078
4192 0.0005258216860189834
7381 0.001746228648835274
7382 0.0007881489921597373