9 0.00010224975952101728
13 0.00005196619773523939
17 0.00018869457585405535
20 0.0004929832974362684
23 0.00045603737918465233
33 0.00011331060825040136
34 0.00017375506102007999
36 0.00016592772540399069
38 0.000005801646248097621
39 0.000013901335368914586
40 0.00000900625889003274
41 0.000011139841612308305
43 0.000016486150317022987
44 0.00013635553537529827
46 0.0004127192939405039
47 0.00036113023693171874
48 0.00013154366307515625
49 0.00012486202181727967
51 0.00004686777384075253
55 0.00019400951426952473
56 0.00019433189464916796
57 0.0002501368139214302
63 0.0000037855318677072396
65 0.00001773141897136357
87 0.0001891562677877985
89 0.00019011459890734794
99 0.0006542092087142864
100 0.000611883269304757
114 0.00021141259586679695
124 0.00009942778247685315
177 0.00015160120460271228
180 0.00005682431219851005
206 0.00044451570202655086
226 0.0004098622713982304
264 0.00042171838115391097
270 0.00035955036976865123
274 0.0017362290197116888
279 0.00022929556638299245
310 0.00016226697770759457
360 0.00019339166635443979
368 0.00018686500362842702
396 0.0007678541784258615
411 0.00044608035070850863
461 0.0003985861298959538
514 0.00043049138832493966
550 0.00025332444879269114
564 0.0004942172352587358
573 0.0001652752038556845
590 0.0003672140565768559
646 0.000742466804701393
669 0.00012589385831905585
670 0.0003329428059983855
678 0.0004603543550640608
682 0.0015015560912246448
788 0.0008299085659023568
810 0.00043730308863810597
851 0.00008185705212231243
868 0.0005418513784905688
995 0.0005791825675166354
1027 0.0005332529953860384
1062 0.0005162017214474523
1070 0.0007082030286839478
1141 0.00041790813825628515
1177 0.0005188152611795682
1290 0.00031109330472278875
1396 0.00036920725599727517
1417 0.0003911548205288988
1503 0.0005332529953860384
1534 0.0006037805934374678
2238 0.0007881489921597373
2632 0.001903759442097488
3352 0.0007881489921597373
3994 0.0006534821266696528
4055 0.0007881489921597373
6376 0.0024151223737498713
7384 0.002619342973252911
7385 0.000873114324417637
7386 0.000873114324417637
7387 0.000873114324417637
7388 0.000873114324417637