9 0.00020449951904203455
13 0.000019487324150714776
16 0.00007545831652538253
19 0.00013212323419503196
21 0.000286106714668853
36 0.00004148193135099767
38 0.000005801646248097621
39 0.000027802670737829172
40 0.000012008345186710319
41 0.000018566402687180508
42 0.000051443803059355216
43 0.00001236461273776724
44 0.00013635553537529827
46 0.0003668615946137812
47 0.0005416953553975781
48 0.00013154366307515625
49 0.000041620673939093223
55 0.00009700475713476236
56 0.00012955459643277864
57 0.0001250684069607151
61 0.0007057057569308169
63 0.000007571063735414479
65 0.00001773141897136357
67 0.00016815138569592077
69 0.00023724943034546792
70 0.00035233775638020634
72 0.003881381663119493
76 0.0006679213267959556
77 0.00046465581618336337
87 0.000756625071151194
89 0.00009505729945367397
113 0.0004453339348746706
123 0.000376469232703808
124 0.00009942778247685315
139 0.00028224872431895635
156 0.0004338499289216686
171 0.0001368611790876869
177 0.00015160120460271228
183 0.0014569032223368179
185 0.0005312673696979216
230 0.0002958245228348551
259 0.00025891534254753946
264 0.00021085919057695548
277 0.0004982522556831122
278 0.0003775208863403447
313 0.0017353997156866743
319 0.00045619873460859607
347 0.0002479774737404859
366 0.00034225708731462997
368 0.00018686500362842702
445 0.00023123617256302196
520 0.00016189608767124534
573 0.0001652752038556845
669 0.00012589385831905585
697 0.0004691137279473833
699 0.0007384474589275524
810 0.00043730308863810597
851 0.00016371410424462487
1031 0.00042093493558288133
1084 0.0007384145119945503
1372 0.0007031836599018376
1376 0.0004942172352587358
1403 0.0013821042242681601
1618 0.00040380304757415875
1725 0.0004408563537610837
1996 0.0005121877518304292
2693 0.000424038368775366
2830 0.0005908656000986806
4280 0.0004338499289216686
5414 0.0006758309323565803
6376 0.0018113417803124036
6624 0.0031525959686389492
6830 0.012553606801768393
6943 0.0031525959686389492
7389 0.000873114324417637
7390 0.006984914595341096
7391 0.000873114324417637
7392 0.000873114324417637
7393 0.000873114324417637