1 0.0001309668193588762
9 0.00020449951904203455
13 0.000045470423018334476
16 0.00007545831652538253
17 0.0015095566068324428
18 0.00047449886069093585
19 0.0005284929367801278
21 0.000286106714668853
22 0.0001341735889149772
23 0.0006840560687769785
34 0.00008687753051003999
36 0.00004148193135099767
37 0.00020975981940966445
38 0.000005801646248097621
39 0.000018535113825219447
40 0.00000900625889003274
41 0.000014853122149744404
43 0.000008243075158511493
44 0.00013635553537529827
46 0.00045857699326722653
47 0.00040627151654818366
48 0.00013154366307515625
49 0.000041620673939093223
55 0.00009700475713476236
56 0.00019433189464916796
57 0.0001250684069607151
63 0.0000037855318677072396
65 0.00003546283794272714
66 0.00027942089546161464
67 0.00008407569284796038
76 0.0002671685307183822
89 0.00019011459890734794
113 0.00011133348371866765
115 0.0006179635749242299
123 0.000188234616351904
146 0.000264773477364449
158 0.00028424192373937554
165 0.00045100831818119485
171 0.0005474447163507476
177 0.0009096072276162738
180 0.00017047293659553015
183 0.000416258063524805
196 0.0005027425024560568
226 0.0002049311356991152
277 0.00019930090227324488
279 0.0004585911327659849
324 0.0003753890228061612
347 0.0002479774737404859
348 0.0004272224195725296
350 0.000999839230418156
360 0.00019339166635443979
412 0.00028729384230050906
413 0.00024142866684252312
573 0.000330550407711369
637 0.0005587052342654505
669 0.00012589385831905585
803 0.0002597352724507996
851 0.00008185705212231243
870 0.00044828766312813873
879 0.0002958245228348551
996 0.0005685167944117531
1048 0.0007384474589275524
1058 0.00044828766312813873
1304 0.0006037805934374678
1321 0.0009813138130714298
1322 0.0009474798040151018
1388 0.0007507780456123224
1400 0.0009474798040151018
1424 0.0005188152611795682
1425 0.00140734118384215
1442 0.0017353997156866743
1446 0.00035955036976865123
1642 0.0006345864806991627
1955 0.0006758309323565803
2512 0.0006534821266696528
2664 0.0007031836599018376
2964 0.0013516618647131605
3058 0.0005908656000986806
3113 0.0006037805934374678
3315 0.0013565381665042668
4702 0.004922285619312864
6675 0.0007881489921597373
6957 0.0007881489921597373
7394 0.000873114324417637
7395 0.000873114324417637
7396 0.000873114324417637
7397 0.000873114324417637
7398 0.001746228648835274
7399 0.000873114324417637
7400 0.000873114324417637
7401 0.004365571622088185
7402 0.000873114324417637
7403 0.000873114324417637
7404 0.000873114324417637
7405 0.000873114324417637
7406 0.000873114324417637
7407 0.000873114324417637
7408 0.000873114324417637
7409 0.000873114324417637
7410 0.000873114324417637
7411 0.000873114324417637
7412 0.000873114324417637
7413 0.000873114324417637