9 0.00017041626586836213
13 0.000006495774716904924
16 0.00007545831652538253
17 0.0024530294861027195
19 0.00013212323419503196
20 0.0002464916487181342
23 0.00045603737918465233
27 0.00033751149866781817
36 0.00008296386270199534
38 0.000008702469372146433
39 0.000013901335368914586
40 0.000012008345186710319
41 0.000014853122149744404
42 0.000051443803059355216
43 0.000004121537579255747
44 0.00013635553537529827
46 0.0003668615946137812
47 0.00031598895731525394
48 0.00013154366307515625
49 0.00008324134787818645
55 0.00009700475713476236
56 0.00019433189464916796
57 0.0001250684069607151
63 0.00000567829780156086
65 0.00001773141897136357
66 0.00018628059697440975
67 0.00004203784642398019
74 0.00030499358548289365
76 0.0008015055921551466
97 0.00023454039050719067
100 0.00015297081732618925
104 0.00016413845014333722
113 0.00011133348371866765
114 0.00021141259586679695
123 0.000376469232703808
124 0.0001988555649537063
139 0.00028224872431895635
146 0.000264773477364449
154 0.0003314569809760339
159 0.0001776836714179443
172 0.0006534821266696528
174 0.0005908656000986806
180 0.00005682431219851005
183 0.0012487741905744152
196 0.0001675808341520189
246 0.00040649720137641123
249 0.0011593189795465655
251 0.00022002825322499402
258 0.0007921172739613768
259 0.0010356613701901578
263 0.0002338723830583595
264 0.00021085919057695548
277 0.00009965045113662244
287 0.00025810086072372616
352 0.0002958245228348551
360 0.00019339166635443979
367 0.0008021172723669201
374 0.000505900267840781
452 0.0002764565099464942
496 0.0004929832974362684
573 0.000330550407711369
613 0.0002597352724507996
671 0.0002597352724507996
698 0.00044451570202655086
699 0.0007384474589275524
741 0.0007046755127604127
746 0.0003672140565768559
750 0.0003344468624572988
772 0.0002597352724507996
779 0.00030263622314802144
803 0.0005194705449015992
832 0.00048355146215385347
873 0.00037969048392546374
1034 0.00034065472379816113
1058 0.00044828766312813873
1104 0.0006758309323565803
1194 0.0006534821266696528
1304 0.0006037805934374678
1321 0.0006542092087142864
1376 0.0004942172352587358
1388 0.0003753890228061612
1478 0.000499919615209078
1579 0.0006758309323565803
1603 0.00040116683707882124
1690 0.0005188152611795682
1753 0.0008746061772762119
1885 0.0007031836599018376
1886 0.0004785475402955236
1908 0.003267410633348264
2128 0.0008746061772762119
2218 0.00045619873460859607
2997 0.0006345864806991627
3315 0.00045217938883475555
3383 0.0007384474589275524
3956 0.0005685167944117531
4166 0.0006758309323565803
4856 0.0006758309323565803
6849 0.0007881489921597373
7414 0.002619342973252911
7415 0.000873114324417637
7416 0.000873114324417637
7417 0.000873114324417637
7418 0.0007881489921597373
7419 0.000873114324417637
7420 0.000873114324417637
7421 0.000873114324417637
7422 0.000873114324417637
7423 0.000873114324417637
7424 0.000873114324417637