1 0.0001309668193588762
2 0.00017273030805218352
9 0.00013633301269468968
13 0.000006495774716904924
19 0.00013212323419503196
34 0.000043438765255019996
36 0.00008296386270199534
38 0.000005801646248097621
39 0.000018535113825219447
40 0.00002101460407674306
41 0.000025992963762052712
42 0.00010288760611871043
43 0.00004121537579255747
44 0.00013635553537529827
46 0.0003668615946137812
47 0.0004965540757811133
48 0.00013154366307515625
49 0.000041620673939093223
51 0.00004686777384075253
52 0.00014497369525357328
56 0.00019433189464916796
63 0.0000094638296692681
65 0.00003546283794272714
67 0.00012611353927194057
69 0.00023724943034546792
72 0.002999249466955972
73 0.00019291377466338104
76 0.00120225838823272
87 0.0011349376067267911
97 0.00023454039050719067
113 0.00011133348371866765
144 0.0003382847440033342
158 0.00028424192373937554
174 0.0005908656000986806
180 0.0001136486243970201
183 0.005619483857584868
185 0.0005312673696979216
210 0.0003201773905469762
226 0.0004098622713982304
230 0.0002958245228348551
246 0.00040649720137641123
259 0.00025891534254753946
261 0.0011693619152917975
264 0.00021085919057695548
277 0.00009965045113662244
368 0.00037373000725685404
401 0.00018110073068838497
431 0.00037969048392546374
520 0.00016189608767124534
540 0.0013887752966171567
555 0.0004915108718269986
573 0.000330550407711369
608 0.0017194033740271957
697 0.0004691137279473833
703 0.0002862680700927968
717 0.000393582208037624
746 0.0003672140565768559
753 0.0002783569986123394
803 0.0002597352724507996
850 0.0015842345479227535
851 0.000040928526061156217
1031 0.00042093493558288133
1060 0.0002852508106156339
1062 0.00025810086072372616
1321 0.0013084184174285728
1395 0.0005218500308689194
1403 0.00034552605606704003
1499 0.000393582208037624
1511 0.0004408563537610837
1781 0.00028224872431895635
1847 0.0006345864806991627
1966 0.0005258216860189834
2534 0.007188303393366181
2693 0.000424038368775366
3033 0.0004737399020075509
3045 0.0007031836599018376
3208 0.00034065472379816113
3956 0.0005685167944117531
4177 0.0006758309323565803
4280 0.0008676998578433372
4602 0.0006345864806991627
5414 0.0013516618647131605
5744 0.0007881489921597373
6047 0.0014063673198036752
6376 0.0024151223737498713
7379 0.0007384474589275524
7425 0.000873114324417637
7426 0.000873114324417637