9 0.00013633301269468968
13 0.000019487324150714776
16 0.00015091663305076506
17 0.0013208620309783875
19 0.00013212323419503196
23 0.0006840560687769785
33 0.00011331060825040136
34 0.000043438765255019996
36 0.0002074096567549884
38 0.000008702469372146433
39 0.000009267556912609724
40 0.00000900625889003274
41 0.000007426561074872202
43 0.000008243075158511493
49 0.00008324134787818645
51 0.00004686777384075253
63 0.00000567829780156086
65 0.00003546283794272714
67 0.00004203784642398019
76 0.0004007527960775733
107 0.0002049311356991152
150 0.00017810563074510452
159 0.0001776836714179443
177 0.0004548036138081369
183 0.0006243870952872076
196 0.0001675808341520189
230 0.0002958245228348551
245 0.000181970089392662
249 0.0007728793196977103
251 0.00022002825322499402
258 0.0003960586369806884
259 0.00025891534254753946
260 0.0003818991754555788
261 0.0002338723830583595
278 0.001132562659021034
494 0.0009766104260159718
497 0.00017684408550895013
498 0.0003558910215031841
520 0.0003237921753424907
652 0.0004737399020075509
741 0.00035233775638020634
851 0.00008185705212231243
993 0.00043049138832493966
1037 0.0002709256892452844
1058 0.00044828766312813873
1154 0.0003960586369806884
1247 0.00046465581618336337
1285 0.0007266446617404781
3601 0.0003672140565768559
3713 0.0005587052342654505
6310 0.0007384474589275524
7427 0.000873114324417637
7428 0.002619342973252911
7429 0.000873114324417637
7430 0.000873114324417637
7431 0.000873114324417637
7432 0.000873114324417637
7433 0.001746228648835274
7434 0.000873114324417637
7435 0.000873114324417637