0 0.00038487547773411737
1 0.0001309668193588762
13 0.000012991549433809848
14 0.0007576384992297557
16 0.00015091663305076506
21 0.0007152667866721326
22 0.0001341735889149772
26 0.00012343399523364164
33 0.00045324243300160546
34 0.00008687753051003999
36 0.00024889158810598606
38 0.000008702469372146433
39 0.000009267556912609724
40 0.000006004172593355159
41 0.000011139841612308305
43 0.000004121537579255747
48 0.00013154366307515625
51 0.00009373554768150506
61 0.00017642643923270423
63 0.00000567829780156086
64 0.00018731984297588175
65 0.00001773141897136357
67 0.00016815138569592077
69 0.00023724943034546792
70 0.00035233775638020634
71 0.00012561808978093188
76 0.0002671685307183822
89 0.00019011459890734794
113 0.00033400045115600295
122 0.00018417084982617462
128 0.003193391142260173
131 0.0008185038060016722
143 0.00032998895069327885
150 0.0005343168922353136
159 0.0001776836714179443
160 0.00018023749427928805
180 0.0001136486243970201
192 0.000648573141485873
225 0.00042093493558288133
226 0.0002049311356991152
264 0.00042171838115391097
267 0.0002783569986123394
277 0.00019930090227324488
286 0.0001987752449196317
293 0.0003285382939579267
360 0.00019339166635443979
375 0.00025891534254753946
391 0.0011096122844998333
393 0.002712584292139731
399 0.0005938676863953582
401 0.00036220146137676994
416 0.0015554665236139438
475 0.004580289121484749
484 0.00043049138832493966
490 0.0026030995735300115
491 0.0009332799141683663
498 0.0003558910215031841
506 0.00029918306343158405
549 0.002019015237870794
555 0.0002457554359134993
569 0.002104674677914407
576 0.0012344675031188972
608 0.0013755226992217563
642 0.0007775491394993024
667 0.0018247949384343843
669 0.0005035754332762234
671 0.0002597352724507996
703 0.0005725361401855936
709 0.0010909668343457566
776 0.0015365632554912878
802 0.015030088913402014
811 0.00045217938883475555
851 0.00008185705212231243
852 0.0003887745697496512
875 0.0003841483956894837
879 0.0002958245228348551
1029 0.00047449886069093585
1037 0.0002709256892452844
1214 0.000424038368775366
1224 0.002241438315640694
1395 0.0006958000411585592
1397 0.0016817245047665637
1473 0.0006534821266696528
1621 0.0008676998578433372
1668 0.0005685167944117531
1670 0.001236436655287876
1672 0.0028959128375831773
1725 0.0017634254150443347
1855 0.0006037805934374678
2014 0.008597016870135978
2398 0.001793150652512555
2440 0.0006534821266696528
2447 0.0003985861298959538
2464 0.0005908656000986806
2637 0.00043049138832493966
2700 0.0012114091427224763
2701 0.0004603543550640608
2703 0.0009043587776695111
2836 0.0018949596080302035
3223 0.0007031836599018376
3871 0.0006345864806991627
4180 0.0006345864806991627
4230 0.0007881489921597373
4253 0.0006037805934374678
4305 0.0031525959686389492
4369 0.000549621148441263
5511 0.0007384474589275524
5513 0.0007384474589275524
5632 0.0006758309323565803
6753 0.0007384474589275524
7436 0.017339277827514224
7437 0.001746228648835274
7438 0.000873114324417637
7439 0.000873114324417637
7440 0.000873114324417637
7441 0.000873114324417637
7442 0.000873114324417637