13 0.000012991549433809848
16 0.00007545831652538253
17 0.0009434728792702768
18 0.0009489977213818717
21 0.000286106714668853
22 0.0006708679445748862
23 0.001140093447961631
29 0.00026649997158873667
30 0.00022182651134558653
33 0.00033993182475120415
36 0.00029037351945698374
38 0.000005801646248097621
39 0.000013901335368914586
40 0.000015010431483387899
41 0.000014853122149744404
43 0.000016486150317022987
49 0.0001664826957563729
51 0.00009373554768150506
63 0.0000037855318677072396
65 0.00003546283794272714
66 0.00027942089546161464
67 0.00004203784642398019
71 0.00012561808978093188
113 0.00011133348371866765
115 0.0002059878583080766
144 0.0016914237200166711
179 0.0006172337515594486
214 0.0016419594486717299
245 0.000363940178785324
255 0.00017273030805218352
267 0.0005567139972246788
279 0.0006878866991489774
286 0.0003975504898392634
307 0.0009020166363623897
320 0.004420877275013462
368 0.00018686500362842702
391 0.0011096122844998333
399 0.0011877353727907164
475 0.0014313403504639844
520 0.0004856882630137361
572 0.0006781460730349327
576 0.000925850627339173
607 0.0006758309323565803
670 0.0003329428059983855
752 0.002901308772923121
759 0.0010731211225330165
767 0.0005791825675166354
815 0.0004737399020075509
851 0.00008185705212231243
867 0.0013069642533393056
869 0.0005188152611795682
911 0.0004120699366150429
946 0.007656760644728378
966 0.002234820937061802
969 0.0013516618647131605
1028 0.0007082030286839478
1029 0.0009489977213818717
1082 0.0008746061772762119
1442 0.0004338499289216686
1529 0.0003818991754555788
1622 0.00043049138832493966
2027 0.00046465581618336337
2258 0.0005791825675166354
2342 0.0005587052342654505
2654 0.0019141901611820944
2655 0.0011583651350332708
3601 0.0011016421697305678
5144 0.0007031836599018376
5517 0.0007031836599018376
6098 0.0023644469764792122
6777 0.0031525959686389492
7443 0.0007881489921597373