13 0.000019487324150714776
16 0.00007545831652538253
17 0.0018869457585405536
18 0.0011862471517273398
19 0.00013212323419503196
23 0.0015961308271462834
29 0.00026649997158873667
33 0.00045324243300160546
34 0.000043438765255019996
38 0.000005801646248097621
39 0.000009267556912609724
40 0.000006004172593355159
41 0.000007426561074872202
42 0.00010288760611871043
43 0.000008243075158511493
44 0.00013635553537529827
46 0.0001834307973068906
47 0.00018056511846585937
55 0.00009700475713476236
56 0.00012955459643277864
57 0.0001250684069607151
63 0.00000567829780156086
65 0.00003546283794272714
97 0.00046908078101438134
99 0.0003271046043571432
100 0.00015297081732618925
102 0.00025332444879269114
243 0.000264773477364449
245 0.000363940178785324
249 0.0007728793196977103
669 0.00012589385831905585
698 0.00044451570202655086
851 0.00008185705212231243
1028 0.0003541015143419739
1037 0.0002709256892452844
1058 0.00044828766312813873
1093 0.00036920725599727517
1178 0.0017353997156866743
7444 0.001746228648835274