9 0.00017041626586836213
13 0.000025983098867619697
16 0.00007545831652538253
21 0.0001430533573344265
30 0.0006654795340367597
33 0.00011331060825040136
37 0.0004195196388193289
38 0.000005801646248097621
39 0.000013901335368914586
40 0.00000900625889003274
41 0.000011139841612308305
42 0.00015433140917806565
43 0.000020607687896278735
44 0.00013635553537529827
46 0.00022928849663361327
47 0.00022570639808232424
49 0.00008324134787818645
55 0.00009700475713476236
56 0.00006477729821638932
57 0.0001250684069607151
63 0.00000567829780156086
65 0.00005319425691409072
67 0.00004203784642398019
71 0.00012561808978093188
72 0.0010585586353962255
73 0.00019291377466338104
76 0.0004007527960775733
87 0.0005674688033633956
97 0.00023454039050719067
124 0.00009942778247685315
135 0.00029805329448025724
180 0.00005682431219851005
245 0.000181970089392662
247 0.00026056072380914035
267 0.0005567139972246788
276 0.0010665059907720767
401 0.00018110073068838497
648 0.0009605321716409287
669 0.00012589385831905585
851 0.00008185705212231243
1271 0.0007305054994379872
1395 0.0001739500102896398
1781 0.00028224872431895635
2085 0.0003672140565768559
2202 0.00046465581618336337
2203 0.0004603543550640608
2770 0.0010376305223591363
4204 0.00045619873460859607
5642 0.0007881489921597373
5643 0.000618218327643938