13 0.000012991549433809848
16 0.00007545831652538253
18 0.00023724943034546792
22 0.0001341735889149772
30 0.00022182651134558653
34 0.00013031629576506
36 0.00004148193135099767
38 0.000005801646248097621
39 0.000013901335368914586
40 0.000006004172593355159
41 0.000007426561074872202
42 0.00010288760611871043
43 0.000008243075158511493
44 0.00013635553537529827
46 0.00027514619596033594
47 0.00027084767769878907
49 0.000041620673939093223
56 0.0002591091928655573
63 0.00000567829780156086
65 0.00003546283794272714
67 0.00008407569284796038
69 0.00047449886069093585
71 0.00025123617956186376
72 0.00035285287846540845
94 0.0004785475402955236
97 0.00023454039050719067
100 0.0003059416346523785
102 0.00025332444879269114
113 0.0002226669674373353
177 0.00015160120460271228
184 0.00040649720137641123
185 0.0002656336848489608
197 0.0023233895243860926
198 0.0004691137279473833
214 0.00054731981622391
277 0.00029895135340986733
310 0.00016226697770759457
327 0.005940879554710327
360 0.00019339166635443979
363 0.00036332233087023905
368 0.00018686500362842702
468 0.0003136207976380542
550 0.00025332444879269114
652 0.0004737399020075509
658 0.0003841483956894837
669 0.00012589385831905585
670 0.0003329428059983855
693 0.00045217938883475555
729 0.0004691137279473833
752 0.00048355146215385347
759 0.00035770704084433884
851 0.00008185705212231243
869 0.0005188152611795682
966 0.004469641874123604
1001 0.0006147943470845361
1468 0.0004120699366150429
1596 0.0004603543550640608
1622 0.00043049138832493966
1892 0.004206573488151867
2083 0.003267410633348264
2336 0.006098478463315984
3601 0.0007344281131537118
3860 0.0007031836599018376
4473 0.0006758309323565803
5144 0.0007031836599018376
7445 0.000873114324417637