0 0.00019243773886705868
1 0.0001309668193588762
2 0.00017273030805218352
5 0.0002365665368606119
6 0.0002400196965770493
7 0.000233207996263883
8 0.00028224872431895635
10 0.0004691137279473833
13 0.000012991549433809848
16 0.00022637494957614764
17 0.0011321674551243322
19 0.00013212323419503196
20 0.0002464916487181342
23 0.00022801868959232616
26 0.00012343399523364164
28 0.0005066488975853823
29 0.00026649997158873667
30 0.00022182651134558653
34 0.00008687753051003999
36 0.00004148193135099767
38 0.000008702469372146433
39 0.000013901335368914586
40 0.00000900625889003274
41 0.000018566402687180508
43 0.00001236461273776724
45 0.00025964242459217314
46 0.0000917153986534453
47 0.00018056511846585937
51 0.0001406033215222576
52 0.00014497369525357328
56 0.00012955459643277864
58 0.0005491700750215032
59 0.00040158610568973463
60 0.0005145835101134606
61 0.0005292793176981127
63 0.00000567829780156086
64 0.00018731984297588175
66 0.00009314029848720488
85 0.00048714592340005404
97 0.00023454039050719067
102 0.00025332444879269114
124 0.0001988555649537063
158 0.00028424192373937554
159 0.0001776836714179443
171 0.0001368611790876869
221 0.0005587052342654505
225 0.00042093493558288133
249 0.0011593189795465655
267 0.0005567139972246788
275 0.0004120699366150429
277 0.00009965045113662244
294 0.0003985861298959538
303 0.0004887683798320584
347 0.0007439324212214578
428 0.0004603543550640608
430 0.00022365154352182467
437 0.00032153186911851154
470 0.00037969048392546374
475 0.0014313403504639844
666 0.00032568748957397626
682 0.0007507780456123224
686 0.0015564457835387047
716 0.0003136207976380542
769 0.00045619873460859607
1052 0.0005258216860189834
1119 0.0006037805934374678
1296 0.0007384474589275524
1300 0.000505900267840781
1330 0.0003960586369806884
1486 0.00046465581618336337
1495 0.0004691137279473833
1542 0.001903759442097488
1886 0.0009570950805910472
1988 0.003492457297670548
1989 0.0007881489921597373
1990 0.0014768949178551047
1991 0.000873114324417637
1992 0.000873114324417637
1993 0.0014768949178551047
1994 0.000873114324417637
1995 0.000618218327643938
1996 0.0005121877518304292
1997 0.0005587052342654505
1998 0.000873114324417637
1999 0.000873114324417637
2000 0.000873114324417637