0 0.00038487547773411737
1 0.0001309668193588762
9 0.0003749157849103967
13 0.00003897464830142955
16 0.00007545831652538253
26 0.000370301985700925
27 0.00033751149866781817
28 0.00025332444879269114
29 0.0005329999431774733
34 0.00017375506102007999
36 0.00004148193135099767
37 0.0006292794582289934
38 0.000011603292496195242
39 0.00002316889228152431
40 0.000030020862966775798
41 0.000025992963762052712
42 0.00010288760611871043
43 0.00003297230063404597
45 0.0003894636368882597
49 0.00012486202181727967
51 0.0001406033215222576
56 0.00019433189464916796
59 0.00020079305284486732
61 0.00035285287846540845
63 0.00002271319120624344
65 0.00003546283794272714
66 0.00018628059697440975
67 0.00004203784642398019
76 0.002538101041824631
88 0.00024872719512041187
89 0.0003802291978146959
100 0.00015297081732618925
107 0.0004098622713982304
114 0.00021141259586679695
115 0.0004119757166161532
122 0.00018417084982617462
124 0.0001988555649537063
125 0.0008047533925478269
139 0.00028224872431895635
140 0.0004603543550640608
144 0.0010148542320100027
146 0.000529546954728898
149 0.0003732936031739842
150 0.00017810563074510452
158 0.00028424192373937554
159 0.000533051014253833
171 0.0002737223581753738
176 0.00033751149866781817
180 0.00005682431219851005
183 0.003954451603485648
186 0.00025254616640991854
197 0.0002904236905482616
210 0.0006403547810939524
214 0.0008209797243358649
225 0.00042093493558288133
245 0.000181970089392662
251 0.00044005650644998804
275 0.0008241398732300858
277 0.0005979027068197347
279 0.00022929556638299245
287 0.00025810086072372616
291 0.0003887745697496512
293 0.0006570765879158534
297 0.0006977691933275379
300 0.0004120699366150429
304 0.00026056072380914035
307 0.00022550415909059743
309 0.0009009700260372063
310 0.00016226697770759457
318 0.0011817312001973612
320 0.0011789006066702562
366 0.00034225708731462997
368 0.00018686500362842702
392 0.0011877353727907164
401 0.00018110073068838497
412 0.00028729384230050906
413 0.00024142866684252312
475 0.004294021051391953
490 0.0013015497867650057
491 0.003733119656673465
492 0.00607504774280742
497 0.00017684408550895013
505 0.0013438784132999268
506 0.0011967322537263362
508 0.0010730045233971024
520 0.0003237921753424907
540 0.0006943876483085783
550 0.0005066488975853823
555 0.0002457554359134993
585 0.0003911548205288988
641 0.000393582208037624
669 0.00012589385831905585
670 0.0003329428059983855
677 0.0007031836599018376
687 0.0005258216860189834
691 0.0003038092374917516
708 0.0007191007395373025
716 0.0006272415952761084
728 0.001236436655287876
805 0.0004691137279473833
820 0.006969837242750451
851 0.00016371410424462487
852 0.0003887745697496512
858 0.0002457554359134993
871 0.0003960586369806884
875 0.001152445187068451
1030 0.0008676998578433372
1066 0.000424038368775366
1067 0.0004408563537610837
1084 0.00036920725599727517
1112 0.0003672140565768559
1133 0.00048355146215385347
1301 0.0004942172352587358
1397 0.0008408622523832819
1398 0.0008076060951483175
1399 0.0011817312001973612
1416 0.0005411640668664958
1448 0.0036828348405124863
1479 0.00038643965984885517
1636 0.0009207087101281216
1772 0.0007384474589275524
1827 0.00041790813825628515
1878 0.0007682967913789674
1971 0.000618218327643938
2007 0.0004408563537610837
2085 0.0007344281131537118
2123 0.0015762979843194746
2213 0.00044451570202655086
2637 0.00043049138832493966
2697 0.0020058341853941065
2700 0.0012114091427224763
2701 0.0004603543550640608
2702 0.00046465581618336337
2703 0.00045217938883475555
2866 0.0013069642533393056
2918 0.0006534821266696528
3007 0.001291474164974819
3018 0.0004408563537610837
3609 0.000618218327643938
4169 0.000848076737550732
4236 0.0004942172352587358
4370 0.0004603543550640608
4371 0.0004785475402955236
4372 0.0004691137279473833
4373 0.00046465581618336337
4374 0.0004737399020075509
4375 0.0004603543550640608
4640 0.0005332529953860384
4660 0.0006037805934374678
4961 0.0005908656000986806
5616 0.0014768949178551047
7120 0.0022153423767826575
7446 0.010477371893011645
7447 0.004365571622088185
7448 0.0007881489921597373
7449 0.0007384474589275524