9 0.00013633301269468968
13 0.000006495774716904924
15 0.0002564879550388143
22 0.0002683471778299544
26 0.0002468679904672833
34 0.000043438765255019996
36 0.00008296386270199534
38 0.000017404938744292866
39 0.000009267556912609724
40 0.000006004172593355159
41 0.000007426561074872202
43 0.000008243075158511493
51 0.00004686777384075253
59 0.0008031722113794693
63 0.00001135659560312172
65 0.00005319425691409072
66 0.00009314029848720488
67 0.00004203784642398019
84 0.0004261759244447152
88 0.0004974543902408237
107 0.0002049311356991152
113 0.00011133348371866765
114 0.00021141259586679695
115 0.0004119757166161532
124 0.00009942778247685315
150 0.00035621126149020904
159 0.0003553673428358886
168 0.0007384474589275524
180 0.0001136486243970201
191 0.0005188152611795682
265 0.0004120699366150429
288 0.00022801868959232616
306 0.00043049138832493966
347 0.0002479774737404859
352 0.0002958245228348551
353 0.0003753890228061612
389 0.0008890314040531017
401 0.000543302192065155
430 0.00022365154352182467
520 0.00016189608767124534
523 0.0007384474589275524
538 0.0002852508106156339
539 0.00045217938883475555
684 0.0005258216860189834
722 0.0033522314055927033
759 0.00035770704084433884
842 0.0005258216860189834
851 0.0004092852606115622
893 0.0007550417726806894
894 0.0005121877518304292
908 0.0003652527497189936
1120 0.0014736257583378206
1162 0.00030263622314802144
1208 0.0003541015143419739
1271 0.0003652527497189936
1317 0.000618218327643938
1411 0.0010243755036608584
1416 0.0005411640668664958
1753 0.0013119092659143181
1781 0.0005644974486379127
2446 0.0006758309323565803
3208 0.0006813094475963223
3507 0.0004338499289216686
3717 0.0009671029243077069
3719 0.0004272224195725296
4034 0.0007881489921597373
4822 0.0007031836599018376
5493 0.0007881489921597373
6306 0.0014063673198036752
7221 0.011034085890236325
7450 0.005238685946505822
7451 0.008669638913757112
7452 0.000873114324417637