1 0.0005238672774355048
9 0.00010224975952101728
12 0.0012824397751940717
13 0.000012991549433809848
14 0.0005050923328198371
21 0.000286106714668853
22 0.0001341735889149772
23 0.00045603737918465233
26 0.00012343399523364164
27 0.00033751149866781817
33 0.00022662121650080273
34 0.000043438765255019996
36 0.00012444579405299303
38 0.000008702469372146433
39 0.000018535113825219447
40 0.000012008345186710319
41 0.000011139841612308305
43 0.000016486150317022987
51 0.00004686777384075253
52 0.00014497369525357328
56 0.00006477729821638932
59 0.00020079305284486732
63 0.00000567829780156086
65 0.00008865709485681788
66 0.00018628059697440975
67 0.00008407569284796038
69 0.00023724943034546792
74 0.00030499358548289365
85 0.00024357296170002702
88 0.00024872719512041187
89 0.00019011459890734794
99 0.0009813138130714298
100 0.00015297081732618925
104 0.00016413845014333722
107 0.0002049311356991152
122 0.0005525125494785239
123 0.000188234616351904
124 0.00009942778247685315
136 0.002047888878577116
146 0.000264773477364449
150 0.0005343168922353136
177 0.00030320240920542457
180 0.00017047293659553015
197 0.0002904236905482616
210 0.0003201773905469762
222 0.001152445187068451
226 0.0002049311356991152
230 0.0002958245228348551
253 0.0002472323099654942
270 0.00035955036976865123
271 0.003590196761179009
274 0.0034724580394233776
277 0.0005979027068197347
307 0.00022550415909059743
338 0.004396969187530104
350 0.00849863345855433
366 0.00034225708731462997
377 0.0003188377153162591
393 0.0013562921460698654
396 0.0011517812676387924
452 0.0005529130198929884
494 0.0007812883408127773
495 0.0003753890228061612
514 0.00043049138832493966
520 0.00016189608767124534
533 0.0009570950805910472
540 0.0003471938241542892
558 0.0003775208863403447
662 0.0004408563537610837
715 0.0008185038060016722
772 0.0002597352724507996
820 0.0009293116323667267
851 0.00016371410424462487
879 0.0017749471370091308
904 0.0005908656000986806
1070 0.0010623045430259218
1115 0.00043730308863810597
1290 0.00031109330472278875
1331 0.001099242296882526
1395 0.0006958000411585592
1425 0.0004691137279473833
1479 0.00038643965984885517
1511 0.0004408563537610837
1538 0.0018586232647334535
1878 0.0003841483956894837
2013 0.0005908656000986806
2090 0.0006037805934374678
3259 0.0006037805934374678
3482 0.0028127346396073505
3928 0.0018769451140308064
4137 0.00048355146215385347
4257 0.0007775491394993024
6848 0.014768949178551049
6934 0.0050766918455933015
7453 0.0013516618647131605
7454 0.0007881489921597373
7455 0.0015762979843194746
7456 0.0063051919372778984