1 0.0001309668193588762
9 0.00034083253173672426
13 0.000012991549433809848
16 0.00007545831652538253
19 0.0002642464683900639
28 0.0007599733463780734
38 0.000011603292496195242
39 0.000013901335368914586
40 0.000012008345186710319
41 0.000011139841612308305
43 0.000020607687896278735
45 0.00025964242459217314
47 0.00004514127961646484
49 0.00012486202181727967
51 0.00004686777384075253
52 0.00014497369525357328
55 0.00038801902853904946
56 0.0003886637892983359
57 0.0002501368139214302
59 0.00020079305284486732
60 0.0002572917550567303
63 0.0000189276593385362
65 0.00007092567588545428
66 0.00027942089546161464
67 0.00012611353927194057
71 0.00012561808978093188
72 0.0031756759061886764
73 0.0017362239719704296
74 0.00030499358548289365
87 0.0005674688033633956
89 0.0003802291978146959
107 0.0002049311356991152
113 0.0002226669674373353
114 0.0004228251917335939
122 0.00018417084982617462
123 0.000188234616351904
124 0.0003977111299074126
125 0.0002682511308492756
139 0.00028224872431895635
140 0.0004603543550640608
144 0.001522281348015004
146 0.000264773477364449
150 0.00035621126149020904
158 0.00028424192373937554
159 0.0003553673428358886
160 0.00018023749427928805
171 0.0001368611790876869
180 0.0002841215609925503
183 0.0002081290317624025
193 0.0002936355528176933
196 0.0001675808341520189
210 0.0006403547810939524
214 0.000273659908111955
230 0.0002958245228348551
245 0.000181970089392662
247 0.0015633643428548424
251 0.00022002825322499402
255 0.00017273030805218352
261 0.000467744766116719
277 0.0007972036090929795
279 0.00022929556638299245
293 0.0013141531758317068
297 0.0010466537899913068
300 0.0008241398732300858
309 0.0012012933680496083
310 0.00016226697770759457
311 0.0009775367596641168
347 0.0002479774737404859
352 0.0005916490456697102
368 0.00037373000725685404
372 0.0013119092659143181
379 0.0003438806748054391
401 0.000543302192065155
416 0.00031109330472278875
429 0.0015774650580569502
437 0.0006430637382370231
471 0.00045619873460859607
475 0.007156701752319921
487 0.004735405271574337
493 0.00023454039050719067
494 0.00019532208520319432
520 0.00016189608767124534
540 0.0010415814724628676
551 0.0002832412727662006
575 0.000505900267840781
585 0.0015646192821155952
687 0.0005258216860189834
697 0.0004691137279473833
708 0.0017977518488432563
711 0.0004092519030008361
746 0.0003672140565768559
749 0.0004603543550640608
779 0.00030263622314802144
805 0.0004691137279473833
820 0.0023232790809168172
845 0.00043730308863810597
851 0.00016371410424462487
858 0.0004915108718269986
871 0.0007921172739613768
898 0.0003014743275909555
1030 0.0008676998578433372
1031 0.00042093493558288133
1050 0.0004603543550640608
1060 0.0002852508106156339
1062 0.00025810086072372616
1066 0.000424038368775366
1067 0.0004408563537610837
1122 0.0007031836599018376
1148 0.0006345864806991627
1395 0.0005218500308689194
1446 0.001438201479074605
1503 0.0015997589861581152
1548 0.0003985861298959538
1621 0.0004338499289216686
1636 0.0009207087101281216
1674 0.0004338499289216686
1705 0.0008299085659023568
1769 0.000499919615209078
1827 0.00041790813825628515
1878 0.0007682967913789674
1996 0.0025609387591521465
2007 0.0004408563537610837
2529 0.0007384474589275524
2637 0.00043049138832493966
2693 0.000848076737550732
2696 0.0036922372946377622
2697 0.004011668370788213
2700 0.0008076060951483175
2701 0.0004603543550640608
2702 0.00046465581618336337
2703 0.00045217938883475555
2734 0.007031836599018378
2845 0.0007031836599018376
2964 0.0006758309323565803
3007 0.00043049138832493966
3018 0.0004408563537610837
3502 0.0007266446617404781
3515 0.005227857013357222
3609 0.001236436655287876
4146 0.0006037805934374678
4197 0.0007384474589275524
4370 0.0004603543550640608
4371 0.0004785475402955236
4372 0.0004691137279473833
4373 0.00046465581618336337
4374 0.0004737399020075509
4375 0.0004603543550640608
4810 0.0006758309323565803
4961 0.0005908656000986806
5338 0.0007384474589275524
6121 0.0006345864806991627
6808 0.0007384474589275524
7449 0.0007384474589275524
7453 0.003379154661782902
7457 0.000873114324417637