1 0.0002619336387177524
9 0.0004430822912577415
13 0.000012991549433809848
19 0.0002642464683900639
21 0.000286106714668853
26 0.00012343399523364164
28 0.00025332444879269114
29 0.00026649997158873667
33 0.00011331060825040136
34 0.00008687753051003999
36 0.00004148193135099767
38 0.000014504115620244055
39 0.000018535113825219447
40 0.00001801251778006548
41 0.000011139841612308305
42 0.00015433140917806565
43 0.00002885076305479023
45 0.0005192848491843463
49 0.00012486202181727967
51 0.00004686777384075253
56 0.0002591091928655573
59 0.00020079305284486732
63 0.00001703489340468258
65 0.00008865709485681788
66 0.00009314029848720488
67 0.00004203784642398019
72 0.00017642643923270423
76 0.0002671685307183822
89 0.0003802291978146959
107 0.0002049311356991152
114 0.0004228251917335939
115 0.0004119757166161532
122 0.00018417084982617462
123 0.000188234616351904
140 0.0004603543550640608
154 0.0003314569809760339
158 0.00028424192373937554
159 0.0003553673428358886
171 0.0001368611790876869
177 0.00015160120460271228
180 0.0001136486243970201
183 0.000416258063524805
251 0.00022002825322499402
277 0.0006975531579563571
293 0.0006570765879158534
297 0.00034888459666376895
300 0.0004120699366150429
309 0.0006006466840248042
320 0.002063076061672949
352 0.0002958245228348551
360 0.00038678333270887957
366 0.00034225708731462997
368 0.00018686500362842702
392 0.0011877353727907164
401 0.00036220146137676994
412 0.0005745876846010181
413 0.00048285733368504623
416 0.00031109330472278875
437 0.00032153186911851154
475 0.002576412630835172
491 0.0027998397425050992
492 0.003796904839254638
505 0.0006719392066499634
506 0.0005983661268631681
507 0.00027274170858643915
508 0.0021460090467942047
520 0.0003237921753424907
540 0.0006943876483085783
555 0.0002457554359134993
585 0.0007823096410577976
641 0.000787164416075248
670 0.0003329428059983855
687 0.0010516433720379667
707 0.0011817312001973612
708 0.00035955036976865123
749 0.0004603543550640608
759 0.00035770704084433884
804 0.0007881489921597373
805 0.0004691137279473833
816 0.0007384474589275524
820 0.0018586232647334535
845 0.00043730308863810597
850 0.0003960586369806884
851 0.00016371410424462487
858 0.0002457554359134993
871 0.0003960586369806884
876 0.0007823096410577976
898 0.000602948655181911
1030 0.0008676998578433372
1066 0.000424038368775366
1067 0.0004408563537610837
1084 0.00036920725599727517
1111 0.0006037805934374678
1134 0.002613928506678611
1213 0.0011370335888235062
1388 0.0003753890228061612
1397 0.0005605748349221879
1398 0.00040380304757415875
1878 0.0007682967913789674
2111 0.0007384474589275524
2218 0.0009123974692171921
2378 0.0003003233420124021
2637 0.00043049138832493966
2697 0.0020058341853941065
2700 0.0008076060951483175
2701 0.0004603543550640608
2702 0.00046465581618336337
2703 0.00045217938883475555
3007 0.00043049138832493966
3018 0.0004408563537610837
3609 0.000618218327643938
4142 0.0012691729613983254
4169 0.000424038368775366
4370 0.0004603543550640608
4371 0.0004785475402955236
4372 0.0004691137279473833
4373 0.00046465581618336337
4374 0.0004737399020075509
4375 0.0004603543550640608
4640 0.0005332529953860384
4660 0.0012075611868749357
4743 0.0009671029243077069
4961 0.0005908656000986806
5813 0.0006534821266696528
7258 0.0007384474589275524
7448 0.0007881489921597373
7449 0.0007384474589275524
7453 0.002703323729426321
7458 0.000873114324417637
7459 0.000873114324417637
7460 0.000873114324417637