1 0.0001309668193588762
9 0.00020449951904203455
12 0.0012824397751940717
13 0.00006495774716904926
26 0.00012343399523364164
33 0.00011331060825040136
34 0.00008687753051003999
38 0.000005801646248097621
39 0.000018535113825219447
40 0.000015010431483387899
41 0.000011139841612308305
42 0.00010288760611871043
43 0.000008243075158511493
44 0.00013635553537529827
46 0.0004127192939405039
47 0.00036113023693171874
48 0.00013154366307515625
49 0.000041620673939093223
55 0.00009700475713476236
56 0.00012955459643277864
57 0.0001250684069607151
63 0.000007571063735414479
65 0.00003546283794272714
66 0.00027942089546161464
67 0.00008407569284796038
89 0.00028517189836102194
97 0.00023454039050719067
113 0.00011133348371866765
123 0.000188234616351904
124 0.00009942778247685315
130 0.00027274170858643915
139 0.00028224872431895635
151 0.001007908809974945
180 0.00005682431219851005
196 0.0001675808341520189
206 0.00044451570202655086
214 0.00054731981622391
261 0.0002338723830583595
270 0.0007191007395373025
271 0.0014959153171579206
277 0.00019930090227324488
286 0.0005963257347588951
291 0.0003887745697496512
307 0.00022550415909059743
366 0.00034225708731462997
411 0.00044608035070850863
413 0.00024142866684252312
416 0.00031109330472278875
442 0.0003242865707429365
451 0.0006534821266696528
539 0.00045217938883475555
573 0.0001652752038556845
652 0.0004737399020075509
669 0.00012589385831905585
701 0.0011370335888235062
820 0.0023232790809168172
845 0.00043730308863810597
851 0.00008185705212231243
879 0.002070771659843986
1082 0.0008746061772762119
1095 0.0008241398732300858
1100 0.001203500511236464
1325 0.0006247010738160577
1416 0.0005411640668664958
1503 0.0026662649769301923
1637 0.0005332529953860384
2194 0.0005587052342654505
2199 0.0004785475402955236
2595 0.0007881489921597373
2597 0.0007881489921597373
4200 0.0006345864806991627
4774 0.0006758309323565803
5616 0.0007384474589275524
6339 0.0007031836599018376
6934 0.005711278326292465
7461 0.004365571622088185