2 0.00017273030805218352
9 0.00017041626586836213
13 0.00003247887358452463
16 0.00007545831652538253
19 0.0005284929367801278
21 0.0001430533573344265
36 0.00004148193135099767
38 0.000005801646248097621
39 0.000009267556912609724
40 0.000015010431483387899
41 0.000014853122149744404
42 0.000051443803059355216
43 0.00001236461273776724
44 0.00013635553537529827
46 0.0004127192939405039
47 0.00036113023693171874
48 0.00013154366307515625
49 0.00012486202181727967
55 0.00019400951426952473
56 0.00012955459643277864
57 0.0001250684069607151
63 0.00000567829780156086
65 0.00008865709485681788
66 0.00009314029848720488
67 0.00004203784642398019
73 0.0003858275493267621
84 0.0002130879622223576
123 0.000188234616351904
124 0.00009942778247685315
125 0.0005365022616985512
130 0.00027274170858643915
138 0.0003775208863403447
139 0.000846746172956869
146 0.000264773477364449
151 0.0003359696033249817
160 0.00018023749427928805
171 0.0001368611790876869
180 0.00005682431219851005
193 0.0005872711056353866
196 0.0005027425024560568
197 0.0002904236905482616
214 0.000273659908111955
217 0.0017219655532997587
251 0.00022002825322499402
260 0.0003818991754555788
267 0.0002783569986123394
271 0.0017950983805895045
282 0.0011456975263667364
286 0.0001987752449196317
287 0.00025810086072372616
292 0.0011659399510840069
307 0.00022550415909059743
347 0.0004959549474809718
360 0.00019339166635443979
366 0.00034225708731462997
493 0.000703621171521572
494 0.0013672545964223603
539 0.00045217938883475555
540 0.0003471938241542892
554 0.0003985861298959538
555 0.0004915108718269986
573 0.0001652752038556845
663 0.0005332529953860384
669 0.00012589385831905585
682 0.0003753890228061612
691 0.0003038092374917516
700 0.0007031836599018376
708 0.00035955036976865123
709 0.001363708542932196
820 0.004181902345650271
851 0.00008185705212231243
863 0.0007384145119945503
995 0.0005791825675166354
1029 0.00023724943034546792
1144 0.0007031836599018376
1271 0.0003652527497189936
1285 0.0007266446617404781
1349 0.0023634624003947224
1395 0.0003479000205792796
1504 0.0005332529953860384
1585 0.0007031836599018376
1759 0.0006037805934374678
2366 0.00041790813825628515
2378 0.0003003233420124021
2693 0.000848076737550732
2845 0.0007031836599018376
2964 0.0006758309323565803
3831 0.010245936898076586
4128 0.0005587052342654505
4289 0.0005188152611795682
4810 0.0006758309323565803
6935 0.0007881489921597373
7453 0.0060824783912092235
7462 0.007093340929437637
7463 0.004365571622088185