7 0.000233207996263883
9 0.00013633301269468968
13 0.000006495774716904924
16 0.00015091663305076506
20 0.0007394749461544028
23 0.00045603737918465233
26 0.0002468679904672833
36 0.00008296386270199534
38 0.000005801646248097621
39 0.000013901335368914586
40 0.000012008345186710319
41 0.000011139841612308305
44 0.00013635553537529827
46 0.00013757309798016797
47 0.00022570639808232424
51 0.00004686777384075253
56 0.0002591091928655573
63 0.00001135659560312172
65 0.00008865709485681788
67 0.00004203784642398019
71 0.00012561808978093188
74 0.00030499358548289365
88 0.00024872719512041187
89 0.00019011459890734794
113 0.0006680009023120059
115 0.0004119757166161532
139 0.00028224872431895635
185 0.0002656336848489608
214 0.000273659908111955
217 0.00043049138832493966
264 0.00021085919057695548
270 0.00287640295814921
274 0.0017362290197116888
277 0.00029895135340986733
279 0.00022929556638299245
286 0.0001987752449196317
320 0.00029472515166756405
396 0.00038392708921293077
430 0.00022365154352182467
508 0.0002682511308492756
539 0.00045217938883475555
573 0.0001652752038556845
628 0.002901308772923121
671 0.0002597352724507996
746 0.0003672140565768559
753 0.0002783569986123394
851 0.00008185705212231243
859 0.003545193600592084
863 0.002215243535983651
898 0.0003014743275909555
1062 0.00025810086072372616
1113 0.0005587052342654505
1290 0.00031109330472278875
1417 0.0007823096410577976
2042 0.0005332529953860384
2059 0.0011817312001973612
2152 0.0004942172352587358
2535 0.0005332529953860384
2693 0.000424038368775366
3431 0.0006758309323565803
4280 0.0004338499289216686
4344 0.0006534821266696528
4945 0.0007881489921597373
5022 0.0022153423767826575
5721 0.0007881489921597373
7464 0.000873114324417637
7465 0.000873114324417637
7466 0.000873114324417637
7467 0.001746228648835274
7468 0.000873114324417637
7469 0.000873114324417637