9 0.00020449951904203455
12 0.0002564879550388143
13 0.000019487324150714776
22 0.0002683471778299544
34 0.00008687753051003999
36 0.00016592772540399069
38 0.000011603292496195242
39 0.000004633778456304862
40 0.00000900625889003274
41 0.000011139841612308305
43 0.000016486150317022987
45 0.00012982121229608657
49 0.00008324134787818645
51 0.00004686777384075253
63 0.000007571063735414479
65 0.00001773141897136357
66 0.00018628059697440975
81 0.00018240709186440708
113 0.00011133348371866765
114 0.0004228251917335939
150 0.00035621126149020904
171 0.00041058353726306076
184 0.00040649720137641123
255 0.00017273030805218352
260 0.0003818991754555788
263 0.0002338723830583595
271 0.00029918306343158405
274 0.0037618295427086588
283 0.00041790813825628515
288 0.001368112137553957
289 0.0003712334023506965
439 0.0006629139619520678
452 0.0005529130198929884
457 0.0017618133169061598
493 0.00046908078101438134
497 0.00017684408550895013
520 0.00016189608767124534
537 0.0003960586369806884
551 0.0002832412727662006
628 0.004835514621538535
633 0.0008129944027528225
851 0.0002455711563669373
898 0.0003014743275909555
908 0.0003652527497189936
915 0.00032290148184198857
1208 0.0003541015143419739
1519 0.006040525610383724
1538 0.0013939674485500902
1785 0.00030499358548289365
1949 0.00140734118384215
2021 0.000499919615209078
2043 0.0010665059907720767
2811 0.0012075611868749357
2955 0.003920892760017917
3208 0.002384583066587128
3470 0.000499919615209078
3507 0.0004338499289216686
3717 0.0014506543864615605
3719 0.0004272224195725296
4174 0.000618218327643938
7143 0.01772273901426126
7470 0.0007881489921597373
7471 0.0007881489921597373