0 0.00019243773886705868
1 0.0001309668193588762
2 0.00017273030805218352
3 0.00037969048392546374
4 0.00035233775638020634
5 0.0002365665368606119
6 0.0002400196965770493
7 0.000233207996263883
8 0.00028224872431895635
13 0.000012991549433809848
16 0.00007545831652538253
17 0.0005660837275621661
18 0.002135244873109212
20 0.0002464916487181342
30 0.0008873060453823461
34 0.000043438765255019996
36 0.00004148193135099767
38 0.000008702469372146433
39 0.000004633778456304862
40 0.000006004172593355159
41 0.000011139841612308305
42 0.00010288760611871043
43 0.000004121537579255747
45 0.00012982121229608657
49 0.000041620673939093223
50 0.0007881489921597373
51 0.00004686777384075253
52 0.00028994739050714656
58 0.0005491700750215032
59 0.00040158610568973463
60 0.0002572917550567303
61 0.00035285287846540845
63 0.0000018927659338536198
64 0.00018731984297588175
68 0.0005829699755420034
100 0.0004589124519785678
104 0.00032827690028667443
107 0.0002049311356991152
124 0.00009942778247685315
236 0.0005121877518304292
245 0.000181970089392662
249 0.0011593189795465655
251 0.00022002825322499402
259 0.00025891534254753946
268 0.0009671029243077069
449 0.00043049138832493966
497 0.00035368817101790026
741 0.00035233775638020634
915 0.0009687044455259658
1036 0.0003732936031739842
1407 0.0007881489921597373
1591 0.0004691137279473833
1608 0.0011817312001973612
1700 0.0006534821266696528
2001 0.0007384474589275524
2002 0.0031525959686389492
2003 0.0007031836599018376
2004 0.0007384474589275524
2005 0.0006534821266696528