9 0.00017041626586836213
13 0.00003897464830142955
22 0.0006708679445748862
34 0.000043438765255019996
36 0.00008296386270199534
38 0.000008702469372146433
39 0.000004633778456304862
40 0.000012008345186710319
41 0.000011139841612308305
43 0.000016486150317022987
49 0.000041620673939093223
51 0.00004686777384075253
63 0.00000567829780156086
65 0.00001773141897136357
66 0.00018628059697440975
67 0.00004203784642398019
107 0.0016394490855929215
123 0.000188234616351904
124 0.00009942778247685315
125 0.0002682511308492756
150 0.00035621126149020904
160 0.00018023749427928805
171 0.0002737223581753738
193 0.0002936355528176933
212 0.0008023336741576425
226 0.0002049311356991152
237 0.0003558910215031841
261 0.0002338723830583595
277 0.00009965045113662244
294 0.0003985861298959538
307 0.00022550415909059743
396 0.0005758906338193962
413 0.00024142866684252312
430 0.00022365154352182467
455 0.00041790813825628515
463 0.014766856857938592
497 0.0005305322565268504
507 0.00027274170858643915
538 0.0008557524318469018
539 0.00045217938883475555
545 0.0011957583896878615
572 0.00033907303651746636
614 0.0005121877518304292
671 0.0002597352724507996
703 0.0002862680700927968
711 0.0004092519030008361
779 0.00030263622314802144
786 0.0008076060951483175
851 0.00016371410424462487
866 0.0008544448391450592
885 0.00698045128769079
888 0.000505900267840781
889 0.007735020258920215
890 0.002613928506678611
898 0.0003014743275909555
979 0.0004338499289216686
1085 0.00196791104018812
1115 0.0013119092659143181
1120 0.00029472515166756405
1208 0.0003541015143419739
1310 0.0007266446617404781
1472 0.00043730308863810597
1522 0.0005188152611795682
1523 0.0005188152611795682
1860 0.0012691729613983254
1960 0.000618218327643938
2077 0.002613928506678611
2148 0.00044828766312813873
2224 0.006800401604083319
2540 0.001236436655287876
2638 0.0005332529953860384
2793 0.0007881489921597373
3022 0.000499919615209078
3635 0.0007881489921597373
3719 0.0004272224195725296
4147 0.0005685167944117531
5204 0.001648863445323789
5679 0.0007384474589275524
5806 0.0005908656000986806
7470 0.0015762979843194746
7471 0.0015762979843194746
7472 0.003492457297670548
7473 0.005238685946505822
7474 0.014842943515099832
7475 0.01222360054184692
7476 0.000873114324417637
7477 0.000873114324417637
7478 0.000873114324417637
7479 0.0007881489921597373