9 0.00010224975952101728
12 0.0010259518201552573
13 0.000019487324150714776
16 0.00007545831652538253
17 0.00018869457585405535
18 0.0009489977213818717
22 0.0001341735889149772
34 0.00008687753051003999
36 0.00008296386270199534
38 0.000011603292496195242
39 0.000018535113825219447
40 0.000006004172593355159
41 0.000018566402687180508
43 0.000008243075158511493
47 0.00004514127961646484
49 0.000041620673939093223
51 0.00004686777384075253
63 0.0000018927659338536198
65 0.00001773141897136357
66 0.0003725611939488195
68 0.0002914849877710017
74 0.00030499358548289365
87 0.0001891562677877985
100 0.0003059416346523785
144 0.0010148542320100027
196 0.0001675808341520189
255 0.00034546061610436703
258 0.0003960586369806884
259 0.0007767460276426184
271 0.0008975491902947523
375 0.0005178306850950789
396 0.00038392708921293077
439 0.0003314569809760339
496 0.0009859665948725369
613 0.0005194705449015992
772 0.0002597352724507996
803 0.0010389410898031983
851 0.0002455711563669373
922 0.00043730308863810597
1037 0.0002709256892452844
1176 0.0023927377014776184
1179 0.0021095509797055133
1290 0.00031109330472278875
1941 0.0015762979843194746
2021 0.000499919615209078
3601 0.0003672140565768559
7480 0.000873114324417637
7481 0.000873114324417637
7482 0.000873114324417637
7483 0.000873114324417637