9 0.00010224975952101728
12 0.0005129759100776286
13 0.000025983098867619697
34 0.0002171938262751
36 0.00012444579405299303
37 0.00020975981940966445
38 0.000005801646248097621
39 0.000013901335368914586
40 0.00001801251778006548
41 0.000014853122149744404
42 0.00010288760611871043
43 0.00002885076305479023
44 0.00013635553537529827
46 0.00013757309798016797
47 0.00013542383884939454
49 0.0001664826957563729
51 0.0001874710953630101
56 0.00019433189464916796
57 0.0001250684069607151
63 0.0000037855318677072396
65 0.00001773141897136357
89 0.00009505729945367397
99 0.0003271046043571432
100 0.00015297081732618925
113 0.00011133348371866765
115 0.0002059878583080766
123 0.000188234616351904
136 0.0002925555540824451
144 0.0003382847440033342
146 0.000264773477364449
177 0.00030320240920542457
184 0.00040649720137641123
226 0.0004098622713982304
230 0.0002958245228348551
245 0.000181970089392662
255 0.00017273030805218352
271 0.0005983661268631681
274 0.0017362290197116888
289 0.0003712334023506965
304 0.00026056072380914035
307 0.00022550415909059743
309 0.0003003233420124021
313 0.0013015497867650057
320 0.00029472515166756405
368 0.00037373000725685404
396 0.0005758906338193962
413 0.00024142866684252312
430 0.00044730308704364933
435 0.002762126130384365
461 0.0003985861298959538
633 0.00040649720137641123
639 0.0005587052342654505
730 0.005379451957537665
750 0.0003344468624572988
772 0.0005194705449015992
851 0.00008185705212231243
868 0.0005418513784905688
902 0.0007507780456123224
1176 0.0004785475402955236
1182 0.0022608969441737783
1290 0.00031109330472278875
1341 0.0019604463800089586
1468 0.0008241398732300858
1550 0.0014997588456272344
1636 0.0004603543550640608
1773 0.000999839230418156
2475 0.0014768949178551047
2636 0.0008890314040531017
4307 0.0009382274558947666
5325 0.0006758309323565803
6242 0.0015762979843194746
7484 0.013096714866264555
7485 0.001746228648835274
7486 0.000873114324417637
7487 0.000873114324417637