13 0.00003247887358452463
16 0.00007545831652538253
17 0.002075640334394609
18 0.0018979954427637434
22 0.0001341735889149772
23 0.0009120747583693047
33 0.00011331060825040136
36 0.00004148193135099767
38 0.000008702469372146433
40 0.0000030020862966775796
41 0.000003713280537436101
43 0.000008243075158511493
44 0.00006817776768764914
51 0.00004686777384075253
56 0.00019433189464916796
57 0.0002501368139214302
63 0.00000567829780156086
65 0.00003546283794272714
66 0.0003725611939488195
81 0.00018240709186440708
97 0.00023454039050719067
102 0.0005066488975853823
115 0.0004119757166161532
124 0.0001988555649537063
144 0.0006765694880066684
150 0.0008905281537255227
177 0.00015160120460271228
245 0.000181970089392662
279 0.0004585911327659849
289 0.000742466804701393
396 0.00038392708921293077
494 0.00019532208520319432
851 0.00016371410424462487
1178 0.002169249644608343
1322 0.0009474798040151018
1400 0.0009474798040151018
1591 0.0004691137279473833
4120 0.0005685167944117531
4216 0.000499919615209078
5204 0.000549621148441263
5876 0.0007881489921597373
7488 0.000873114324417637