9 0.00023858277221570697
13 0.000012991549433809848
20 0.0002464916487181342
22 0.00040252076674493167
30 0.0015527855794191061
33 0.00011331060825040136
36 0.00008296386270199534
37 0.0004195196388193289
38 0.000011603292496195242
39 0.000018535113825219447
40 0.000015010431483387899
41 0.000018566402687180508
42 0.00010288760611871043
43 0.00002472922547553448
49 0.000041620673939093223
51 0.00009373554768150506
63 0.000007571063735414479
65 0.00003546283794272714
67 0.00008407569284796038
69 0.00023724943034546792
70 0.00035233775638020634
71 0.00025123617956186376
73 0.00019291377466338104
89 0.00009505729945367397
100 0.00015297081732618925
107 0.0004098622713982304
115 0.0002059878583080766
125 0.0002682511308492756
150 0.00017810563074510452
151 0.0006719392066499634
154 0.0006629139619520678
160 0.00018023749427928805
171 0.0001368611790876869
177 0.00030320240920542457
180 0.0001136486243970201
197 0.0017425421432895696
255 0.00017273030805218352
292 0.0002914849877710017
310 0.0009736018662455675
320 0.002947251516675641
327 0.0047527036437682605
356 0.00040649720137641123
377 0.0003188377153162591
396 0.0011517812676387924
430 0.00022365154352182467
469 0.004799276958474346
497 0.00017684408550895013
573 0.0001652752038556845
683 0.005434025340937211
810 0.00043730308863810597
851 0.0002455711563669373
876 0.0003911548205288988
946 0.012442236047683615
966 0.001117410468530901
976 0.005517042945118162
990 0.0007031836599018376
1198 0.0017780628081062034
1280 0.000977062468721929
1339 0.0057069678729752505
1395 0.0005218500308689194
1618 0.00040380304757415875
1674 0.0004338499289216686
1706 0.0006534821266696528
1818 0.0007031836599018376
2336 0.0037529098235790665
2811 0.0006037805934374678
4307 0.006567592191263368
4442 0.0018546549829318141
5269 0.0007384474589275524
5573 0.0022153423767826575
7489 0.000873114324417637