9 0.00013633301269468968
13 0.000025983098867619697
16 0.00015091663305076506
17 0.002641724061956775
18 0.00023724943034546792
19 0.00039636970258509594
21 0.000286106714668853
26 0.00012343399523364164
33 0.00022662121650080273
34 0.000043438765255019996
36 0.00024889158810598606
38 0.000008702469372146433
39 0.000009267556912609724
40 0.000012008345186710319
41 0.000018566402687180508
42 0.000051443803059355216
43 0.000008243075158511493
44 0.00020453330306294742
46 0.00004585769932672265
49 0.00008324134787818645
51 0.00004686777384075253
63 0.00000567829780156086
64 0.00018731984297588175
65 0.00003546283794272714
72 0.00035285287846540845
74 0.00030499358548289365
76 0.0001335842653591911
100 0.0003059416346523785
104 0.00032827690028667443
180 0.00005682431219851005
247 0.0005211214476182807
258 0.0003960586369806884
259 0.0018124073978327763
391 0.0011096122844998333
396 0.0011517812676387924
475 0.001717608420556781
613 0.0005194705449015992
741 0.00035233775638020634
851 0.00016371410424462487
898 0.000602948655181911
1246 0.000618218327643938
1271 0.0007305054994379872
1358 0.002965303411552415
1528 0.0017492123545524239
1609 0.0006758309323565803
1953 0.0005411640668664958
3601 0.0011016421697305678
4376 0.0006534821266696528
6173 0.0007881489921597373
7490 0.000873114324417637
7491 0.000873114324417637