2 0.00017273030805218352
9 0.00013633301269468968
13 0.00006495774716904926
14 0.00025254616640991854
17 0.00018869457585405535
18 0.00023724943034546792
22 0.0001341735889149772
26 0.0002468679904672833
27 0.00033751149866781817
34 0.000043438765255019996
36 0.00008296386270199534
38 0.000005801646248097621
39 0.000013901335368914586
40 0.00000900625889003274
41 0.000011139841612308305
42 0.000051443803059355216
43 0.00001236461273776724
44 0.00013635553537529827
46 0.00022928849663361327
47 0.00022570639808232424
49 0.00008324134787818645
51 0.00004686777384075253
55 0.00009700475713476236
56 0.00019433189464916796
57 0.0001250684069607151
63 0.0000037855318677072396
65 0.00005319425691409072
74 0.002439948683863149
107 0.0008197245427964607
113 0.0002226669674373353
127 0.00041790813825628515
129 0.004561987346085961
138 0.002265125318042068
139 0.00028224872431895635
144 0.0008457118600083356
171 0.0001368611790876869
176 0.00033751149866781817
180 0.00005682431219851005
184 0.00040649720137641123
214 0.000273659908111955
226 0.0002049311356991152
237 0.0003558910215031841
245 0.000181970089392662
251 0.00044005650644998804
253 0.0002472323099654942
277 0.00039860180454648976
286 0.0001987752449196317
304 0.00026056072380914035
307 0.00022550415909059743
318 0.0005908656000986806
320 0.0017683509100053845
324 0.0003753890228061612
352 0.0002958245228348551
363 0.00036332233087023905
368 0.00018686500362842702
375 0.00025891534254753946
376 0.00034065472379816113
497 0.00017684408550895013
520 0.00016189608767124534
555 0.0002457554359134993
572 0.00033907303651746636
614 0.0005121877518304292
633 0.00040649720137641123
658 0.0003841483956894837
669 0.00012589385831905585
747 0.0020752610447182726
748 0.0012075611868749357
753 0.0002783569986123394
822 0.0005908656000986806
851 0.00008185705212231243
876 0.0003911548205288988
993 0.00043049138832493966
1037 0.0002709256892452844
1120 0.0011789006066702562
1132 0.0007384474589275524
1154 0.0023763518218841303
1182 0.00045217938883475555
1198 0.00044451570202655086
1297 0.000549621148441263
1305 0.0004691137279473833
1416 0.0005411640668664958
1472 0.00043730308863810597
1622 0.0008609827766498793
2155 0.0014506543864615605
2427 0.006399035944632461
2578 0.031014793274957205
2580 0.0013516618647131605
3502 0.00036332233087023905
3601 0.0007344281131537118
7492 0.01746228648835274