9 0.00017041626586836213
13 0.000012991549433809848
16 0.00022637494957614764
22 0.0001341735889149772
27 0.00033751149866781817
36 0.00012444579405299303
38 0.000011603292496195242
39 0.000013901335368914586
40 0.00000900625889003274
41 0.000011139841612308305
43 0.00002885076305479023
44 0.00020453330306294742
46 0.0004127192939405039
47 0.00040627151654818366
51 0.00004686777384075253
55 0.00009700475713476236
56 0.00006477729821638932
57 0.0001250684069607151
59 0.0030118957926730102
63 0.0000037855318677072396
65 0.00010638851382818144
66 0.00027942089546161464
67 0.00004203784642398019
70 0.00035233775638020634
72 0.0010585586353962255
76 0.0002671685307183822
89 0.0003802291978146959
113 0.00011133348371866765
124 0.00029828334743055946
150 0.00017810563074510452
185 0.0002656336848489608
186 0.0005050923328198371
253 0.0002472323099654942
261 0.0002338723830583595
277 0.0005979027068197347
278 0.001132562659021034
310 0.00016226697770759457
311 0.0004887683798320584
367 0.0005347448482446134
368 0.00018686500362842702
401 0.001629906576195465
484 0.0038744224949244575
497 0.00017684408550895013
520 0.0004856882630137361
550 0.00025332444879269114
590 0.0003672140565768559
787 0.0004737399020075509
803 0.0002597352724507996
850 0.0003960586369806884
851 0.00008185705212231243
915 0.0009687044455259658
1093 0.00036920725599727517
1208 0.0010623045430259218
1346 0.0017375477025499064
1357 0.001117410468530901
1781 0.00310473596750852
2090 0.0006037805934374678
3895 0.001099242296882526
3944 0.004922285619312864
4137 0.00048355146215385347
5064 0.0025383459227966507
7493 0.000873114324417637
7494 0.000873114324417637
7495 0.000873114324417637