9 0.00010224975952101728
13 0.000025983098867619697
22 0.0002683471778299544
27 0.003037603488010364
34 0.00008687753051003999
36 0.00004148193135099767
37 0.0004195196388193289
38 0.000005801646248097621
39 0.000013901335368914586
40 0.00000900625889003274
41 0.000011139841612308305
42 0.00010288760611871043
43 0.000016486150317022987
44 0.00013635553537529827
45 0.00012982121229608657
46 0.00013757309798016797
47 0.00013542383884939454
49 0.000041620673939093223
56 0.00006477729821638932
63 0.00000567829780156086
65 0.00007092567588545428
67 0.00004203784642398019
71 0.00012561808978093188
113 0.00011133348371866765
117 0.0008676998578433372
123 0.000188234616351904
144 0.0003382847440033342
162 0.0008299085659023568
167 0.00045217938883475555
171 0.0001368611790876869
180 0.00005682431219851005
277 0.00009965045113662244
304 0.0005211214476182807
366 0.00034225708731462997
538 0.0002852508106156339
542 0.0029995176912544688
549 0.00040380304757415875
550 0.00025332444879269114
667 0.00045619873460859607
716 0.0003136207976380542
851 0.00008185705212231243
898 0.0003014743275909555
993 0.00043049138832493966
1078 0.0035268508300886695
1083 0.0006345864806991627
1120 0.0014736257583378206
1153 0.0004120699366150429
1154 0.0011881759109420651
1198 0.00044451570202655086
1310 0.003633223308702391
2063 0.00040116683707882124
2170 0.0007881489921597373
2196 0.0005908656000986806
2638 0.0005332529953860384
3020 0.0006534821266696528
3033 0.0004737399020075509
3076 0.0007031836599018376
3245 0.001236436655287876
4219 0.0005685167944117531
4222 0.00045217938883475555
4223 0.00044451570202655086
6988 0.0007881489921597373
6989 0.0007881489921597373
7496 0.01222360054184692
7497 0.005238685946505822