0 0.00019243773886705868
1 0.0006548340967943811
2 0.00034546061610436703
5 0.0002365665368606119
6 0.0002400196965770493
7 0.000233207996263883
8 0.00028224872431895635
13 0.000006495774716904924
16 0.00007545831652538253
19 0.00013212323419503196
33 0.00011331060825040136
34 0.00013031629576506
36 0.00008296386270199534
38 0.000008702469372146433
39 0.000009267556912609724
40 0.000015010431483387899
41 0.00002227968322461661
42 0.00015433140917806565
43 0.00002472922547553448
45 0.00025964242459217314
46 0.0001834307973068906
47 0.00031598895731525394
48 0.00013154366307515625
49 0.000041620673939093223
56 0.00006477729821638932
63 0.00000567829780156086
64 0.00018731984297588175
65 0.00007092567588545428
66 0.00009314029848720488
67 0.00004203784642398019
72 0.0007057057569308169
81 0.00018240709186440708
88 0.00024872719512041187
89 0.00009505729945367397
106 0.0035413018748854676
112 0.0007031836599018376
118 0.0012105448925920858
139 0.00028224872431895635
255 0.0005181909241565506
277 0.00009965045113662244
304 0.00026056072380914035
316 0.0005411640668664958
366 0.00034225708731462997
368 0.00018686500362842702
412 0.00028729384230050906
413 0.00024142866684252312
438 0.002516852588380559
498 0.0003558910215031841
514 0.00043049138832493966
573 0.0001652752038556845
634 0.0005188152611795682
697 0.0004691137279473833
769 0.00045619873460859607
826 0.0008544448391450592
1000 0.0006534821266696528
1084 0.0007384145119945503
1162 0.0021184535620361504
1325 0.0006247010738160577
1479 0.00038643965984885517
2006 0.0007384474589275524
2007 0.0004408563537610837
2008 0.000873114324417637
2009 0.0006037805934374678
2010 0.000873114324417637