9 0.00013633301269468968
13 0.000019487324150714776
16 0.00015091663305076506
33 0.00011331060825040136
36 0.00012444579405299303
38 0.000017404938744292866
39 0.000018535113825219447
40 0.00001801251778006548
41 0.000007426561074872202
43 0.000020607687896278735
51 0.0002812066430445152
55 0.0007760380570780989
56 0.00006477729821638932
63 0.000007571063735414479
65 0.00010638851382818144
67 0.00016815138569592077
71 0.00012561808978093188
72 0.0040578081023521975
73 0.00019291377466338104
76 0.001469426918951102
87 0.003215656552392575
97 0.00046908078101438134
102 0.0005066488975853823
113 0.00011133348371866765
135 0.0005961065889605145
144 0.0003382847440033342
177 0.0007580060230135615
180 0.00005682431219851005
245 0.000363940178785324
247 0.0018239250666639828
253 0.0002472323099654942
255 0.00017273030805218352
261 0.0002338723830583595
277 0.0006975531579563571
310 0.00016226697770759457
360 0.00019339166635443979
439 0.0033145698097603394
452 0.0002764565099464942
520 0.00016189608767124534
545 0.0003985861298959538
576 0.000925850627339173
594 0.0017194033740271957
648 0.0025614191243758097
746 0.0003672140565768559
851 0.0002455711563669373
1029 0.00023724943034546792
1093 0.00036920725599727517
1280 0.0006513749791479525
1395 0.0001739500102896398
1495 0.0004691137279473833
2534 0.002613928506678611
2722 0.00041790813825628515
7506 0.000873114324417637