1 0.0010477345548710096
9 0.00027266602538937937
10 0.007505819647158133
13 0.000045470423018334476
22 0.0002683471778299544
29 0.002664999715887367
30 0.00022182651134558653
33 0.00011331060825040136
34 0.00008687753051003999
36 0.00024889158810598606
38 0.000014504115620244055
39 0.000018535113825219447
40 0.000006004172593355159
41 0.000007426561074872202
43 0.000008243075158511493
51 0.00004686777384075253
63 0.00000567829780156086
65 0.00005319425691409072
67 0.00021018923211990097
71 0.00025123617956186376
73 0.00019291377466338104
84 0.0004261759244447152
89 0.00009505729945367397
102 0.00025332444879269114
122 0.00018417084982617462
124 0.00009942778247685315
125 0.0002682511308492756
150 0.00035621126149020904
164 0.0006345864806991627
165 0.00022550415909059743
171 0.0002737223581753738
177 0.00030320240920542457
180 0.00005682431219851005
187 0.0005332529953860384
247 0.00026056072380914035
253 0.0002472323099654942
255 0.0006909212322087341
277 0.00009965045113662244
293 0.0003285382939579267
368 0.00018686500362842702
669 0.00012589385831905585
764 0.0005332529953860384
779 0.0006052724462960429
832 0.00048355146215385347
851 0.00016371410424462487
879 0.0023665961826788407
902 0.0003753890228061612
946 0.006221118023841807
990 0.0014063673198036752
1162 0.0006052724462960429
1395 0.0005218500308689194
2336 0.002345568639736917