1 0.0001309668193588762
2 0.00017273030805218352
9 0.00006816650634734484
13 0.000019487324150714776
16 0.00022637494957614764
17 0.0009434728792702768
18 0.00023724943034546792
19 0.0002642464683900639
21 0.0001430533573344265
22 0.0009392151224048407
23 0.00022801868959232616
26 0.00012343399523364164
34 0.00008687753051003999
36 0.00012444579405299303
37 0.0006292794582289934
38 0.000008702469372146433
39 0.000018535113825219447
40 0.00001801251778006548
41 0.000011139841612308305
43 0.00001236461273776724
44 0.0003408888384382457
51 0.0001406033215222576
52 0.00014497369525357328
63 0.0000037855318677072396
65 0.00008865709485681788
66 0.00018628059697440975
67 0.00008407569284796038
71 0.00012561808978093188
89 0.0006654010961757179
113 0.00011133348371866765
144 0.0003382847440033342
180 0.00005682431219851005
211 0.0006534821266696528
226 0.0002049311356991152
253 0.0002472323099654942
254 0.0004272224195725296
258 0.0003960586369806884
259 0.0018124073978327763
263 0.0002338723830583595
264 0.00021085919057695548
292 0.0011659399510840069
379 0.0006877613496108782
427 0.00044451570202655086
441 0.0003438806748054391
475 0.0028626807009279687
569 0.00042093493558288133
697 0.0009382274558947666
803 0.0002597352724507996
851 0.000040928526061156217
868 0.0002709256892452844
899 0.00044828766312813873
1001 0.00030739717354226806
1062 0.00025810086072372616
1093 0.00036920725599727517
1322 0.0004737399020075509
1325 0.0009370516107240867
1603 0.00040116683707882124
1973 0.003379154661782902
2407 0.0005908656000986806
3601 0.0003672140565768559
4694 0.0007031836599018376
5204 0.000549621148441263
7507 0.000873114324417637
7508 0.000873114324417637
7509 0.000873114324417637
7510 0.000873114324417637