13 0.000019487324150714776
14 0.001262730832049593
15 0.001538927730232886
19 0.00013212323419503196
22 0.0002683471778299544
26 0.00012343399523364164
34 0.000043438765255019996
36 0.00012444579405299303
38 0.000008702469372146433
39 0.000013901335368914586
40 0.00000900625889003274
41 0.000007426561074872202
43 0.000016486150317022987
44 0.00040906660612589484
49 0.000041620673939093223
51 0.00004686777384075253
59 0.00020079305284486732
63 0.0000037855318677072396
65 0.00001773141897136357
67 0.00008407569284796038
69 0.00047449886069093585
70 0.0007046755127604127
71 0.00025123617956186376
76 0.0002671685307183822
85 0.00024357296170002702
89 0.0007604583956293918
100 0.00015297081732618925
104 0.0008206922507166863
108 0.000549621148441263
144 0.0001691423720016671
160 0.00018023749427928805
166 0.004922285619312864
180 0.00005682431219851005
183 0.000416258063524805
186 0.00025254616640991854
193 0.0011745422112707732
196 0.0001675808341520189
204 0.0005258216860189834
253 0.0002472323099654942
307 0.00022550415909059743
358 0.009266921080266166
368 0.00018686500362842702
375 0.00025891534254753946
389 0.0017780628081062034
401 0.00036220146137676994
416 0.00031109330472278875
430 0.00022365154352182467
475 0.003435216841113562
569 0.00042093493558288133
779 0.00030263622314802144
851 0.00008185705212231243
908 0.0003652527497189936
979 0.0004338499289216686
1037 0.0002709256892452844
1060 0.0002852508106156339
1093 0.00036920725599727517
1545 0.0004737399020075509
4137 0.00048355146215385347
5112 0.0014768949178551047
5169 0.0007031836599018376
6558 0.0007031836599018376
7362 0.0015762979843194746
7511 0.000873114324417637