13 0.000012991549433809848
16 0.00015091663305076506
34 0.00008687753051003999
38 0.000008702469372146433
39 0.000004633778456304862
40 0.000006004172593355159
41 0.000003713280537436101
43 0.000016486150317022987
44 0.00027271107075059654
46 0.00013757309798016797
47 0.00013542383884939454
49 0.000041620673939093223
51 0.00009373554768150506
63 0.0000037855318677072396
65 0.00001773141897136357
76 0.0002671685307183822
88 0.00024872719512041187
183 0.000416258063524805
851 0.00008185705212231243
1388 0.0011261670684184837