9 0.00013633301269468968
18 0.0009489977213818717
73 0.00019291377466338104
76 0.0004007527960775733
82 0.000849723818298602
83 0.0015177008035223431
278 0.001132562659021034
545 0.0007971722597919076
734 0.002472873310575752
851 0.0002455711563669373
905 0.0004942172352587358
1067 0.0004408563537610837
2602 0.0006758309323565803
4257 0.0003887745697496512
4537 0.0014063673198036752
5749 0.0007031836599018376
7328 0.0007031836599018376
7512 0.0007384474589275524
7513 0.0007384474589275524
7514 0.0014768949178551047
7515 0.0007384474589275524
7516 0.0014768949178551047
7517 0.0028127346396073505
7518 0.0007384474589275524
7519 0.0007384474589275524
7520 0.0007384474589275524