9 0.00013633301269468968
21 0.000286106714668853
44 0.00027271107075059654
625 0.0019342058486154139
629 0.002842583972058766
863 0.0011076217679918256
1328 0.0003541015143419739
1488 0.005711278326292465
2212 0.004922285619312864
2366 0.002089540691281426
2378 0.0003003233420124021
4869 0.0016761157027963517
7521 0.0023644469764792122
7522 0.0023644469764792122
7523 0.000873114324417637
7524 0.001746228648835274
7525 0.0007881489921597373
7526 0.000873114324417637
7527 0.000873114324417637
7528 0.000873114324417637