0 0.00019243773886705868
1 0.0001309668193588762
2 0.00017273030805218352
5 0.0002365665368606119
6 0.0002400196965770493
7 0.000233207996263883
13 0.00005196619773523939
14 0.0005050923328198371
15 0.0005129759100776286
30 0.00022182651134558653
34 0.00026063259153012
36 0.00033185545080798137
38 0.000008702469372146433
39 0.000009267556912609724
40 0.000006004172593355159
41 0.000014853122149744404
42 0.000051443803059355216
43 0.00002885076305479023
47 0.00004514127961646484
49 0.000041620673939093223
52 0.00028994739050714656
56 0.00006477729821638932
58 0.0010983401500430064
59 0.000602379158534602
60 0.0002572917550567303
63 0.00000567829780156086
64 0.00018731984297588175
65 0.00001773141897136357
66 0.00009314029848720488
68 0.0005829699755420034
85 0.00048714592340005404
99 0.0009813138130714298
100 0.0003059416346523785
113 0.0002226669674373353
115 0.0002059878583080766
118 0.0012105448925920858
139 0.00028224872431895635
144 0.0001691423720016671
159 0.0001776836714179443
160 0.00018023749427928805
180 0.00005682431219851005
226 0.0002049311356991152
237 0.0007117820430063682
255 0.00034546061610436703
264 0.00042171838115391097
286 0.0005963257347588951
307 0.0006765124772717924
313 0.0004338499289216686
324 0.0003753890228061612
357 0.0003438806748054391
360 0.0005801749990633194
375 0.00025891534254753946
411 0.00022304017535425432
430 0.00044730308704364933
445 0.00023123617256302196
507 0.0005454834171728783
508 0.007242780532930442
512 0.0012700500933786841
573 0.0001652752038556845
709 0.001363708542932196
717 0.000393582208037624
873 0.00037969048392546374
898 0.0003014743275909555
902 0.0003753890228061612
942 0.00043730308863810597
1001 0.00030739717354226806
1030 0.0008676998578433372
1031 0.00042093493558288133
1093 0.00036920725599727517
1330 0.0003960586369806884
1397 0.0008408622523832819
1499 0.002361493248225744
2011 0.010813294917705284
2012 0.001099242296882526
2013 0.0011817312001973612
2014 0.002407164723638074
2015 0.000499919615209078
2016 0.001011800535681562
2017 0.000873114324417637
2018 0.000873114324417637
2019 0.001746228648835274
2020 0.001746228648835274
2021 0.000499919615209078
2022 0.000873114324417637
2023 0.000873114324417637