1 0.0001309668193588762
9 0.00027266602538937937
11 0.0008185038060016722
13 0.000012991549433809848
14 0.0020203693312793483
15 0.0017954156852717004
16 0.00022637494957614764
19 0.000924862639365224
21 0.0001430533573344265
29 0.00026649997158873667
34 0.000043438765255019996
36 0.00012444579405299303
38 0.000005801646248097621
39 0.000018535113825219447
40 0.000012008345186710319
41 0.000025992963762052712
42 0.00010288760611871043
43 0.000045336913371813215
44 0.00013635553537529827
46 0.0005502923919206719
47 0.0005416953553975781
48 0.00013154366307515625
49 0.00012486202181727967
55 0.00009700475713476236
56 0.00012955459643277864
57 0.0001250684069607151
63 0.00000567829780156086
65 0.00001773141897136357
66 0.00027942089546161464
67 0.00008407569284796038
68 0.0005829699755420034
69 0.00023724943034546792
71 0.00012561808978093188
73 0.0003858275493267621
76 0.0001335842653591911
81 0.002006478010508478
86 0.0004408563537610837
87 0.000378312535575597
89 0.00009505729945367397
106 0.0030354016070446863
115 0.0002059878583080766
123 0.000188234616351904
125 0.0005365022616985512
134 0.0003672140565768559
177 0.0012128096368216983
180 0.00005682431219851005
183 0.0022894193493864278
193 0.0002936355528176933
196 0.0011730658390641327
237 0.0003558910215031841
261 0.0002338723830583595
274 0.0060768015689909105
277 0.0005979027068197347
279 0.00022929556638299245
286 0.0003975504898392634
288 0.002052168206330936
289 0.0003712334023506965
304 0.00026056072380914035
310 0.00032453395541518913
363 0.00036332233087023905
375 0.00025891534254753946
376 0.00034065472379816113
401 0.000543302192065155
438 0.0017977518488432563
452 0.0008293695298394827
455 0.00041790813825628515
496 0.0002464916487181342
527 0.0005908656000986806
550 0.00025332444879269114
551 0.0002832412727662006
555 0.000737266307740498
573 0.0001652752038556845
594 0.0003438806748054391
596 0.0008609827766498793
613 0.0002597352724507996
666 0.0006513749791479525
669 0.00012589385831905585
701 0.0005685167944117531
716 0.0003136207976380542
753 0.0002783569986123394
772 0.0002597352724507996
803 0.0002597352724507996
851 0.00008185705212231243
893 0.0007550417726806894
898 0.0003014743275909555
915 0.0006458029636839771
916 0.0009884344705174716
980 0.0010899669926107173
1001 0.00030739717354226806
1034 0.00034065472379816113
1057 0.0008676998578433372
1078 0.001322569061283251
1107 0.0008544448391450592
1131 0.0006534821266696528
1162 0.0018158173388881287
1305 0.0009382274558947666
1325 0.0018741032214481734
1395 0.0001739500102896398
1396 0.0011076217679918256
1642 0.0006345864806991627
1688 0.0021095509797055133
1878 0.0003841483956894837
1949 0.0004691137279473833
2447 0.0003985861298959538
3507 0.0004338499289216686
3691 0.0006758309323565803
4231 0.0007881489921597373
4257 0.0003887745697496512
5436 0.0007881489921597373
7538 0.010477371893011645
7539 0.002619342973252911
7540 0.000873114324417637