9 0.00023858277221570697
13 0.000025983098867619697
17 0.0009434728792702768
19 0.00039636970258509594
23 0.001140093447961631
30 0.00022182651134558653
33 0.00033993182475120415
34 0.00008687753051003999
36 0.00012444579405299303
38 0.000005801646248097621
39 0.000018535113825219447
40 0.000015010431483387899
41 0.000025992963762052712
42 0.000051443803059355216
43 0.00002472922547553448
44 0.00013635553537529827
45 0.00025964242459217314
46 0.0004127192939405039
47 0.00036113023693171874
48 0.00013154366307515625
49 0.00008324134787818645
51 0.0001406033215222576
55 0.00009700475713476236
56 0.00006477729821638932
57 0.0001250684069607151
63 0.0000037855318677072396
65 0.00001773141897136357
67 0.00008407569284796038
71 0.00025123617956186376
76 0.001469426918951102
81 0.00018240709186440708
89 0.00009505729945367397
122 0.00018417084982617462
124 0.00009942778247685315
144 0.0008457118600083356
159 0.0001776836714179443
160 0.00018023749427928805
177 0.0006064048184108491
180 0.0001136486243970201
183 0.0010406451588120126
230 0.0002958245228348551
249 0.0011593189795465655
255 0.0005181909241565506
263 0.0007016171491750785
264 0.00021085919057695548
292 0.0005829699755420034
353 0.0007507780456123224
368 0.00018686500362842702
392 0.0002969338431976791
396 0.0005758906338193962
445 0.00023123617256302196
497 0.00035368817101790026
520 0.00016189608767124534
550 0.00025332444879269114
573 0.000330550407711369
666 0.00032568748957397626
669 0.00012589385831905585
825 0.000505900267840781
851 0.00008185705212231243
867 0.0006534821266696528
1060 0.0002852508106156339
1271 0.0003652527497189936
1450 0.00032568748957397626
1966 0.0005258216860189834
2044 0.0005908656000986806
2129 0.005188152611795682
2447 0.0003985861298959538
3092 0.0004338499289216686
3502 0.00036332233087023905
3538 0.0005332529953860384
4219 0.0005685167944117531
4224 0.0005411640668664958
4609 0.0005332529953860384
7541 0.000873114324417637