9 0.00017041626586836213
12 0.0005129759100776286
21 0.000286106714668853
22 0.0001341735889149772
26 0.00012343399523364164
29 0.00026649997158873667
34 0.00008687753051003999
38 0.000011603292496195242
39 0.000009267556912609724
40 0.00002101460407674306
41 0.000007426561074872202
42 0.000051443803059355216
43 0.000020607687896278735
51 0.00004686777384075253
56 0.00006477729821638932
63 0.000015142127470828958
65 0.00003546283794272714
89 0.00009505729945367397
97 0.00023454039050719067
124 0.00009942778247685315
129 0.003193391142260173
135 0.0005961065889605145
136 0.0002925555540824451
159 0.0001776836714179443
177 0.00015160120460271228
179 0.0003086168757797243
180 0.00005682431219851005
245 0.000363940178785324
264 0.00021085919057695548
271 0.0005983661268631681
274 0.0017362290197116888
277 0.0004982522556831122
279 0.00022929556638299245
363 0.0007266446617404781
367 0.0002673724241223067
391 0.0002774030711249583
396 0.00019196354460646538
401 0.00018110073068838497
411 0.00044608035070850863
455 0.002507448829537711
533 0.0004785475402955236
595 0.00044451570202655086
709 0.00027274170858643915
719 0.00048355146215385347
721 0.00044828766312813873
724 0.0005908656000986806
753 0.0002783569986123394
759 0.0017885352042216944
775 0.0007031836599018376
851 0.0002455711563669373
920 0.002489725697707071
1060 0.0002852508106156339
1093 0.00036920725599727517
1112 0.0003672140565768559
1177 0.0005188152611795682
1545 0.0004737399020075509
1550 0.0014997588456272344
1598 0.0006037805934374678
1625 0.0005332529953860384
1785 0.00030499358548289365
1886 0.0004785475402955236
1934 0.0005188152611795682
1935 0.000505900267840781
1942 0.0005685167944117531
2148 0.0008965753262562775
2180 0.0005908656000986806
2273 0.004469641874123604
2299 0.0005587052342654505
2544 0.0005685167944117531
3552 0.0006534821266696528
3620 0.0006037805934374678
4813 0.0007384474589275524
5224 0.0007881489921597373
5457 0.0005685167944117531
5565 0.000618218327643938
5566 0.000618218327643938
5567 0.000618218327643938
5568 0.000618218327643938
5569 0.000618218327643938
7035 0.0014063673198036752
7177 0.0007384474589275524
7529 0.0014768949178551047
7530 0.0007881489921597373
7542 0.000873114324417637
7543 0.000873114324417637
7544 0.000873114324417637
7545 0.000873114324417637
7546 0.000873114324417637