13 0.000012991549433809848
16 0.00007545831652538253
17 0.003585196941227052
18 0.0014234965820728077
19 0.0002642464683900639
21 0.0001430533573344265
23 0.00045603737918465233
33 0.00011331060825040136
36 0.00008296386270199534
37 0.0004195196388193289
38 0.000005801646248097621
39 0.000013901335368914586
40 0.000006004172593355159
41 0.000011139841612308305
42 0.000051443803059355216
44 0.0007499554445641406
46 0.00045857699326722653
47 0.00040627151654818366
48 0.00013154366307515625
49 0.00008324134787818645
51 0.00004686777384075253
55 0.00009700475713476236
56 0.00012955459643277864
57 0.0001250684069607151
63 0.0000037855318677072396
65 0.00005319425691409072
66 0.00009314029848720488
67 0.00004203784642398019
71 0.00012561808978093188
76 0.0005343370614367644
100 0.00015297081732618925
104 0.0006565538005733489
106 0.000505900267840781
144 0.0001691423720016671
146 0.000264773477364449
154 0.0009943709429281018
177 0.0007580060230135615
180 0.00005682431219851005
183 0.00083251612704961
245 0.000181970089392662
249 0.0011593189795465655
259 0.0015534920552852367
292 0.0005829699755420034
310 0.001135868843953162
449 0.00043049138832493966
469 0.0005332529953860384
484 0.003013439718274578
497 0.00017684408550895013
498 0.0003558910215031841
573 0.0001652752038556845
580 0.0004408563537610837
669 0.00012589385831905585
690 0.0004942172352587358
741 0.00035233775638020634
750 0.0003344468624572988
772 0.0002597352724507996
868 0.0002709256892452844
873 0.00037969048392546374
1062 0.00025810086072372616
1321 0.0003271046043571432
1322 0.0004737399020075509
1325 0.0006247010738160577
1388 0.0003753890228061612
1603 0.00040116683707882124
1690 0.0005188152611795682
2128 0.0017492123545524239
2770 0.0005188152611795682
3163 0.0005908656000986806
3315 0.004069614499512801
3689 0.0007384474589275524
4155 0.0006534821266696528
4794 0.000618218327643938
5047 0.005517042945118162
5073 0.0007881489921597373
5423 0.0006534821266696528
7547 0.000873114324417637
7548 0.000873114324417637
7549 0.000873114324417637
7550 0.000873114324417637
7551 0.000873114324417637
7552 0.000873114324417637