9 0.00020449951904203455
13 0.000045470423018334476
20 0.0004929832974362684
21 0.0007152667866721326
28 0.00025332444879269114
33 0.00011331060825040136
34 0.0002171938262751
35 0.0003887745697496512
36 0.00008296386270199534
38 0.000005801646248097621
39 0.000018535113825219447
40 0.00002101460407674306
41 0.000014853122149744404
42 0.00010288760611871043
43 0.000020607687896278735
44 0.00013635553537529827
46 0.0003668615946137812
47 0.00031598895731525394
48 0.00013154366307515625
49 0.000041620673939093223
51 0.0001874710953630101
55 0.00009700475713476236
56 0.00006477729821638932
57 0.0001250684069607151
63 0.0000037855318677072396
65 0.00001773141897136357
66 0.00009314029848720488
67 0.00008407569284796038
89 0.00019011459890734794
100 0.00015297081732618925
114 0.00021141259586679695
115 0.0002059878583080766
124 0.00009942778247685315
130 0.00027274170858643915
144 0.0001691423720016671
164 0.0006345864806991627
177 0.00015160120460271228
180 0.00005682431219851005
183 0.0002081290317624025
255 0.00017273030805218352
261 0.000467744766116719
264 0.00021085919057695548
272 0.0004737399020075509
287 0.00025810086072372616
310 0.00016226697770759457
313 0.0004338499289216686
348 0.0004272224195725296
376 0.00034065472379816113
379 0.0003438806748054391
441 0.0003438806748054391
520 0.00016189608767124534
573 0.000330550407711369
669 0.00012589385831905585
682 0.004129279250867774
750 0.0006688937249145976
851 0.00008185705212231243
897 0.0033522314055927033
951 0.000549621148441263
1060 0.0002852508106156339
1133 0.0009671029243077069
1301 0.0014826517057762074
1374 0.0005411640668664958
1395 0.0001739500102896398
1403 0.0006910521121340801
1618 0.00040380304757415875
1622 0.0008609827766498793
2148 0.00044828766312813873
2178 0.002613928506678611
2273 0.002234820937061802
2598 0.0005685167944117531
2663 0.0007384474589275524
2664 0.0007031836599018376
3176 0.009461633052992125
4261 0.0005908656000986806
4443 0.0005908656000986806
4921 0.00048355146215385347
4954 0.0007031836599018376
5914 0.0013069642533393056
7529 0.0007384474589275524
7553 0.000873114324417637
7554 0.000873114324417637
7555 0.000873114324417637
7556 0.000873114324417637
7557 0.000873114324417637
7558 0.000873114324417637
7559 0.000873114324417637