12 0.0005129759100776286
13 0.000012991549433809848
21 0.000286106714668853
22 0.0001341735889149772
23 0.00045603737918465233
26 0.00012343399523364164
34 0.00013031629576506
36 0.00012444579405299303
38 0.000005801646248097621
39 0.00002316889228152431
40 0.000015010431483387899
41 0.00002227968322461661
42 0.000051443803059355216
43 0.000008243075158511493
44 0.00020453330306294742
45 0.00012982121229608657
46 0.0003210038952870586
47 0.00031598895731525394
49 0.00008324134787818645
51 0.0001406033215222576
63 0.000007571063735414479
65 0.00005319425691409072
66 0.00027942089546161464
67 0.00008407569284796038
68 0.0002914849877710017
89 0.00009505729945367397
113 0.0002226669674373353
116 0.0021095509797055133
126 0.0011817312001973612
129 0.004561987346085961
130 0.00027274170858643915
135 0.0005961065889605145
136 0.0035106666489893414
171 0.0001368611790876869
177 0.00015160120460271228
180 0.00005682431219851005
186 0.00025254616640991854
192 0.0003242865707429365
217 0.0008609827766498793
226 0.0002049311356991152
230 0.0002958245228348551
245 0.000181970089392662
271 0.0005983661268631681
274 0.0026043435295675333
279 0.00022929556638299245
289 0.0003712334023506965
307 0.00022550415909059743
347 0.0002479774737404859
367 0.0002673724241223067
368 0.00018686500362842702
375 0.0005178306850950789
452 0.0005529130198929884
461 0.0007971722597919076
508 0.0005365022616985512
573 0.0001652752038556845
595 0.00044451570202655086
633 0.00040649720137641123
717 0.000393582208037624
806 0.011250938558429402
851 0.00008185705212231243
861 0.0014212197060226527
868 0.0005418513784905688
898 0.0003014743275909555
928 0.0052151688820246764
1060 0.0002852508106156339
1062 0.00025810086072372616
1269 0.0006758309323565803
1280 0.00032568748957397626
1297 0.000549621148441263
1650 0.00041790813825628515
1773 0.0014997588456272344
1858 0.0007881489921597373
2042 0.0010665059907720767
2085 0.0007344281131537118
2152 0.0009884344705174716
2172 0.0006758309323565803
2636 0.0013335471060796527
4454 0.0014768949178551047
7035 0.0007031836599018376
7561 0.001746228648835274
7562 0.001746228648835274