0 0.00019243773886705868
1 0.0001309668193588762
2 0.00017273030805218352
5 0.0002365665368606119
6 0.0002400196965770493
7 0.000233207996263883
8 0.00028224872431895635
12 0.0002564879550388143
13 0.000019487324150714776
15 0.0005129759100776286
26 0.00012343399523364164
30 0.00022182651134558653
34 0.000043438765255019996
36 0.00004148193135099767
38 0.000005801646248097621
39 0.000013901335368914586
40 0.00000900625889003274
41 0.000007426561074872202
43 0.00001236461273776724
45 0.00012982121229608657
46 0.0001834307973068906
47 0.00009028255923292969
49 0.00008324134787818645
52 0.00014497369525357328
56 0.00006477729821638932
61 0.00035285287846540845
63 0.0000037855318677072396
64 0.00018731984297588175
104 0.00032827690028667443
107 0.0004098622713982304
125 0.0002682511308492756
193 0.0002936355528176933
214 0.00054731981622391
247 0.0005211214476182807
271 0.00029918306343158405
274 0.002893715032852815
277 0.00019930090227324488
279 0.00022929556638299245
286 0.0001987752449196317
288 0.0018241495167386093
320 0.0023578012133405124
327 0.0015842345479227535
367 0.0002673724241223067
413 0.00024142866684252312
457 0.0008809066584530799
520 0.00016189608767124534
550 0.00025332444879269114
739 0.0006037805934374678
759 0.0010731211225330165
826 0.0004272224195725296
866 0.0004272224195725296
1283 0.001695365182587332
1341 0.0013069642533393056
1538 0.0009293116323667267
2024 0.00611180027092346
2025 0.003940744960798687
2026 0.004945746621151504
2027 0.00046465581618336337
2028 0.000873114324417637
2029 0.0006534821266696528