9 0.00017041626586836213
13 0.00003897464830142955
16 0.00007545831652538253
28 0.00025332444879269114
38 0.000005801646248097621
39 0.000009267556912609724
40 0.000006004172593355159
41 0.000007426561074872202
42 0.00010288760611871043
43 0.00001236461273776724
44 0.00013635553537529827
45 0.00025964242459217314
46 0.00027514619596033594
47 0.00027084767769878907
55 0.00019400951426952473
56 0.00012955459643277864
63 0.00000567829780156086
65 0.00003546283794272714
67 0.00004203784642398019
71 0.00012561808978093188
88 0.0004974543902408237
89 0.00009505729945367397
97 0.00023454039050719067
104 0.00016413845014333722
105 0.0003314569809760339
154 0.0006629139619520678
180 0.00005682431219851005
245 0.000181970089392662
261 0.0002338723830583595
279 0.00022929556638299245
347 0.0012398873687024298
377 0.0003188377153162591
689 0.003013439718274578
780 0.0003775208863403447
851 0.00008185705212231243
1007 0.002361493248225744
1241 0.0006534821266696528
2007 0.0004408563537610837