9 0.00017041626586836213
13 0.000006495774716904924
19 0.0005284929367801278
30 0.00044365302269117307
36 0.00024889158810598606
37 0.00020975981940966445
38 0.000005801646248097621
39 0.000013901335368914586
40 0.00000900625889003274
41 0.000011139841612308305
42 0.000051443803059355216
43 0.000020607687896278735
44 0.00013635553537529827
46 0.0005044346925939492
47 0.0004965540757811133
48 0.00013154366307515625
49 0.000041620673939093223
55 0.00009700475713476236
56 0.00006477729821638932
57 0.0001250684069607151
63 0.00000567829780156086
65 0.00003546283794272714
66 0.00009314029848720488
67 0.00008407569284796038
69 0.00023724943034546792
70 0.00035233775638020634
71 0.00012561808978093188
72 0.0007057057569308169
73 0.00019291377466338104
76 0.0008015055921551466
81 0.0010944425511864426
87 0.0009457813389389926
97 0.00023454039050719067
100 0.00015297081732618925
106 0.0035413018748854676
115 0.0002059878583080766
123 0.000188234616351904
124 0.00009942778247685315
136 0.0002925555540824451
138 0.0003775208863403447
171 0.0001368611790876869
172 0.0006534821266696528
177 0.00015160120460271228
180 0.00005682431219851005
263 0.0002338723830583595
399 0.0005938676863953582
429 0.0005258216860189834
438 0.00287640295814921
496 0.0002464916487181342
590 0.0003672140565768559
613 0.0002597352724507996
649 0.0003960586369806884
666 0.00032568748957397626
669 0.00012589385831905585
670 0.0003329428059983855
803 0.0002597352724507996
851 0.00008185705212231243
1034 0.00034065472379816113
1057 0.0004338499289216686
1060 0.0002852508106156339
1073 0.00046465581618336337
1304 0.006641586527812147
1317 0.000618218327643938
1395 0.0001739500102896398
1446 0.0007191007395373025
1647 0.0006037805934374678
3085 0.000618218327643938
5111 0.0007031836599018376
5316 0.001117410468530901
5414 0.0006758309323565803
6375 0.0007031836599018376
7563 0.000873114324417637
7564 0.000873114324417637
7565 0.001746228648835274