9 0.00013633301269468968
13 0.00003897464830142955
19 0.00013212323419503196
33 0.00011331060825040136
37 0.0004195196388193289
38 0.000005801646248097621
39 0.000018535113825219447
40 0.00000900625889003274
41 0.00002227968322461661
42 0.000051443803059355216
43 0.000020607687896278735
44 0.00013635553537529827
46 0.0003210038952870586
47 0.00031598895731525394
48 0.00013154366307515625
49 0.00008324134787818645
51 0.00004686777384075253
63 0.0000037855318677072396
65 0.00003546283794272714
66 0.00009314029848720488
67 0.00012611353927194057
72 0.0014114115138616338
73 0.00019291377466338104
76 0.0030724381032613953
81 0.00018240709186440708
87 0.001513250142302388
115 0.0002059878583080766
124 0.00009942778247685315
177 0.00030320240920542457
180 0.00005682431219851005
183 0.000416258063524805
192 0.0003242865707429365
196 0.0003351616683040378
243 0.000264773477364449
253 0.0002472323099654942
277 0.00039860180454648976
286 0.0001987752449196317
307 0.00022550415909059743
360 0.00019339166635443979
399 0.0005938676863953582
429 0.0005258216860189834
438 0.0021573022186119075
493 0.00023454039050719067
494 0.001171932511219166
496 0.0004929832974362684
497 0.0005305322565268504
498 0.0003558910215031841
613 0.0002597352724507996
646 0.0003712334023506965
688 0.001648863445323789
803 0.0002597352724507996
851 0.00008185705212231243
915 0.00032290148184198857
1027 0.0010665059907720767
1034 0.002725237790385289
1285 0.0007266446617404781
1395 0.0001739500102896398
3956 0.0005685167944117531
5316 0.0005587052342654505
5950 0.0015762979843194746
7566 0.006984914595341096