1 0.0002619336387177524
2 0.00017273030805218352
9 0.00020449951904203455
13 0.000012991549433809848
30 0.00044365302269117307
33 0.0005665530412520069
34 0.000043438765255019996
38 0.00002030576186834168
39 0.000004633778456304862
40 0.0000030020862966775796
41 0.000003713280537436101
42 0.000051443803059355216
43 0.00001236461273776724
51 0.00004686777384075253
56 0.00006477729821638932
63 0.00001135659560312172
65 0.00003546283794272714
66 0.00009314029848720488
67 0.00004203784642398019
72 0.0014114115138616338
76 0.0006679213267959556
87 0.0013240938745145896
89 0.00009505729945367397
115 0.0002059878583080766
124 0.00009942778247685315
144 0.0005074271160050014
171 0.0001368611790876869
177 0.00015160120460271228
180 0.0001136486243970201
183 0.00083251612704961
261 0.0002338723830583595
411 0.00044608035070850863
662 0.0004408563537610837
750 0.0003344468624572988
851 0.0004092852606115622
1070 0.0003541015143419739
1283 0.00033907303651746636
1321 0.0003271046043571432
1325 0.00031235053690802886
1376 0.0004942172352587358
1388 0.0030031121824492897
1499 0.000393582208037624
2007 0.0004408563537610837
2160 0.0006758309323565803
3033 0.0004737399020075509
3139 0.0004942172352587358
4443 0.0005908656000986806
4450 0.0005332529953860384
5920 0.0006534821266696528
5934 0.0007881489921597373
7567 0.002619342973252911
7568 0.001746228648835274
7569 0.000873114324417637