1 0.0001309668193588762
9 0.00020449951904203455
13 0.000025983098867619697
19 0.00013212323419503196
27 0.0020250689920069094
28 0.0005066488975853823
30 0.00022182651134558653
34 0.000043438765255019996
36 0.00008296386270199534
38 0.000014504115620244055
39 0.000009267556912609724
40 0.0000030020862966775796
41 0.000003713280537436101
42 0.00010288760611871043
43 0.000008243075158511493
51 0.00004686777384075253
56 0.0003886637892983359
63 0.000007571063735414479
65 0.00003546283794272714
66 0.00009314029848720488
67 0.00004203784642398019
76 0.0001335842653591911
89 0.00019011459890734794
95 0.0004272224195725296
97 0.00046908078101438134
100 0.0004589124519785678
106 0.001011800535681562
113 0.0002226669674373353
115 0.0004119757166161532
124 0.00009942778247685315
130 0.00027274170858643915
160 0.00018023749427928805
177 0.00015160120460271228
180 0.00005682431219851005
183 0.000416258063524805
237 0.0017794551075159207
245 0.000181970089392662
248 0.0007031836599018376
253 0.0004944646199309884
255 0.00017273030805218352
264 0.00021085919057695548
297 0.00034888459666376895
360 0.00019339166635443979
399 0.0002969338431976791
411 0.00044608035070850863
431 0.0007593809678509275
491 0.0040442129613962536
492 0.00037969048392546374
505 0.001007908809974945
506 0.0008975491902947523
508 0.0010730045233971024
539 0.00045217938883475555
540 0.0006943876483085783
585 0.0003911548205288988
678 0.0004603543550640608
709 0.001363708542932196
730 0.0008965753262562775
851 0.0002455711563669373
879 0.0005916490456697102
1024 0.000505900267840781
1032 0.0005332529953860384
1084 0.00036920725599727517
1093 0.00036920725599727517
1297 0.001648863445323789
1301 0.0004942172352587358
1342 0.0007384474589275524
1397 0.0008408622523832819
1417 0.0003911548205288988
1436 0.00048355146215385347
1445 0.0005685167944117531
1446 0.00035955036976865123
1511 0.0004408563537610837
1739 0.0006534821266696528
1953 0.0005411640668664958
2012 0.000549621148441263
2013 0.0005908656000986806
2014 0.0010316420244163174
2636 0.00044451570202655086
2665 0.0013069642533393056
3470 0.000499919615209078
3499 0.0006758309323565803
3507 0.0004338499289216686
4092 0.0007384474589275524
4628 0.0007384474589275524
4774 0.0006758309323565803
5920 0.0019604463800089586
7177 0.0014768949178551047
7570 0.007858028919758734
7571 0.000873114324417637
7572 0.000873114324417637
7573 0.001746228648835274
7574 0.002619342973252911
7575 0.000873114324417637
7576 0.000873114324417637