9 0.00023858277221570697
13 0.000019487324150714776
21 0.0001430533573344265
22 0.0008050415334898633
26 0.00012343399523364164
30 0.0006654795340367597
34 0.00013031629576506
36 0.00012444579405299303
38 0.000011603292496195242
39 0.000013901335368914586
40 0.00001801251778006548
41 0.000011139841612308305
43 0.000016486150317022987
45 0.00012982121229608657
47 0.00004514127961646484
49 0.000041620673939093223
51 0.00004686777384075253
59 0.001204758317069204
63 0.000007571063735414479
65 0.00003546283794272714
66 0.00018628059697440975
67 0.0006726055427836831
76 0.0008015055921551466
88 0.0004974543902408237
107 0.0002049311356991152
113 0.0002226669674373353
115 0.0006179635749242299
122 0.00018417084982617462
135 0.00029805329448025724
150 0.00035621126149020904
159 0.0015991530427614993
160 0.00018023749427928805
165 0.00022550415909059743
171 0.0002737223581753738
177 0.00015160120460271228
180 0.0002272972487940402
193 0.0005872711056353866
196 0.0001675808341520189
205 0.0007384474589275524
212 0.00040116683707882124
223 0.00044451570202655086
226 0.0004098622713982304
237 0.0003558910215031841
261 0.000467744766116719
277 0.00029895135340986733
286 0.0009938762245981585
348 0.0004272224195725296
357 0.0013755226992217563
359 0.0005258216860189834
367 0.0002673724241223067
374 0.001011800535681562
396 0.0005758906338193962
401 0.00018110073068838497
437 0.00032153186911851154
464 0.000393582208037624
505 0.0003359696033249817
506 0.00029918306343158405
537 0.0003960586369806884
538 0.0002852508106156339
587 0.0004942172352587358
614 0.0005121877518304292
633 0.00040649720137641123
635 0.014974830851035011
643 0.000505900267840781
662 0.0004408563537610837
669 0.0002517877166381117
703 0.0002862680700927968
786 0.01009507618935397
818 0.0014826517057762074
851 0.0002455711563669373
858 0.0002457554359134993
865 0.0006345864806991627
942 0.0013119092659143181
961 0.0007031836599018376
1078 0.0008817127075221674
1114 0.0005791825675166354
1154 0.0003960586369806884
1280 0.00032568748957397626
1395 0.0006958000411585592
1397 0.00028028741746109395
1398 0.00040380304757415875
1403 0.0010365781682011202
1534 0.0006037805934374678
1562 0.0014063673198036752
1634 0.001099242296882526
1659 0.0006758309323565803
1725 0.0017634254150443347
1753 0.0013119092659143181
1767 0.0006534821266696528
1892 0.0005258216860189834
1959 0.0006758309323565803
2163 0.0010823281337329915
2507 0.0006037805934374678
2788 0.0007031836599018376
2932 0.001117410468530901
3226 0.0005188152611795682
3564 0.0006758309323565803
4921 0.0009671029243077069
5853 0.0007031836599018376
5870 0.0007881489921597373
6307 0.0007384474589275524
7451 0.0031525959686389492
7577 0.004365571622088185
7578 0.002619342973252911
7579 0.000873114324417637
7580 0.0047288939529584245
7581 0.000873114324417637
7582 0.000873114324417637
7583 0.0047288939529584245
7584 0.000873114324417637
7585 0.000873114324417637
7586 0.001746228648835274
7587 0.000873114324417637
7588 0.000873114324417637
7589 0.000873114324417637
7590 0.000873114324417637