9 0.00023858277221570697
13 0.000006495774716904924
16 0.00007545831652538253
21 0.000286106714668853
34 0.000043438765255019996
36 0.00012444579405299303
37 0.0010487990970483223
38 0.000005801646248097621
39 0.000013901335368914586
40 0.000012008345186710319
41 0.000014853122149744404
42 0.000051443803059355216
43 0.000020607687896278735
44 0.00013635553537529827
46 0.00045857699326722653
47 0.00045141279616464847
48 0.00013154366307515625
49 0.00008324134787818645
51 0.00004686777384075253
55 0.00009700475713476236
57 0.0001250684069607151
63 0.0000037855318677072396
65 0.00001773141897136357
67 0.00008407569284796038
69 0.00023724943034546792
71 0.00025123617956186376
113 0.00011133348371866765
123 0.000188234616351904
124 0.0001988555649537063
159 0.0001776836714179443
180 0.00005682431219851005
197 0.0002904236905482616
263 0.0002338723830583595
304 0.00026056072380914035
360 0.00019339166635443979
476 0.00045619873460859607
486 0.00043730308863810597
490 0.0013015497867650057
491 0.0021776531330595216
505 0.0016798480166249088
506 0.0014959153171579206
507 0.00027274170858643915
508 0.0005365022616985512
512 0.0025401001867573682
595 0.00044451570202655086
608 0.0003438806748054391
669 0.0002517877166381117
678 0.0004603543550640608
709 0.0010909668343457566
750 0.0003344468624572988
760 0.000424038368775366
851 0.00008185705212231243
868 0.0002709256892452844
876 0.0003911548205288988
1012 0.0005685167944117531
1073 0.00046465581618336337
1088 0.000499919615209078
1395 0.0001739500102896398
1397 0.00028028741746109395
1399 0.001772596800296042
1403 0.00034552605606704003
1493 0.0006534821266696528
1594 0.000549621148441263
1701 0.000505900267840781
1910 0.0010376305223591363
1953 0.0005411640668664958
2014 0.002063284048832635
2172 0.0006758309323565803
2273 0.0005587052342654505
3020 0.0006534821266696528
3353 0.0026662649769301923
3431 0.0006758309323565803
3617 0.0007881489921597373
3678 0.0007881489921597373
3714 0.0005791825675166354
4192 0.0005258216860189834
4261 0.0005908656000986806
4415 0.0005908656000986806
5914 0.0006534821266696528
5920 0.0013069642533393056
5925 0.0031525959686389492
5926 0.0006345864806991627
5940 0.0029537898357102094
6042 0.0007881489921597373
7071 0.0007031836599018376
7591 0.000873114324417637
7592 0.005238685946505822