9 0.00020449951904203455
13 0.000019487324150714776
19 0.0002642464683900639
22 0.0001341735889149772
30 0.0033273976701837984
34 0.00008687753051003999
36 0.00012444579405299303
38 0.000017404938744292866
40 0.0000030020862966775796
41 0.000003713280537436101
42 0.00010288760611871043
43 0.000004121537579255747
49 0.00012486202181727967
51 0.00004686777384075253
56 0.00006477729821638932
59 0.0008031722113794693
63 0.0000094638296692681
65 0.00007092567588545428
67 0.00004203784642398019
68 0.0002914849877710017
71 0.00012561808978093188
76 0.0005343370614367644
97 0.00046908078101438134
100 0.0004589124519785678
108 0.000549621148441263
115 0.0002059878583080766
124 0.0001988555649537063
130 0.00027274170858643915
146 0.000264773477364449
162 0.0004149542829511784
171 0.0001368611790876869
180 0.00005682431219851005
183 0.00083251612704961
226 0.0002049311356991152
251 0.00022002825322499402
324 0.0007507780456123224
356 0.0008129944027528225
360 0.0005801749990633194
399 0.0002969338431976791
411 0.00044608035070850863
476 0.0013685962038257882
648 0.0028815965149227864
666 0.0006513749791479525
750 0.0003344468624572988
772 0.0002597352724507996
851 0.00032742820848924973
863 0.0011076217679918256
893 0.0003775208863403447
942 0.0013119092659143181
1029 0.00023724943034546792
1208 0.0003541015143419739
1442 0.0004338499289216686
1586 0.002642646204382413
1953 0.0005411640668664958
2366 0.0012537244147688554
2973 0.0006534821266696528
4502 0.0007384474589275524
7593 0.002619342973252911