9 0.00013633301269468968
16 0.00007545831652538253
34 0.000043438765255019996
36 0.00004148193135099767
38 0.000008702469372146433
39 0.000018535113825219447
40 0.000006004172593355159
41 0.000007426561074872202
43 0.00001236461273776724
44 0.00020453330306294742
55 0.00029101427140428715
63 0.000007571063735414479
65 0.00005319425691409072
67 0.00008407569284796038
72 0.0008821321961635212
73 0.00019291377466338104
76 0.0004007527960775733
84 0.0004261759244447152
87 0.000378312535575597
105 0.0003314569809760339
122 0.00018417084982617462
134 0.0003672140565768559
143 0.0023099226548529525
144 0.0003382847440033342
146 0.000264773477364449
150 0.00035621126149020904
175 0.0003753890228061612
180 0.00005682431219851005
186 0.00025254616640991854
247 0.00026056072380914035
255 0.00017273030805218352
261 0.0002338723830583595
277 0.00019930090227324488
289 0.000742466804701393
310 0.00016226697770759457
367 0.0002673724241223067
375 0.0005178306850950789
401 0.00018110073068838497
430 0.00022365154352182467
445 0.00023123617256302196
851 0.00016371410424462487
902 0.0003753890228061612
967 0.0011583651350332708
1322 0.0009474798040151018
1442 0.0004338499289216686
1586 0.0015100835453613788
4257 0.0003887745697496512
6762 0.0007881489921597373
6959 0.0007384474589275524
7602 0.000873114324417637
7603 0.000873114324417637
7604 0.000873114324417637
7605 0.000873114324417637