0 0.00019243773886705868
1 0.0001309668193588762
2 0.00017273030805218352
5 0.0002365665368606119
6 0.0002400196965770493
7 0.000233207996263883
13 0.000006495774716904924
16 0.00015091663305076506
26 0.00012343399523364164
28 0.00025332444879269114
30 0.00022182651134558653
34 0.000043438765255019996
37 0.00020975981940966445
38 0.000005801646248097621
39 0.000004633778456304862
40 0.000012008345186710319
41 0.000011139841612308305
43 0.00001236461273776724
49 0.000041620673939093223
51 0.00004686777384075253
52 0.00014497369525357328
56 0.00019433189464916796
60 0.0002572917550567303
63 0.000007571063735414479
89 0.00009505729945367397
100 0.00015297081732618925
123 0.000188234616351904
124 0.00009942778247685315
128 0.00045619873460859607
139 0.00028224872431895635
160 0.00018023749427928805
169 0.002703323729426321
171 0.0002737223581753738
212 0.00040116683707882124
213 0.001117410468530901
220 0.0013069642533393056
223 0.0022225785101327544
245 0.000363940178785324
250 0.0003712334023506965
254 0.0004272224195725296
255 0.00017273030805218352
274 0.0008681145098558444
277 0.00019930090227324488
287 0.00025810086072372616
304 0.00026056072380914035
307 0.00022550415909059743
371 0.0004408563537610837
374 0.000505900267840781
375 0.00025891534254753946
376 0.00034065472379816113
403 0.0005587052342654505
430 0.00022365154352182467
461 0.0007971722597919076
475 0.0008588042102783905
476 0.0009123974692171921
498 0.0007117820430063682
515 0.0005258216860189834
542 0.002499598076045391
661 0.0007384474589275524
667 0.0009123974692171921
716 0.0003136207976380542
728 0.001236436655287876
729 0.0009382274558947666
791 0.0006758309323565803
864 0.000549621148441263
907 0.0006345864806991627
908 0.0003652527497189936
958 0.0006534821266696528
988 0.00041790813825628515
1050 0.0004603543550640608
1068 0.0009775367596641168
1119 0.0006037805934374678
1412 0.0005188152611795682
1696 0.0004887683798320584
1763 0.0006758309323565803
2030 0.0007881489921597373
2031 0.0007384474589275524
2032 0.005169132212492868
2033 0.0005908656000986806
2034 0.0026291084300949174
2035 0.0007384474589275524
2036 0.000873114324417637
2037 0.0015762979843194746
2038 0.0014768949178551047
2039 0.000873114324417637
2040 0.0007031836599018376
2041 0.0014063673198036752
2042 0.0005332529953860384
2043 0.0005332529953860384
2044 0.0011817312001973612
2045 0.0007881489921597373
2046 0.000873114324417637
2047 0.000873114324417637
2048 0.000873114324417637
2049 0.000873114324417637
2050 0.001746228648835274
2051 0.000873114324417637