9 0.00030674927856305184
13 0.000019487324150714776
16 0.00015091663305076506
26 0.00012343399523364164
29 0.00026649997158873667
30 0.00022182651134558653
34 0.000043438765255019996
38 0.000005801646248097621
39 0.000009267556912609724
40 0.000012008345186710319
41 0.000011139841612308305
42 0.00010288760611871043
43 0.00002472922547553448
44 0.00013635553537529827
45 0.00012982121229608657
46 0.00022928849663361327
47 0.00031598895731525394
51 0.00004686777384075253
55 0.00009700475713476236
56 0.00012955459643277864
57 0.0001250684069607151
59 0.00020079305284486732
63 0.0000037855318677072396
65 0.00005319425691409072
74 0.00030499358548289365
81 0.00036481418372881415
113 0.0002226669674373353
144 0.0020297084640200054
154 0.0003314569809760339
180 0.00005682431219851005
251 0.00022002825322499402
254 0.0004272224195725296
307 0.00022550415909059743
491 0.001244373218891155
492 0.0011390714517763912
495 0.0003753890228061612
505 0.001007908809974945
506 0.0008975491902947523
508 0.0005365022616985512
669 0.0002517877166381117
678 0.0009207087101281216
716 0.0003136207976380542
851 0.00008185705212231243
902 0.0003753890228061612
1052 0.0005258216860189834
1070 0.0003541015143419739
1397 0.003083161592072034
1398 0.0012114091427224763
1700 0.0006534821266696528
1908 0.0019604463800089586
2218 0.00045619873460859607
4169 0.000424038368775366
5420 0.004327528293507567