9 0.00017041626586836213
13 0.000012991549433809848
16 0.00007545831652538253
20 0.00172544154102694
30 0.0019964386021102793
38 0.000005801646248097621
39 0.000009267556912609724
40 0.00000900625889003274
41 0.000014853122149744404
42 0.00010288760611871043
43 0.000016486150317022987
44 0.00013635553537529827
46 0.00045857699326722653
47 0.00040627151654818366
48 0.00013154366307515625
49 0.000041620673939093223
51 0.00009373554768150506
55 0.00029101427140428715
56 0.00006477729821638932
57 0.0001250684069607151
63 0.0000037855318677072396
65 0.00003546283794272714
66 0.00027942089546161464
67 0.00004203784642398019
73 0.00019291377466338104
75 0.00045217938883475555
76 0.0008015055921551466
81 0.0012768496430508498
87 0.0005674688033633956
89 0.00019011459890734794
113 0.00011133348371866765
136 0.0005851111081648902
146 0.000264773477364449
180 0.00005682431219851005
183 0.000416258063524805
251 0.00022002825322499402
260 0.0026732942281890515
261 0.0002338723830583595
267 0.0005567139972246788
310 0.00048680093312278375
352 0.0002958245228348551
445 0.00023123617256302196
496 0.0004929832974362684
573 0.0001652752038556845
613 0.0002597352724507996
669 0.00012589385831905585
803 0.0005194705449015992
851 0.00008185705212231243
1034 0.00034065472379816113
1395 0.0001739500102896398
1700 0.005881339140026876
2631 0.0016482797464601716
4201 0.0018764549117895333
4205 0.0005188152611795682