0 0.00019243773886705868
9 0.00017041626586836213
14 0.0005050923328198371
15 0.0005129759100776286
16 0.00007545831652538253
17 0.0024530294861027195
18 0.0009489977213818717
19 0.0002642464683900639
21 0.0001430533573344265
23 0.0009120747583693047
26 0.00012343399523364164
33 0.00022662121650080273
36 0.00008296386270199534
38 0.000005801646248097621
39 0.00002316889228152431
40 0.000012008345186710319
41 0.000014853122149744404
42 0.00015433140917806565
43 0.000008243075158511493
44 0.00020453330306294742
46 0.00027514619596033594
47 0.00027084767769878907
49 0.00008324134787818645
51 0.00004686777384075253
55 0.00009700475713476236
56 0.0002591091928655573
59 0.00020079305284486732
63 0.00000567829780156086
65 0.00007092567588545428
67 0.00004203784642398019
98 0.000505900267840781
100 0.00015297081732618925
113 0.00011133348371866765
115 0.0002059878583080766
125 0.0002682511308492756
150 0.00017810563074510452
177 0.00015160120460271228
180 0.00005682431219851005
192 0.0003242865707429365
193 0.0005872711056353866
214 0.00054731981622391
226 0.0002049311356991152
236 0.003585314262813005
243 0.000529546954728898
251 0.00044005650644998804
259 0.00025891534254753946
277 0.00019930090227324488
286 0.0003975504898392634
287 0.00025810086072372616
288 0.0009120747583693047
297 0.00034888459666376895
320 0.002063076061672949
327 0.0015842345479227535
363 0.00036332233087023905
367 0.0002673724241223067
375 0.0005178306850950789
493 0.000703621171521572
494 0.0009766104260159718
497 0.00017684408550895013
498 0.0003558910215031841
538 0.0002852508106156339
549 0.001615212190296635
551 0.0005664825455324013
622 0.0003911548205288988
654 0.0035268508300886695
663 0.0031995179723162304
669 0.00012589385831905585
671 0.0002597352724507996
759 0.002146242245066033
811 0.0009043587776695111
851 0.00008185705212231243
858 0.0002457554359134993
868 0.0002709256892452844
898 0.0003014743275909555
993 0.00043049138832493966
1050 0.0004603543550640608
1083 0.0006345864806991627
1153 0.0004120699366150429
1283 0.0006781460730349327
1479 0.0007728793196977103
1522 0.0005188152611795682
1523 0.0005188152611795682
1551 0.0020487510073217167
1653 0.0037884144202459326
1705 0.0008299085659023568
2063 0.001203500511236464
2129 0.003631706828256978
2378 0.0003003233420124021
2770 0.0005188152611795682
3601 0.0007344281131537118
3928 0.0015015560912246448
7607 0.000873114324417637