9 0.00023858277221570697
16 0.00007545831652538253
37 0.0006292794582289934
38 0.000005801646248097621
39 0.000013901335368914586
40 0.000006004172593355159
41 0.000007426561074872202
42 0.00015433140917806565
43 0.00002472922547553448
44 0.00020453330306294742
45 0.00012982121229608657
46 0.00013757309798016797
47 0.00013542383884939454
49 0.00008324134787818645
55 0.00009700475713476236
63 0.00000567829780156086
65 0.00003546283794272714
67 0.00004203784642398019
88 0.00024872719512041187
89 0.00009505729945367397
113 0.00011133348371866765
124 0.00009942778247685315
144 0.0005074271160050014
180 0.00005682431219851005
210 0.0009605321716409287
246 0.00040649720137641123
277 0.00009965045113662244
310 0.0009736018662455675
468 0.0006272415952761084
494 0.000585966255609583
622 0.0003911548205288988
670 0.0003329428059983855
711 0.0008185038060016722
750 0.0003344468624572988
851 0.00008185705212231243
868 0.0002709256892452844
1548 0.0003985861298959538