0 0.00019243773886705868
1 0.0001309668193588762
9 0.0004089990380840691
13 0.000025983098867619697
19 0.0002642464683900639
28 0.00025332444879269114
33 0.00011331060825040136
38 0.000008702469372146433
39 0.00002316889228152431
40 0.00001801251778006548
41 0.000014853122149744404
42 0.00025721901529677615
43 0.00003297230063404597
44 0.00027271107075059654
46 0.0000917153986534453
47 0.00013542383884939454
49 0.00008324134787818645
51 0.0001874710953630101
55 0.00019400951426952473
56 0.0003238864910819466
57 0.0002501368139214302
63 0.00001135659560312172
65 0.00001773141897136357
67 0.00004203784642398019
77 0.00046465581618336337
81 0.00018240709186440708
87 0.0001891562677877985
89 0.00019011459890734794
124 0.00009942778247685315
159 0.000533051014253833
171 0.0001368611790876869
179 0.0024689350062377944
180 0.0001136486243970201
210 0.0003201773905469762
247 0.00026056072380914035
251 0.00022002825322499402
261 0.0002338723830583595
267 0.0005567139972246788
277 0.0008968540602296021
278 0.0003775208863403447
297 0.00034888459666376895
300 0.002060349683075215
309 0.0003003233420124021
310 0.0006490679108303783
335 0.001011800535681562
352 0.0002958245228348551
368 0.00037373000725685404
379 0.0003438806748054391
401 0.00018110073068838497
468 0.0018817247858283254
475 0.0031489487710207654
493 0.00023454039050719067
520 0.00016189608767124534
540 0.0017359691207714462
545 0.0007971722597919076
550 0.00025332444879269114
575 0.001011800535681562
585 0.0007823096410577976
638 0.00040116683707882124
658 0.0003841483956894837
669 0.00012589385831905585
671 0.0002597352724507996
708 0.00035955036976865123
766 0.0004785475402955236
851 0.00008185705212231243
866 0.0008544448391450592
871 0.0007921172739613768
993 0.00043049138832493966
1060 0.0002852508106156339
1062 0.00025810086072372616
1066 0.000424038368775366
1067 0.0004408563537610837
1091 0.002472873310575752
1112 0.0007344281131537118
1325 0.003435855905988318
1374 0.004870476601798462
1827 0.00041790813825628515
1837 0.000499919615209078
1878 0.0007682967913789674
1920 0.0006534821266696528
2112 0.0007881489921597373
2199 0.0009570950805910472
2378 0.0003003233420124021
2637 0.00043049138832493966
2697 0.0020058341853941065
2700 0.00040380304757415875
2701 0.0004603543550640608
2702 0.00046465581618336337
2703 0.00045217938883475555
2989 0.001236436655287876
3007 0.00043049138832493966
3018 0.0004408563537610837
4204 0.00045619873460859607
4221 0.0004887683798320584
4370 0.0004603543550640608
4371 0.0004785475402955236
4372 0.0004691137279473833
4373 0.00046465581618336337
4374 0.0004737399020075509
4375 0.0004603543550640608
4421 0.0006758309323565803
4448 0.0007384474589275524
4456 0.0018087175553390222
4457 0.0005791825675166354
4743 0.00048355146215385347
4993 0.0007881489921597373
6478 0.0015762979843194746
6830 0.005169132212492868
7608 0.001746228648835274
7609 0.000873114324417637