9 0.00013633301269468968
13 0.000012991549433809848
16 0.00015091663305076506
17 0.0016982511826864983
18 0.00047449886069093585
19 0.00039636970258509594
21 0.0001430533573344265
22 0.00040252076674493167
36 0.00004148193135099767
38 0.000014504115620244055
39 0.000009267556912609724
40 0.000006004172593355159
41 0.000007426561074872202
43 0.00001236461273776724
46 0.00013757309798016797
47 0.00013542383884939454
51 0.0001406033215222576
63 0.0000094638296692681
65 0.00003546283794272714
66 0.00027942089546161464
67 0.00008407569284796038
69 0.00023724943034546792
72 0.0019406908315597465
74 0.00030499358548289365
87 0.0001891562677877985
89 0.00019011459890734794
102 0.00025332444879269114
104 0.00016413845014333722
107 0.0004098622713982304
113 0.00011133348371866765
130 0.00027274170858643915
144 0.0003382847440033342
154 0.0003314569809760339
158 0.00028424192373937554
177 0.00015160120460271228
180 0.00005682431219851005
196 0.0001675808341520189
211 0.0006534821266696528
245 0.000181970089392662
249 0.00038643965984885517
259 0.00025891534254753946
260 0.0003818991754555788
264 0.00042171838115391097
267 0.0002783569986123394
278 0.0007550417726806894
279 0.00022929556638299245
347 0.0002479774737404859
401 0.00036220146137676994
405 0.0014826517057762074
411 0.00044608035070850863
430 0.00022365154352182467
442 0.0003242865707429365
520 0.00016189608767124534
555 0.0002457554359134993
669 0.00012589385831905585
851 0.00032742820848924973
873 0.00037969048392546374
1060 0.0002852508106156339
1095 0.0004120699366150429
1603 0.0008023336741576425
1781 0.0005644974486379127
1785 0.00030499358548289365
1843 0.000393582208037624
2005 0.0006534821266696528
2128 0.0013119092659143181
2876 0.0006037805934374678
2909 0.0006534821266696528
2997 0.0006345864806991627
3033 0.0004737399020075509
3208 0.00034065472379816113
3315 0.00045217938883475555
3601 0.0003672140565768559
3717 0.00048355146215385347
4204 0.00045619873460859607
4440 0.0014768949178551047
5072 0.0006758309323565803
5423 0.00914874977337514
6825 0.0006758309323565803
7610 0.001746228648835274
7611 0.000873114324417637
7612 0.0007881489921597373
7613 0.000873114324417637