1 0.0002619336387177524
13 0.000012991549433809848
17 0.0016982511826864983
23 0.0009120747583693047
33 0.00011331060825040136
36 0.00004148193135099767
38 0.000008702469372146433
39 0.000013901335368914586
40 0.000006004172593355159
41 0.000011139841612308305
42 0.00010288760611871043
43 0.000004121537579255747
44 0.00013635553537529827
51 0.00004686777384075253
55 0.00009700475713476236
56 0.00012955459643277864
57 0.0001250684069607151
63 0.00000567829780156086
65 0.00001773141897136357
67 0.00016815138569592077
76 0.0010686741228735288
89 0.00009505729945367397
99 0.0003271046043571432
122 0.00018417084982617462
123 0.000376469232703808
124 0.00009942778247685315
139 0.00028224872431895635
150 0.00017810563074510452
159 0.0001776836714179443
171 0.0001368611790876869
180 0.0001136486243970201
183 0.00083251612704961
196 0.0001675808341520189
229 0.0005121877518304292
261 0.0002338723830583595
277 0.00019930090227324488
288 0.00022801868959232616
304 0.00026056072380914035
347 0.0002479774737404859
437 0.0006430637382370231
441 0.0006877613496108782
468 0.0018817247858283254
470 0.0007593809678509275
546 0.0004120699366150429
573 0.0001652752038556845
596 0.00043049138832493966
669 0.00012589385831905585
697 0.0004691137279473833
723 0.0006534821266696528
851 0.00008185705212231243
858 0.0004915108718269986
875 0.0003841483956894837
960 0.0005411640668664958
972 0.0006534821266696528
1100 0.00040116683707882124
1138 0.0005791825675166354
1325 0.0009370516107240867
1435 0.000618218327643938
1486 0.0009293116323667267
1528 0.0013119092659143181
1646 0.0007881489921597373
1757 0.004430684753565315
2239 0.0036922372946377622
2624 0.0005685167944117531
2654 0.0004785475402955236
3847 0.0007881489921597373
4477 0.0031525959686389492
5487 0.0007881489921597373
6168 0.0007031836599018376
6461 0.0007881489921597373
7379 0.010338264424985736
7614 0.000873114324417637
7615 0.000873114324417637
7616 0.000873114324417637
7617 0.000873114324417637
7618 0.001746228648835274
7619 0.000873114324417637
7620 0.000873114324417637
7621 0.000873114324417637
7622 0.000873114324417637
7623 0.000873114324417637
7624 0.000873114324417637
7625 0.000873114324417637
7626 0.000873114324417637
7627 0.000873114324417637
7628 0.000873114324417637
7629 0.000873114324417637