0 0.00038487547773411737
2 0.00017273030805218352
9 0.00010224975952101728
12 0.0002564879550388143
13 0.000025983098867619697
16 0.00015091663305076506
30 0.00022182651134558653
33 0.00011331060825040136
34 0.00017375506102007999
36 0.00004148193135099767
37 0.0008390392776386578
38 0.000005801646248097621
40 0.00000900625889003274
41 0.000007426561074872202
42 0.000051443803059355216
43 0.000016486150317022987
49 0.000041620673939093223
52 0.00028994739050714656
55 0.00009700475713476236
58 0.0002745850375107516
59 0.00020079305284486732
60 0.0002572917550567303
61 0.00035285287846540845
63 0.0000037855318677072396
64 0.00018731984297588175
65 0.00001773141897136357
66 0.00009314029848720488
76 0.0001335842653591911
99 0.0003271046043571432
100 0.00015297081732618925
105 0.0006629139619520678
113 0.00011133348371866765
151 0.001007908809974945
247 0.00026056072380914035
253 0.0004944646199309884
255 0.00017273030805218352
270 0.004674154806992466
271 0.0005983661268631681
282 0.0034370925791002093
307 0.00022550415909059743
309 0.0006006466840248042
320 0.00029472515166756405
413 0.00024142866684252312
441 0.0003438806748054391
457 0.0002936355528176933
634 0.0005188152611795682
666 0.00032568748957397626
704 0.000618218327643938
873 0.00037969048392546374
1042 0.0021330119815441534
1068 0.0004887683798320584
1115 0.00043730308863810597
1413 0.0016598171318047137
1475 0.0006534821266696528
1495 0.0004691137279473833
2052 0.0006345864806991627
2053 0.000873114324417637
2054 0.000618218327643938
2055 0.009891493242303009
2056 0.0006345864806991627
2057 0.000873114324417637
2058 0.000873114324417637
2059 0.0005908656000986806
2060 0.000873114324417637