1 0.0001309668193588762
2 0.00017273030805218352
9 0.00023858277221570697
13 0.000006495774716904924
16 0.00007545831652538253
21 0.0001430533573344265
38 0.000008702469372146433
39 0.000013901335368914586
40 0.00000900625889003274
41 0.000011139841612308305
42 0.00010288760611871043
43 0.000020607687896278735
44 0.00013635553537529827
48 0.00013154366307515625
49 0.000041620673939093223
52 0.00014497369525357328
55 0.00009700475713476236
63 0.00000567829780156086
65 0.00001773141897136357
67 0.00004203784642398019
72 0.0010585586353962255
73 0.00019291377466338104
76 0.0002671685307183822
87 0.0005674688033633956
113 0.0002226669674373353
115 0.0002059878583080766
124 0.00009942778247685315
127 0.00041790813825628515
171 0.0001368611790876869
177 0.00015160120460271228
180 0.0001136486243970201
183 0.0006243870952872076
261 0.0002338723830583595
264 0.00021085919057695548
294 0.0003985861298959538
297 0.00034888459666376895
468 0.00219534558346638
551 0.0002832412727662006
671 0.0002597352724507996
747 0.0005188152611795682
851 0.00008185705212231243
868 0.0002709256892452844
1060 0.0002852508106156339
1062 0.00025810086072372616
1156 0.0005188152611795682
1325 0.0006247010738160577
1395 0.0001739500102896398
1511 0.0004408563537610837
1618 0.00040380304757415875
5022 0.0007384474589275524
7071 0.0007031836599018376
7632 0.000873114324417637
7633 0.000873114324417637