9 0.00010224975952101728
13 0.00003897464830142955
21 0.000286106714668853
22 0.0009392151224048407
26 0.0008640379666354917
30 0.00022182651134558653
33 0.00011331060825040136
34 0.00017375506102007999
36 0.00024889158810598606
37 0.0008390392776386578
38 0.000011603292496195242
39 0.000018535113825219447
40 0.000015010431483387899
41 0.000011139841612308305
42 0.000051443803059355216
43 0.000020607687896278735
49 0.00020810336969546614
51 0.0001874710953630101
59 0.002811102739828143
63 0.000007571063735414479
65 0.00007092567588545428
66 0.00027942089546161464
67 0.00008407569284796038
69 0.00047449886069093585
71 0.00025123617956186376
76 0.0001335842653591911
84 0.0006392638866670728
97 0.0016417827335503349
105 0.0003314569809760339
107 0.0002049311356991152
113 0.00011133348371866765
123 0.000188234616351904
125 0.0005365022616985512
130 0.00027274170858643915
144 0.0010148542320100027
159 0.0001776836714179443
160 0.00018023749427928805
180 0.00005682431219851005
186 0.00025254616640991854
192 0.0003242865707429365
196 0.0005027425024560568
212 0.0008023336741576425
214 0.000273659908111955
255 0.00017273030805218352
263 0.0007016171491750785
277 0.00029895135340986733
279 0.00022929556638299245
282 0.0007637983509111575
288 0.00022801868959232616
291 0.0003887745697496512
297 0.00034888459666376895
304 0.0005211214476182807
307 0.0006765124772717924
309 0.0006006466840248042
311 0.0004887683798320584
320 0.0008841754550026923
324 0.0003753890228061612
350 0.0059990353825089375
366 0.00034225708731462997
368 0.00018686500362842702
393 0.00033907303651746636
396 0.0005758906338193962
464 0.000393582208037624
493 0.00046908078101438134
497 0.00035368817101790026
507 0.00027274170858643915
520 0.00016189608767124534
538 0.0017115048636938035
545 0.0007971722597919076
549 0.001615212190296635
558 0.0018876044317017236
560 0.013360489538134918
572 0.00033907303651746636
585 0.0003911548205288988
595 0.00488967272229206
614 0.0005121877518304292
666 0.00032568748957397626
671 0.0002597352724507996
749 0.0004603543550640608
768 0.0039537378820698865
772 0.0002597352724507996
786 0.0036342274281674293
803 0.0005194705449015992
805 0.0009382274558947666
815 0.0004737399020075509
851 0.0002455711563669373
898 0.0003014743275909555
904 0.0005908656000986806
912 0.0017055503832352594
960 0.0016234922005994874
972 0.0013069642533393056
1031 0.00042093493558288133
1078 0.0004408563537610837
1085 0.000787164416075248
1112 0.0036721405657685596
1115 0.00043730308863810597
1143 0.0017375477025499064
1208 0.0007082030286839478
1211 0.0005587052342654505
1223 0.0009775367596641168
1224 0.0008965753262562775
1302 0.0010823281337329915
1321 0.0006542092087142864
1383 0.0005685167944117531
1397 0.0005605748349221879
1403 0.0024186823924692807
1472 0.0008746061772762119
1486 0.0009293116323667267
1696 0.0009775367596641168
1713 0.0004120699366150429
1830 0.000999839230418156
1838 0.0007031836599018376
1949 0.0018764549117895333
1997 0.0005587052342654505
2027 0.0009293116323667267
2654 0.0004785475402955236
2722 0.0012537244147688554
3502 0.00036332233087023905
3719 0.0008544448391450592
3837 0.0006345864806991627
4149 0.01633705316674132
4194 0.0005908656000986806
4216 0.000999839230418156
4337 0.013408925622370813
4601 0.000549621148441263
4898 0.0006758309323565803
4925 0.000999839230418156
6858 0.0007881489921597373
7019 0.0007881489921597373
7180 0.0022153423767826575
7319 0.0007881489921597373
7634 0.014842943515099832
7635 0.001746228648835274
7636 0.000873114324417637
7637 0.000873114324417637
7638 0.027066544056946747
7639 0.006984914595341096
7640 0.000873114324417637
7641 0.001746228648835274
7642 0.000873114324417637
7643 0.000873114324417637