9 0.00023858277221570697
13 0.000045470423018334476
22 0.0002683471778299544
26 0.0002468679904672833
34 0.000043438765255019996
36 0.00012444579405299303
38 0.000005801646248097621
39 0.000032436449194134037
40 0.00000900625889003274
41 0.000007426561074872202
43 0.00001236461273776724
49 0.000041620673939093223
51 0.00004686777384075253
59 0.0076301360081049594
63 0.0000037855318677072396
65 0.00001773141897136357
66 0.00009314029848720488
67 0.00025222707854388114
71 0.0007537085386855913
84 0.0012785277733341456
102 0.00025332444879269114
123 0.000188234616351904
159 0.0001776836714179443
165 0.00045100831818119485
171 0.0001368611790876869
175 0.0030031121824492897
180 0.00005682431219851005
186 0.00025254616640991854
192 0.0003242865707429365
212 0.00040116683707882124
214 0.000273659908111955
223 0.0022225785101327544
226 0.0002049311356991152
234 0.0005332529953860384
245 0.000181970089392662
251 0.00044005650644998804
254 0.0004272224195725296
255 0.00017273030805218352
272 0.0004737399020075509
277 0.0004982522556831122
287 0.0005162017214474523
294 0.0003985861298959538
310 0.00016226697770759457
320 0.0008841754550026923
328 0.00782187327971631
347 0.0002479774737404859
367 0.0002673724241223067
374 0.001011800535681562
396 0.000959817723032327
411 0.00022304017535425432
497 0.00017684408550895013
520 0.0003237921753424907
569 0.00042093493558288133
576 0.0003086168757797243
594 0.0003438806748054391
638 0.00040116683707882124
666 0.0006513749791479525
730 0.00044828766312813873
786 0.012114091427224765
805 0.0004691137279473833
847 0.0004737399020075509
851 0.00008185705212231243
1037 0.0002709256892452844
1280 0.0006513749791479525
1283 0.0023735112556222647
1315 0.0013448629893844162
1781 0.00028224872431895635
1785 0.00030499358548289365
1934 0.0010376305223591363
1955 0.002027492797069741
2299 0.0005587052342654505
2504 0.004430684753565315
2888 0.0005908656000986806
3208 0.00034065472379816113
4194 0.0005908656000986806
4337 0.004469641874123604
4651 0.0007384474589275524
5457 0.0005685167944117531
5777 0.0007881489921597373
7644 0.000873114324417637
7645 0.000873114324417637
7646 0.009604257568594007
7647 0.000873114324417637
7648 0.000873114324417637
7649 0.000873114324417637
7650 0.000873114324417637
7651 0.000873114324417637