9 0.00023858277221570697
11 0.0008185038060016722
13 0.000012991549433809848
14 0.0005050923328198371
15 0.000769463865116443
22 0.0002683471778299544
23 0.00022801868959232616
34 0.00013031629576506
36 0.00008296386270199534
38 0.000005801646248097621
39 0.000013901335368914586
40 0.000012008345186710319
41 0.000014853122149744404
42 0.000051443803059355216
43 0.00002885076305479023
44 0.00020453330306294742
48 0.00013154366307515625
49 0.000041620673939093223
51 0.00009373554768150506
55 0.00009700475713476236
56 0.00006477729821638932
57 0.0001250684069607151
59 0.00020079305284486732
63 0.0000037855318677072396
65 0.00001773141897136357
67 0.00016815138569592077
71 0.00012561808978093188
85 0.00024357296170002702
95 0.0004272224195725296
107 0.0008197245427964607
108 0.000549621148441263
113 0.0002226669674373353
124 0.00009942778247685315
140 0.0004603543550640608
180 0.0001136486243970201
196 0.0003351616683040378
216 0.0016761157027963517
237 0.0007117820430063682
261 0.0002338723830583595
263 0.000467744766116719
279 0.00022929556638299245
288 0.00022801868959232616
357 0.0003438806748054391
364 0.0006758309323565803
368 0.00037373000725685404
389 0.00044451570202655086
396 0.0005758906338193962
455 0.0008358162765125703
468 0.0028225871787424884
521 0.0007384474589275524
555 0.0002457554359134993
569 0.00042093493558288133
578 0.0010516433720379667
703 0.0002862680700927968
711 0.0004092519030008361
746 0.0003672140565768559
803 0.0005194705449015992
851 0.00008185705212231243
891 0.0004785475402955236
908 0.003287274747470943
1115 0.00043730308863810597
1208 0.0003541015143419739
1283 0.00033907303651746636
1468 0.0012362098098451287
1529 0.0003818991754555788
1751 0.008658625069863932
2163 0.0005411640668664958
2200 0.0013516618647131605
2465 0.0007031836599018376
2794 0.0011370335888235062
3226 0.0005188152611795682
3359 0.0006534821266696528
3485 0.0006345864806991627
3507 0.0004338499289216686
3895 0.000549621148441263
3922 0.0007881489921597373
4130 0.0029537898357102094
5112 0.0007384474589275524
5806 0.0005908656000986806
7653 0.000873114324417637
7654 0.0031525959686389492
7655 0.000873114324417637
7656 0.0007881489921597373