9 0.00023858277221570697
13 0.00003247887358452463
16 0.00015091663305076506
22 0.0001341735889149772
33 0.00011331060825040136
38 0.000005801646248097621
39 0.000013901335368914586
40 0.00000900625889003274
41 0.000014853122149744404
42 0.00015433140917806565
43 0.000016486150317022987
44 0.00013635553537529827
46 0.0003210038952870586
47 0.00031598895731525394
49 0.000041620673939093223
63 0.00000567829780156086
64 0.00018731984297588175
65 0.00010638851382818144
67 0.00008407569284796038
71 0.00012561808978093188
72 0.0007057057569308169
75 0.0031652557218432896
76 0.002003763980387867
87 0.0017024064100901867
107 0.0002049311356991152
122 0.00018417084982617462
146 0.000264773477364449
150 0.00035621126149020904
171 0.0002737223581753738
180 0.00005682431219851005
243 0.000794320432093347
251 0.00022002825322499402
253 0.0002472323099654942
255 0.00017273030805218352
261 0.0002338723830583595
276 0.0005332529953860384
278 0.001132562659021034
307 0.00045100831818119485
480 0.0003672140565768559
493 0.00023454039050719067
494 0.0013672545964223603
497 0.00017684408550895013
498 0.0003558910215031841
520 0.0003237921753424907
555 0.0002457554359134993
691 0.0009114277124752549
703 0.0002862680700927968
753 0.0002783569986123394
851 0.00008185705212231243
993 0.00043049138832493966
1037 0.0002709256892452844
1058 0.00044828766312813873
1100 0.0008023336741576425
1154 0.0003960586369806884
1280 0.00032568748957397626
1285 0.0010899669926107173
1325 0.0018741032214481734
1346 0.0011583651350332708
1550 0.000499919615209078
2770 0.0005188152611795682
4201 0.0004691137279473833