13 0.000025983098867619697
33 0.00011331060825040136
34 0.000043438765255019996
36 0.00012444579405299303
38 0.000005801646248097621
39 0.000013901335368914586
40 0.000006004172593355159
41 0.000014853122149744404
42 0.00010288760611871043
43 0.000004121537579255747
44 0.00013635553537529827
46 0.00027514619596033594
47 0.00027084767769878907
51 0.00004686777384075253
63 0.0000037855318677072396
65 0.00001773141897136357
66 0.00009314029848720488
67 0.00004203784642398019
71 0.00012561808978093188
84 0.0002130879622223576
144 0.0006765694880066684
150 0.00035621126149020904
151 0.0003359696033249817
171 0.0002737223581753738
180 0.00005682431219851005
186 0.00025254616640991854
255 0.00017273030805218352
279 0.00022929556638299245
286 0.0001987752449196317
353 0.0015015560912246448
452 0.0002764565099464942
529 0.007093340929437637
551 0.0002832412727662006
604 0.0006534821266696528
648 0.0006403547810939524
690 0.0004942172352587358
703 0.0002862680700927968
760 0.000424038368775366
843 0.0006345864806991627
851 0.00008185705212231243
1012 0.0005685167944117531
1109 0.0055639649487954435
1146 0.005227857013357222
1445 0.0005685167944117531
1511 0.0004408563537610837
2636 0.00044451570202655086
3470 0.000499919615209078
4702 0.0007031836599018376
5090 0.00632865293911654
5091 0.0031525959686389492
5784 0.0007881489921597373
6769 0.0007881489921597373
7657 0.003492457297670548
7658 0.010477371893011645
7659 0.003940744960798687
7660 0.000873114324417637
7661 0.000873114324417637
7662 0.000873114324417637