9 0.00013633301269468968
13 0.00003247887358452463
16 0.00007545831652538253
19 0.00039636970258509594
21 0.000286106714668853
34 0.000043438765255019996
38 0.000005801646248097621
39 0.000013901335368914586
40 0.000015010431483387899
41 0.000014853122149744404
42 0.000051443803059355216
43 0.00001236461273776724
49 0.00012486202181727967
51 0.00004686777384075253
56 0.00006477729821638932
63 0.0000037855318677072396
65 0.00001773141897136357
67 0.00008407569284796038
71 0.00012561808978093188
72 0.0012349850746289296
73 0.00019291377466338104
75 0.0009043587776695111
76 0.0002671685307183822
87 0.000378312535575597
88 0.0004974543902408237
97 0.00023454039050719067
107 0.0002049311356991152
113 0.00011133348371866765
114 0.00021141259586679695
124 0.00009942778247685315
144 0.0005074271160050014
146 0.000264773477364449
154 0.0003314569809760339
160 0.0003604749885585761
171 0.0002737223581753738
180 0.00005682431219851005
184 0.00040649720137641123
245 0.000181970089392662
247 0.00026056072380914035
267 0.0002783569986123394
274 0.0026043435295675333
287 0.00025810086072372616
309 0.0003003233420124021
310 0.0006490679108303783
358 0.0005791825675166354
372 0.0008746061772762119
375 0.0005178306850950789
391 0.000832209213374875
392 0.0008908015295930374
430 0.00044730308704364933
437 0.00032153186911851154
439 0.0009943709429281018
445 0.00023123617256302196
457 0.0002936355528176933
475 0.002003876490649578
480 0.0007344281131537118
497 0.00017684408550895013
508 0.0002682511308492756
572 0.0010172191095523992
576 0.0003086168757797243
624 0.0004887683798320584
633 0.00040649720137641123
691 0.0003038092374917516
716 0.0006272415952761084
783 0.0007881489921597373
851 0.00008185705212231243
891 0.0004785475402955236
1076 0.002027492797069741
1112 0.0003672140565768559
1395 0.0001739500102896398
1450 0.000977062468721929
2103 0.000549621148441263
3092 0.0004338499289216686
3210 0.0007881489921597373
3777 0.0004785475402955236
4257 0.0003887745697496512
5971 0.0009775367596641168
6082 0.003940744960798687
7663 0.000873114324417637
7664 0.001746228648835274
7665 0.003492457297670548
7666 0.000873114324417637
7667 0.001746228648835274
7668 0.000873114324417637