9 0.00013633301269468968
13 0.00007145352188595418
16 0.00007545831652538253
21 0.000286106714668853
22 0.0002683471778299544
26 0.0002468679904672833
28 0.00025332444879269114
29 0.00026649997158873667
34 0.00013031629576506
38 0.000005801646248097621
39 0.000009267556912609724
40 0.00000900625889003274
41 0.000007426561074872202
43 0.00001236461273776724
46 0.00004585769932672265
48 0.00013154366307515625
49 0.000041620673939093223
51 0.00004686777384075253
61 0.00017642643923270423
63 0.0000037855318677072396
65 0.00001773141897136357
84 0.0014916157355565035
123 0.000188234616351904
159 0.0001776836714179443
162 0.0004149542829511784
171 0.0002737223581753738
177 0.00030320240920542457
180 0.00005682431219851005
196 0.0001675808341520189
209 0.0005791825675166354
277 0.0014947567670493367
304 0.0005211214476182807
307 0.00022550415909059743
310 0.00048680093312278375
321 0.00048355146215385347
335 0.000505900267840781
363 0.00036332233087023905
396 0.0005758906338193962
401 0.001992108037572235
430 0.00022365154352182467
500 0.0006345864806991627
520 0.00016189608767124534
549 0.00040380304757415875
572 0.00033907303651746636
579 0.0004942172352587358
638 0.00040116683707882124
667 0.00045619873460859607
671 0.0002597352724507996
682 0.0003753890228061612
697 0.00140734118384215
706 0.0006345864806991627
716 0.0003136207976380542
772 0.0002597352724507996
786 0.00040380304757415875
851 0.00008185705212231243
867 0.0006534821266696528
868 0.0002709256892452844
912 0.0005685167944117531
987 0.0005685167944117531
1037 0.0002709256892452844
1062 0.00025810086072372616
1290 0.00031109330472278875
1310 0.0047231903013131085
1409 0.00827211840138153
1465 0.005625469279214701
1545 0.0042636591180679586
1586 0.0003775208863403447
1621 0.0004338499289216686
1645 0.0047288939529584245
2015 0.000499919615209078
2043 0.0015997589861581152
2199 0.0004785475402955236
2294 0.0007881489921597373
2303 0.0007031836599018376
2338 0.0005908656000986806
3485 0.0006345864806991627
4219 0.0005685167944117531
4222 0.0013565381665042668
4223 0.0013335471060796527
4224 0.0005411640668664958
5070 0.00886136950713063
5971 0.004398915418488527
7669 0.000873114324417637
7670 0.000873114324417637