0 0.00019243773886705868
1 0.0001309668193588762
2 0.00017273030805218352
5 0.0002365665368606119
6 0.0002400196965770493
7 0.000233207996263883
8 0.00028224872431895635
13 0.00003247887358452463
26 0.00012343399523364164
30 0.00022182651134558653
33 0.00011331060825040136
34 0.00013031629576506
36 0.00004148193135099767
38 0.000008702469372146433
39 0.000013901335368914586
40 0.000012008345186710319
41 0.000011139841612308305
42 0.000051443803059355216
43 0.00001236461273776724
45 0.0003894636368882597
46 0.0001834307973068906
47 0.00018056511846585937
48 0.00013154366307515625
49 0.00008324134787818645
51 0.00004686777384075253
52 0.00014497369525357328
56 0.00006477729821638932
63 0.00000567829780156086
64 0.00018731984297588175
65 0.00005319425691409072
66 0.00018628059697440975
67 0.00004203784642398019
68 0.0008744549633130053
84 0.0002130879622223576
89 0.00019011459890734794
102 0.00025332444879269114
124 0.00009942778247685315
130 0.00027274170858643915
171 0.0001368611790876869
180 0.00005682431219851005
192 0.0003242865707429365
260 0.0003818991754555788
367 0.0002673724241223067
411 0.00022304017535425432
412 0.0005745876846010181
413 0.00048285733368504623
430 0.00022365154352182467
491 0.0021776531330595216
507 0.00027274170858643915
508 0.0002682511308492756
703 0.0002862680700927968
709 0.002727417085864392
772 0.0002597352724507996
902 0.0003753890228061612
940 0.001903759442097488
993 0.00043049138832493966
1062 0.00025810086072372616
1153 0.0004120699366150429
1328 0.006019725743813558
1397 0.0008408622523832819
1654 0.0023634624003947224
1830 0.000499919615209078
2014 0.0010316420244163174
2061 0.0011817312001973612
2062 0.0007384474589275524
2063 0.00040116683707882124