9 0.00010224975952101728
13 0.000045470423018334476
21 0.0001430533573344265
22 0.0002683471778299544
26 0.0002468679904672833
34 0.00013031629576506
36 0.00008296386270199534
38 0.000005801646248097621
39 0.000013901335368914586
40 0.00000900625889003274
41 0.000011139841612308305
42 0.000051443803059355216
43 0.00001236461273776724
46 0.0000917153986534453
49 0.00008324134787818645
51 0.00004686777384075253
56 0.00012955459643277864
61 0.00017642643923270423
63 0.0000037855318677072396
65 0.00001773141897136357
66 0.00009314029848720488
81 0.00018240709186440708
100 0.00015297081732618925
107 0.0002049311356991152
114 0.0004228251917335939
124 0.00009942778247685315
125 0.0002682511308492756
165 0.00022550415909059743
171 0.0001368611790876869
180 0.00005682431219851005
193 0.0005872711056353866
214 0.000273659908111955
224 0.006345864806991628
274 0.0008681145098558444
277 0.0004982522556831122
288 0.003192261654292567
294 0.0003985861298959538
320 0.0023578012133405124
327 0.0003960586369806884
356 0.00325197761101129
366 0.0013690283492585199
396 0.0005758906338193962
430 0.00022365154352182467
441 0.0006877613496108782
455 0.0008358162765125703
471 0.0013685962038257882
563 0.0005685167944117531
576 0.0006172337515594486
669 0.00012589385831905585
749 0.0004603543550640608
753 0.0002783569986123394
782 0.00036142184220439385
851 0.00008185705212231243
876 0.0003911548205288988
893 0.003775208863403447
908 0.0007305054994379872
988 0.00041790813825628515
993 0.00043049138832493966
1153 0.0004120699366150429
1154 0.0003960586369806884
1283 0.005425168584279462
1290 0.00031109330472278875
1310 0.00036332233087023905
1368 0.00045217938883475555
1478 0.001999678460836312
1753 0.0017492123545524239
1949 0.0004691137279473833
2016 0.000505900267840781
2447 0.0003985861298959538
3386 0.003545193600592084
3485 0.001903759442097488
3603 0.0006345864806991627
3826 0.0005188152611795682
4216 0.0014997588456272344
4774 0.0006758309323565803
5117 0.0015762979843194746
5971 0.005376452178152643
6263 0.0006534821266696528
7220 0.0007881489921597373
7275 0.007881489921597373
7671 0.003492457297670548
7672 0.001746228648835274
7673 0.000873114324417637
7674 0.000873114324417637