9 0.00006816650634734484
12 0.0002564879550388143
13 0.000019487324150714776
19 0.00013212323419503196
33 0.00011331060825040136
34 0.000043438765255019996
36 0.00004148193135099767
38 0.000005801646248097621
39 0.000009267556912609724
40 0.000006004172593355159
41 0.000014853122149744404
43 0.000016486150317022987
44 0.00013635553537529827
46 0.0003210038952870586
47 0.00027084767769878907
48 0.00013154366307515625
49 0.00008324134787818645
51 0.00004686777384075253
61 0.00017642643923270423
63 0.0000094638296692681
64 0.00018731984297588175
66 0.00009314029848720488
81 0.00018240709186440708
84 0.0002130879622223576
88 0.00024872719512041187
89 0.00019011459890734794
127 0.00041790813825628515
134 0.0003672140565768559
144 0.0003382847440033342
149 0.0003732936031739842
171 0.0001368611790876869
177 0.00030320240920542457
179 0.0003086168757797243
180 0.00005682431219851005
197 0.0002904236905482616
245 0.000363940178785324
263 0.0002338723830583595
272 0.0004737399020075509
277 0.00029895135340986733
286 0.0001987752449196317
287 0.00025810086072372616
294 0.0007971722597919076
310 0.00032453395541518913
340 0.001117410468530901
352 0.0002958245228348551
356 0.00040649720137641123
367 0.0002673724241223067
391 0.0002774030711249583
396 0.00019196354460646538
401 0.00018110073068838497
411 0.00022304017535425432
430 0.00022365154352182467
484 0.00043049138832493966
494 0.00019532208520319432
573 0.0001652752038556845
642 0.0003887745697496512
665 0.0004887683798320584
684 0.0005258216860189834
851 0.00008185705212231243
866 0.0008544448391450592
876 0.0003911548205288988
1037 0.0002709256892452844
1060 0.0002852508106156339
1075 0.0006037805934374678
1095 0.0004120699366150429
1283 0.0037298034016921304
1315 0.0008965753262562775
1495 0.0004691137279473833
1598 0.0006037805934374678
1785 0.00030499358548289365
1886 0.0004785475402955236
1934 0.0005188152611795682
1935 0.000505900267840781
2099 0.000618218327643938
2297 0.0006758309323565803
2299 0.0005587052342654505
2354 0.001236436655287876
2544 0.0005685167944117531
2782 0.010137463985348705
3484 0.0047308165264960626
3502 0.00036332233087023905
3620 0.0006037805934374678
4201 0.0004691137279473833
4839 0.0007881489921597373
5457 0.0005685167944117531
5565 0.000618218327643938
5566 0.000618218327643938
5567 0.000618218327643938
5568 0.000618218327643938
5569 0.000618218327643938
5971 0.0019550735193282335
5976 0.0006758309323565803
6001 0.0015762979843194746
7675 0.000873114324417637
7676 0.000873114324417637
7677 0.000873114324417637