9 0.00010224975952101728
13 0.000025983098867619697
17 0.00018869457585405535
19 0.00013212323419503196
21 0.000286106714668853
22 0.0001341735889149772
23 0.0006840560687769785
26 0.00012343399523364164
27 0.004050137984013819
36 0.00004148193135099767
37 0.0004195196388193289
38 0.000008702469372146433
39 0.000013901335368914586
40 0.000012008345186710319
41 0.000007426561074872202
43 0.000004121537579255747
46 0.00013757309798016797
47 0.00013542383884939454
51 0.00009373554768150506
56 0.0002591091928655573
57 0.0001250684069607151
61 0.00035285287846540845
63 0.00000567829780156086
65 0.00001773141897136357
66 0.00009314029848720488
67 0.00004203784642398019
84 0.0002130879622223576
89 0.00028517189836102194
95 0.0004272224195725296
107 0.0002049311356991152
114 0.00021141259586679695
115 0.0002059878583080766
122 0.00036834169965234924
124 0.00009942778247685315
135 0.0005961065889605145
138 0.002265125318042068
146 0.000264773477364449
151 0.0003359696033249817
159 0.0001776836714179443
160 0.00018023749427928805
179 0.000925850627339173
180 0.00005682431219851005
226 0.0008197245427964607
277 0.00009965045113662244
363 0.00036332233087023905
368 0.00018686500362842702
376 0.00034065472379816113
396 0.0005758906338193962
427 0.00044451570202655086
452 0.0002764565099464942
486 0.0021865154431905303
495 0.0003753890228061612
573 0.0001652752038556845
658 0.0007682967913789674
669 0.00012589385831905585
760 0.000424038368775366
808 0.011250938558429402
822 0.0005908656000986806
851 0.00016371410424462487
902 0.0003753890228061612
927 0.001099242296882526
1027 0.0005332529953860384
1057 0.0004338499289216686
1084 0.00036920725599727517
1280 0.00032568748957397626
1290 0.00031109330472278875
1340 0.0006345864806991627
1380 0.0014768949178551047
1479 0.00038643965984885517
1637 0.0005332529953860384
2085 0.0003672140565768559
2104 0.0006758309323565803
2499 0.0006037805934374678
2812 0.0007384474589275524
3139 0.0004942172352587358
3245 0.000618218327643938
5971 0.0009775367596641168
5976 0.002703323729426321
6121 0.0006345864806991627
6479 0.0007384474589275524
7678 0.000873114324417637