9 0.00017041626586836213
13 0.00003897464830142955
20 0.0007394749461544028
26 0.00012343399523364164
34 0.00008687753051003999
36 0.0002074096567549884
38 0.000005801646248097621
39 0.000027802670737829172
40 0.00001801251778006548
41 0.000018566402687180508
42 0.00020577521223742086
43 0.000008243075158511493
44 0.00013635553537529827
46 0.0004127192939405039
47 0.00036113023693171874
48 0.00013154366307515625
49 0.000041620673939093223
51 0.00004686777384075253
55 0.00009700475713476236
56 0.00019433189464916796
57 0.0001250684069607151
60 0.000771875265170191
63 0.00000567829780156086
65 0.00007092567588545428
67 0.00021018923211990097
81 0.0005472212755932213
89 0.00009505729945367397
94 0.0004785475402955236
100 0.00015297081732618925
107 0.0004098622713982304
115 0.0002059878583080766
123 0.000188234616351904
156 0.0004338499289216686
159 0.0015991530427614993
171 0.0002737223581753738
180 0.0001136486243970201
193 0.0002936355528176933
212 0.00040116683707882124
226 0.0002049311356991152
243 0.000264773477364449
255 0.00017273030805218352
264 0.00042171838115391097
287 0.0005162017214474523
304 0.00026056072380914035
310 0.00016226697770759457
315 0.0004785475402955236
341 0.0011817312001973612
347 0.0002479774737404859
356 0.00040649720137641123
360 0.00019339166635443979
367 0.0002673724241223067
375 0.00025891534254753946
405 0.0004942172352587358
410 0.0005685167944117531
416 0.0027998397425050992
470 0.00037969048392546374
494 0.002343865022438332
520 0.00016189608767124534
551 0.0002832412727662006
573 0.000330550407711369
574 0.0006758309323565803
576 0.0006172337515594486
608 0.0006877613496108782
658 0.0003841483956894837
669 0.0002517877166381117
693 0.0009043587776695111
711 0.0004092519030008361
721 0.00044828766312813873
746 0.0003672140565768559
850 0.0007921172739613768
851 0.00008185705212231243
864 0.000549621148441263
929 0.0036922372946377622
1028 0.0003541015143419739
1074 0.000618218327643938
1084 0.00036920725599727517
1162 0.00030263622314802144
1196 0.006914671122410707
1285 0.0007266446617404781
1358 0.00840169299939851
1395 0.0001739500102896398
1396 0.00036920725599727517
1529 0.0003818991754555788
1671 0.014839771007914102
1706 0.0006534821266696528
1785 0.0006099871709657873
1997 0.0005587052342654505
2128 0.00043730308863810597
2540 0.000618218327643938
2627 0.0016234922005994874
3007 0.00043049138832493966
3612 0.0007384474589275524
3693 0.0007881489921597373
4257 0.0003887745697496512
4375 0.0004603543550640608
5798 0.0006534821266696528
5971 0.002443841899160292
6071 0.0007881489921597373
6808 0.0007384474589275524
7679 0.000873114324417637
7680 0.001746228648835274
7681 0.002619342973252911
7682 0.000873114324417637
7683 0.001746228648835274
7684 0.000873114324417637