9 0.00010224975952101728
13 0.00003897464830142955
21 0.0001430533573344265
26 0.00012343399523364164
34 0.00008687753051003999
36 0.00008296386270199534
38 0.000005801646248097621
39 0.00002316889228152431
40 0.000015010431483387899
41 0.00002227968322461661
42 0.000051443803059355216
43 0.000008243075158511493
44 0.00013635553537529827
46 0.0004127192939405039
47 0.00036113023693171874
48 0.00013154366307515625
49 0.0001664826957563729
51 0.00004686777384075253
56 0.00012955459643277864
57 0.0001250684069607151
61 0.00035285287846540845
63 0.00000567829780156086
65 0.00001773141897136357
66 0.00018628059697440975
67 0.00012611353927194057
73 0.0005787413239901431
81 0.00036481418372881415
84 0.0002130879622223576
89 0.00019011459890734794
113 0.00011133348371866765
115 0.0004119757166161532
122 0.00036834169965234924
135 0.00029805329448025724
136 0.0005851111081648902
144 0.0006765694880066684
159 0.0001776836714179443
171 0.0001368611790876869
177 0.00015160120460271228
180 0.00017047293659553015
214 0.000273659908111955
247 0.00026056072380914035
264 0.00021085919057695548
277 0.00019930090227324488
286 0.0001987752449196317
292 0.0002914849877710017
304 0.00026056072380914035
309 0.0006006466840248042
310 0.0034076065318594862
416 0.0015554665236139438
467 0.00034552605606704003
493 0.005159888591158195
494 0.0037111196188606924
517 0.0007031836599018376
551 0.0005664825455324013
573 0.0001652752038556845
590 0.0003672140565768559
599 0.000618218327643938
670 0.0003329428059983855
682 0.0015015560912246448
743 0.000499919615209078
750 0.0003344468624572988
779 0.0006052724462960429
805 0.0018764549117895333
832 0.00048355146215385347
851 0.00008185705212231243
858 0.0004915108718269986
891 0.0004785475402955236
915 0.00032290148184198857
946 0.0004785475402955236
995 0.0005791825675166354
1062 0.00025810086072372616
1084 0.00036920725599727517
1205 0.015230075536779904
1368 0.00045217938883475555
1395 0.0001739500102896398
1594 0.000549621148441263
1674 0.0004338499289216686
1949 0.002345568639736917
2099 0.001236436655287876
2104 0.0006758309323565803
2258 0.0005791825675166354
2338 0.0005908656000986806
2409 0.0006345864806991627
2705 0.0006345864806991627
3180 0.003267410633348264
3535 0.0007031836599018376
5161 0.0007881489921597373
5971 0.0019550735193282335
5976 0.0006758309323565803
6969 0.0007031836599018376
7178 0.0015762979843194746
7685 0.000873114324417637