9 0.00017041626586836213
13 0.000019487324150714776
16 0.00007545831652538253
17 0.0003773891517081107
19 0.0002642464683900639
21 0.0004291600720032795
23 0.00045603737918465233
26 0.00012343399523364164
34 0.000043438765255019996
38 0.000005801646248097621
39 0.00002316889228152431
40 0.00000900625889003274
41 0.000018566402687180508
43 0.000004121537579255747
44 0.00013635553537529827
46 0.00045857699326722653
47 0.00040627151654818366
48 0.00013154366307515625
49 0.00008324134787818645
55 0.00009700475713476236
56 0.00006477729821638932
57 0.0001250684069607151
63 0.00000567829780156086
65 0.00003546283794272714
67 0.00016815138569592077
71 0.00012561808978093188
72 0.0012349850746289296
81 0.00036481418372881415
84 0.0002130879622223576
87 0.0011349376067267911
97 0.00023454039050719067
113 0.00011133348371866765
122 0.00018417084982617462
123 0.000188234616351904
124 0.00009942778247685315
138 0.0003775208863403447
146 0.000529546954728898
180 0.0001136486243970201
193 0.0002936355528176933
243 0.000264773477364449
247 0.00026056072380914035
255 0.00017273030805218352
267 0.0005567139972246788
274 0.0011574860131411257
277 0.00009965045113662244
279 0.00022929556638299245
286 0.0007951009796785268
304 0.0005211214476182807
320 0.00029472515166756405
360 0.00019339166635443979
396 0.0005758906338193962
480 0.0003672140565768559
543 0.0003960586369806884
573 0.0001652752038556845
624 0.0004887683798320584
669 0.00012589385831905585
671 0.0005194705449015992
708 0.0007191007395373025
721 0.00044828766312813873
851 0.00008185705212231243
1078 0.0004408563537610837
1082 0.003061121620466742
1107 0.0012816672587175888
1290 0.00031109330472278875
1495 0.0004691137279473833
1900 0.0006345864806991627
2179 0.003920892760017917
2181 0.0028127346396073505
2354 0.0074186199317272565
2788 0.0007031836599018376
3928 0.0003753890228061612
5314 0.0006758309323565803
5971 0.002443841899160292
7686 0.002619342973252911
7687 0.002619342973252911
7688 0.009604257568594007