9 0.00017041626586836213
13 0.000025983098867619697
16 0.00007545831652538253
24 0.0005685167944117531
26 0.0002468679904672833
29 0.00026649997158873667
30 0.00022182651134558653
36 0.00008296386270199534
38 0.000005801646248097621
39 0.000018535113825219447
40 0.000015010431483387899
41 0.000007426561074872202
42 0.00015433140917806565
43 0.000016486150317022987
44 0.00013635553537529827
46 0.00027514619596033594
47 0.00022570639808232424
49 0.000041620673939093223
51 0.00009373554768150506
55 0.00009700475713476236
57 0.0001250684069607151
63 0.0000037855318677072396
65 0.00003546283794272714
88 0.00024872719512041187
113 0.00011133348371866765
122 0.00036834169965234924
144 0.0003382847440033342
150 0.00035621126149020904
171 0.0001368611790876869
180 0.00017047293659553015
214 0.000273659908111955
263 0.0002338723830583595
264 0.00021085919057695548
277 0.00009965045113662244
286 0.0001987752449196317
307 0.00022550415909059743
360 0.00019339166635443979
401 0.00036220146137676994
431 0.00037969048392546374
439 0.0013258279239041356
459 0.00048355146215385347
491 0.00248874643778231
492 0.00037969048392546374
493 0.00023454039050719067
494 0.0007812883408127773
508 0.0018777579159449296
512 0.0009525375700340132
537 0.0003960586369806884
608 0.0006877613496108782
613 0.0002597352724507996
625 0.00048355146215385347
669 0.00012589385831905585
670 0.0003329428059983855
709 0.0008182251257593176
851 0.00008185705212231243
863 0.00036920725599727517
1120 0.00029472515166756405
1187 0.00035770704084433884
1395 0.0001739500102896398
1403 0.00034552605606704003
1499 0.000393582208037624
1674 0.0004338499289216686
1781 0.0005644974486379127
2447 0.0003985861298959538
3208 0.0017032736189908058
4606 0.0006037805934374678
4921 0.00048355146215385347
6684 0.0007881489921597373
7258 0.0007384474589275524
7689 0.0013516618647131605
7693 0.002619342973252911
7694 0.000873114324417637