0 0.00038487547773411737
1 0.0001309668193588762
9 0.0003749157849103967
13 0.000019487324150714776
19 0.00039636970258509594
20 0.0002464916487181342
21 0.000286106714668853
28 0.0005066488975853823
33 0.00022662121650080273
34 0.000043438765255019996
36 0.00008296386270199534
38 0.000008702469372146433
39 0.000013901335368914586
40 0.000012008345186710319
41 0.000003713280537436101
42 0.00010288760611871043
43 0.00003297230063404597
44 0.0008181332122517897
46 0.00045857699326722653
47 0.00036113023693171874
49 0.000041620673939093223
51 0.00046867773840752536
55 0.00019400951426952473
56 0.00019433189464916796
57 0.0002501368139214302
63 0.00000567829780156086
65 0.00001773141897136357
67 0.00008407569284796038
74 0.00030499358548289365
85 0.00024357296170002702
89 0.0007604583956293918
100 0.00015297081732618925
135 0.0005961065889605145
136 0.0005851111081648902
158 0.0005684838474787511
159 0.0003553673428358886
171 0.0001368611790876869
179 0.001851701254678346
180 0.00017047293659553015
186 0.00025254616640991854
196 0.0001675808341520189
210 0.0003201773905469762
247 0.00026056072380914035
251 0.00022002825322499402
263 0.000467744766116719
265 0.0004120699366150429
277 0.0004982522556831122
297 0.00034888459666376895
300 0.0008241398732300858
309 0.0003003233420124021
352 0.0005916490456697102
360 0.00038678333270887957
365 0.0004272224195725296
368 0.00037373000725685404
401 0.00036220146137676994
475 0.0014313403504639844
540 0.0010415814724628676
546 0.0012362098098451287
575 0.000505900267840781
585 0.0003911548205288988
638 0.00040116683707882124
641 0.000393582208037624
669 0.0002517877166381117
671 0.0002597352724507996
708 0.00035955036976865123
711 0.0004092519030008361
803 0.0002597352724507996
851 0.00008185705212231243
858 0.0002457554359134993
871 0.0003960586369806884
1066 0.000424038368775366
1067 0.0004408563537610837
1120 0.0005894503033351281
1271 0.0003652527497189936
1325 0.003123505369080289
1594 0.000549621148441263
1742 0.000499919615209078
1827 0.00041790813825628515
1878 0.0007682967913789674
2213 0.0017780628081062034
2260 0.0009123974692171921
2637 0.00043049138832493966
2640 0.00043730308863810597
2697 0.0008023336741576425
2700 0.00040380304757415875
2701 0.0004603543550640608
2702 0.00046465581618336337
2703 0.00045217938883475555
3007 0.00043049138832493966
3018 0.0008817127075221674
4204 0.0009123974692171921
4221 0.0004887683798320584
4236 0.0009884344705174716
4365 0.0007031836599018376
4370 0.0004603543550640608
4371 0.0004785475402955236
4372 0.0004691137279473833
4373 0.00046465581618336337
4374 0.0004737399020075509
4375 0.0004603543550640608
4743 0.00048355146215385347
4883 0.0006037805934374678
4961 0.0005908656000986806
7689 0.0013516618647131605
7695 0.000873114324417637
7696 0.000873114324417637
7697 0.001746228648835274
7698 0.000873114324417637