13 0.00005196619773523939
23 0.00022801868959232616
34 0.000043438765255019996
36 0.00008296386270199534
38 0.000005801646248097621
39 0.000013901335368914586
40 0.000006004172593355159
41 0.000007426561074872202
42 0.000051443803059355216
43 0.00004121537579255747
44 0.00013635553537529827
46 0.00027514619596033594
47 0.00031598895731525394
51 0.0001406033215222576
63 0.0000037855318677072396
65 0.00003546283794272714
67 0.00004203784642398019
71 0.00012561808978093188
76 0.0006679213267959556
89 0.00019011459890734794
100 0.0003059416346523785
104 0.0004924153504300117
113 0.00033400045115600295
124 0.00009942778247685315
146 0.000264773477364449
180 0.00005682431219851005
183 0.00083251612704961
185 0.001328168424244804
255 0.00034546061610436703
264 0.00021085919057695548
368 0.00018686500362842702
401 0.00036220146137676994
573 0.0001652752038556845
648 0.005122838248751619
851 0.00008185705212231243
1120 0.00029472515166756405
1173 0.0008358162765125703
1246 0.000618218327643938
1388 0.0003753890228061612
1613 0.0010665059907720767
1781 0.0005644974486379127
1953 0.0005411640668664958
2778 0.005907579671420419
4480 0.0022153423767826575
7689 0.0013516618647131605