9 0.00010224975952101728
13 0.00003247887358452463
15 0.0002564879550388143
26 0.00012343399523364164
36 0.00008296386270199534
38 0.000005801646248097621
39 0.000013901335368914586
40 0.000006004172593355159
41 0.000011139841612308305
43 0.000004121537579255747
45 0.00012982121229608657
48 0.00013154366307515625
55 0.00009700475713476236
56 0.00006477729821638932
61 0.00017642643923270423
63 0.000007571063735414479
64 0.00018731984297588175
65 0.00001773141897136357
99 0.0003271046043571432
122 0.00018417084982617462
136 0.0005851111081648902
143 0.0006599779013865577
150 0.00035621126149020904
159 0.0001776836714179443
160 0.00018023749427928805
165 0.00022550415909059743
167 0.00045217938883475555
180 0.00005682431219851005
196 0.0010054850049121137
213 0.001117410468530901
274 0.0034724580394233776
277 0.00029895135340986733
286 0.0001987752449196317
288 0.0009120747583693047
311 0.0004887683798320584
360 0.00019339166635443979
396 0.0005758906338193962
401 0.000543302192065155
461 0.0003985861298959538
515 0.0005258216860189834
538 0.0002852508106156339
564 0.0004942172352587358
649 0.0003960586369806884
669 0.00012589385831905585
671 0.0007792058173523988
717 0.000393582208037624
770 0.0014356426208865709
772 0.0002597352724507996
786 0.0008076060951483175
836 0.0027481057422063153
851 0.00008185705212231243
911 0.0004120699366150429
1068 0.0004887683798320584
1095 0.0004120699366150429
1247 0.00046465581618336337
1290 0.001244373218891155
1411 0.0005121877518304292
1550 0.000999839230418156
1898 0.0006345864806991627
2636 0.0017780628081062034
2759 0.0066460271303479725
3208 0.00034065472379816113
4614 0.0006758309323565803
4962 0.0007881489921597373
5241 0.0007881489921597373
5256 0.0007881489921597373
6304 0.0007881489921597373
6556 0.005907579671420419
7244 0.0015762979843194746
7703 0.000873114324417637
7704 0.000873114324417637
7705 0.000873114324417637