9 0.00020449951904203455
13 0.000012991549433809848
14 0.00025254616640991854
15 0.001538927730232886
16 0.00007545831652538253
17 0.0005660837275621661
19 0.0002642464683900639
23 0.00045603737918465233
33 0.00022662121650080273
36 0.0002074096567549884
38 0.000005801646248097621
39 0.000009267556912609724
40 0.00001801251778006548
41 0.000011139841612308305
43 0.000008243075158511493
44 0.00020453330306294742
46 0.00022928849663361327
47 0.00022570639808232424
48 0.00013154366307515625
49 0.00008324134787818645
55 0.00009700475713476236
56 0.00006477729821638932
57 0.0001250684069607151
63 0.00000567829780156086
65 0.00003546283794272714
66 0.00009314029848720488
67 0.00004203784642398019
104 0.0008206922507166863
113 0.00011133348371866765
122 0.00036834169965234924
127 0.00041790813825628515
150 0.00035621126149020904
214 0.000273659908111955
251 0.00044005650644998804
264 0.00021085919057695548
274 0.0002893715032852814
288 0.002052168206330936
291 0.0003887745697496512
307 0.00045100831818119485
320 0.0017683509100053845
356 0.0008129944027528225
412 0.0005745876846010181
452 0.0011058260397859769
550 0.00025332444879269114
669 0.00012589385831905585
693 0.004973973277182311
772 0.0002597352724507996
851 0.00008185705212231243
996 0.0005685167944117531
1082 0.0021865154431905303
1413 0.0012448628488535354
2156 0.0005332529953860384
7709 0.011350486217429281