9 0.00017041626586836213
13 0.000012991549433809848
16 0.00007545831652538253
30 0.00044365302269117307
36 0.00008296386270199534
38 0.000005801646248097621
39 0.000009267556912609724
40 0.00000900625889003274
41 0.000011139841612308305
43 0.000016486150317022987
44 0.00020453330306294742
46 0.00022928849663361327
47 0.00022570639808232424
49 0.000041620673939093223
55 0.00009700475713476236
56 0.00006477729821638932
57 0.0001250684069607151
63 0.00000567829780156086
65 0.00001773141897136357
67 0.00004203784642398019
72 0.00035285287846540845
73 0.00019291377466338104
74 0.00030499358548289365
76 0.0002671685307183822
136 0.0011702222163297803
247 0.0005211214476182807
669 0.00012589385831905585
851 0.00008185705212231243
4257 0.0003887745697496512
7710 0.001746228648835274