9 0.00020449951904203455
13 0.000019487324150714776
16 0.00007545831652538253
36 0.00012444579405299303
38 0.000005801646248097621
39 0.000004633778456304862
40 0.00000900625889003274
41 0.000007426561074872202
43 0.000016486150317022987
44 0.00020453330306294742
46 0.00013757309798016797
47 0.00013542383884939454
49 0.000041620673939093223
56 0.00012955459643277864
63 0.000007571063735414479
65 0.00001773141897136357
76 0.0001335842653591911
88 0.0004974543902408237
99 0.0016355230217857163
100 0.00015297081732618925
183 0.0002081290317624025
254 0.0004272224195725296
255 0.00034546061610436703
264 0.00042171838115391097
274 0.0011574860131411257
277 0.00019930090227324488
360 0.00038678333270887957
368 0.00018686500362842702
461 0.0003985861298959538
480 0.0003672140565768559
555 0.0002457554359134993
851 0.00008185705212231243
1176 0.003349832782068666
1388 0.0003753890228061612
1396 0.00036920725599727517
1413 0.0008299085659023568
2085 0.0003672140565768559
2148 0.0008965753262562775
3053 0.003910936639858155
5153 0.0005685167944117531