9 0.00020449951904203455
13 0.00005846197245214433
16 0.00007545831652538253
36 0.00008296386270199534
38 0.000005801646248097621
39 0.000004633778456304862
40 0.0000030020862966775796
41 0.000003713280537436101
43 0.00001236461273776724
44 0.00020453330306294742
46 0.00013757309798016797
47 0.00013542383884939454
49 0.000041620673939093223
56 0.00006477729821638932
63 0.00000567829780156086
65 0.00003546283794272714
97 0.00023454039050719067
104 0.00016413845014333722
124 0.00009942778247685315
245 0.000181970089392662
666 0.0006513749791479525
689 0.00043049138832493966
780 0.0003775208863403447
851 0.00008185705212231243
1241 0.0006534821266696528
1490 0.003267410633348264
5153 0.0005685167944117531