9 0.00010224975952101728
13 0.000006495774716904924
17 0.0003773891517081107
19 0.00013212323419503196
28 0.00025332444879269114
33 0.00011331060825040136
36 0.00008296386270199534
38 0.000005801646248097621
39 0.000009267556912609724
40 0.00000900625889003274
41 0.000011139841612308305
43 0.000008243075158511493
44 0.00020453330306294742
46 0.00013757309798016797
47 0.00018056511846585937
49 0.00020810336969546614
51 0.00004686777384075253
56 0.00006477729821638932
63 0.0000037855318677072396
65 0.00008865709485681788
67 0.00004203784642398019
70 0.00035233775638020634
71 0.00012561808978093188
89 0.00009505729945367397
104 0.00016413845014333722
113 0.00011133348371866765
114 0.00021141259586679695
115 0.0004119757166161532
124 0.00009942778247685315
165 0.00022550415909059743
171 0.0002737223581753738
180 0.00005682431219851005
185 0.0010625347393958431
186 0.00025254616640991854
251 0.00022002825322499402
253 0.004202949269413402
258 0.0007921172739613768
259 0.0007767460276426184
263 0.0002338723830583595
273 0.000549621148441263
277 0.00009965045113662244
331 0.0007384474589275524
368 0.00018686500362842702
442 0.0003242865707429365
444 0.000549621148441263
520 0.0003237921753424907
545 0.0007971722597919076
580 0.0004408563537610837
851 0.00008185705212231243
879 0.0035498942740182617
980 0.00036332233087023905
1310 0.0021799339852214346
1603 0.00040116683707882124
1608 0.0005908656000986806
1741 0.0005908656000986806
1894 0.004396969187530104
2374 0.0007031836599018376
2497 0.000424038368775366
2533 0.0007031836599018376
3221 0.0006758309323565803
3695 0.0031525959686389492
3833 0.0007881489921597373
4280 0.0004338499289216686
4307 0.006567592191263368
4670 0.000618218327643938
6339 0.0021095509797055133
6371 0.0015762979843194746
6604 0.0007881489921597373
7711 0.000873114324417637
7712 0.000873114324417637
7713 0.000873114324417637
7714 0.000873114324417637
7715 0.000873114324417637
7716 0.000873114324417637
7717 0.000873114324417637
7718 0.000873114324417637