0 0.00019243773886705868
1 0.0001309668193588762
2 0.00017273030805218352
3 0.00037969048392546374
4 0.00035233775638020634
5 0.0002365665368606119
6 0.0002400196965770493
7 0.000233207996263883
8 0.00028224872431895635
9 0.00017041626586836213
13 0.000025983098867619697
16 0.00007545831652538253
20 0.0004929832974362684
21 0.000286106714668853
22 0.00040252076674493167
23 0.00022801868959232616
27 0.001687557493339091
34 0.00008687753051003999
36 0.00008296386270199534
38 0.000011603292496195242
39 0.000013901335368914586
40 0.00001801251778006548
41 0.00002227968322461661
42 0.00020577521223742086
43 0.000016486150317022987
44 0.00013635553537529827
45 0.00025964242459217314
46 0.00027514619596033594
47 0.00045141279616464847
48 0.00013154366307515625
49 0.000041620673939093223
51 0.00004686777384075253
52 0.00014497369525357328
55 0.00009700475713476236
56 0.00006477729821638932
57 0.0001250684069607151
58 0.0005491700750215032
59 0.0008031722113794693
63 0.00000567829780156086
64 0.0003746396859517635
65 0.00007092567588545428
66 0.00027942089546161464
67 0.00012611353927194057
70 0.00035233775638020634
76 0.0001335842653591911
84 0.0004261759244447152
114 0.00021141259586679695
124 0.00009942778247685315
125 0.0002682511308492756
144 0.0003382847440033342
154 0.0013258279239041356
157 0.0018546549829318141
158 0.00028424192373937554
163 0.0007881489921597373
171 0.0002737223581753738
183 0.0002081290317624025
186 0.00025254616640991854
210 0.0009605321716409287
245 0.000181970089392662
255 0.00034546061610436703
279 0.00022929556638299245
291 0.0003887745697496512
307 0.00022550415909059743
310 0.0006490679108303783
360 0.00019339166635443979
375 0.00025891534254753946
377 0.0003188377153162591
379 0.0003438806748054391
534 0.0005908656000986806
573 0.0001652752038556845
613 0.0002597352724507996
665 0.0004887683798320584
666 0.00032568748957397626
672 0.0004942172352587358
682 0.0015015560912246448
1001 0.00030739717354226806
1024 0.000505900267840781
1060 0.0002852508106156339
1112 0.0003672140565768559
1388 0.0018769451140308064
1400 0.0004737399020075509
1442 0.0004338499289216686
1475 0.0006534821266696528
1506 0.0006534821266696528
1511 0.0004408563537610837
1522 0.0005188152611795682
1523 0.0005188152611795682
1617 0.0012691729613983254
2081 0.007881489921597373
2082 0.0024151223737498713
2083 0.0006534821266696528
2084 0.000873114324417637
2085 0.0003672140565768559
2086 0.000873114324417637
2087 0.001746228648835274