2 0.00017273030805218352
9 0.00013633301269468968
13 0.000019487324150714776
22 0.00040252076674493167
26 0.0002468679904672833
34 0.00008687753051003999
36 0.00008296386270199534
37 0.0004195196388193289
38 0.000011603292496195242
39 0.000013901335368914586
40 0.00001801251778006548
41 0.000011139841612308305
42 0.00010288760611871043
43 0.000020607687896278735
48 0.00013154366307515625
49 0.000041620673939093223
51 0.0001874710953630101
56 0.00012955459643277864
59 0.0036142749512076125
60 0.0005145835101134606
63 0.000007571063735414479
65 0.00003546283794272714
76 0.0009350898575143378
89 0.00019011459890734794
95 0.0004272224195725296
113 0.00011133348371866765
139 0.00028224872431895635
180 0.0001136486243970201
183 0.0014569032223368179
184 0.00040649720137641123
192 0.0009728597122288095
193 0.0002936355528176933
264 0.00021085919057695548
279 0.0004585911327659849
287 0.0010324034428949047
288 0.004332355102254198
368 0.00018686500362842702
399 0.0005938676863953582
430 0.00022365154352182467
439 0.0016572849048801697
493 0.0011727019525359535
494 0.00019532208520319432
497 0.00017684408550895013
520 0.00016189608767124534
555 0.0002457554359134993
558 0.0007550417726806894
573 0.000330550407711369
851 0.0002455711563669373
858 0.0002457554359134993
894 0.0005121877518304292
908 0.003287274747470943
915 0.0009687044455259658
1001 0.00030739717354226806
1052 0.0005258216860189834
1078 0.0004408563537610837
1208 0.0003541015143419739
1271 0.0003652527497189936
1388 0.0007507780456123224
1995 0.001236436655287876
2007 0.0004408563537610837
2722 0.00041790813825628515
3507 0.0004338499289216686
3717 0.00048355146215385347
3719 0.0004272224195725296
4640 0.0005332529953860384
7719 0.003492457297670548
7720 0.003492457297670548
7721 0.001746228648835274
7722 0.000873114324417637
7723 0.000873114324417637