9 0.00017041626586836213
16 0.00007545831652538253
19 0.00013212323419503196
34 0.000043438765255019996
36 0.00012444579405299303
37 0.00020975981940966445
38 0.000011603292496195242
39 0.000009267556912609724
40 0.00000900625889003274
41 0.000011139841612308305
42 0.000051443803059355216
43 0.000020607687896278735
51 0.00004686777384075253
55 0.00019400951426952473
63 0.000007571063735414479
65 0.00007092567588545428
66 0.00009314029848720488
67 0.00008407569284796038
71 0.00025123617956186376
72 0.00035285287846540845
73 0.00019291377466338104
75 0.0022608969441737783
76 0.0006679213267959556
122 0.00018417084982617462
159 0.0001776836714179443
180 0.00005682431219851005
183 0.0002081290317624025
253 0.0002472323099654942
441 0.0003438806748054391
494 0.00019532208520319432
703 0.0002862680700927968
711 0.0008185038060016722
851 0.0002455711563669373
1395 0.0001739500102896398
1403 0.00034552605606704003
1618 0.00040380304757415875
2129 0.0031128915670774093
4201 0.0009382274558947666
7724 0.000873114324417637