9 0.00034083253173672426
10 0.0037529098235790665
13 0.00003247887358452463
14 0.00025254616640991854
18 0.00023724943034546792
22 0.00040252076674493167
26 0.00012343399523364164
29 0.00026649997158873667
32 0.0005188152611795682
38 0.000005801646248097621
39 0.000018535113825219447
40 0.000012008345186710319
41 0.000014853122149744404
42 0.00010288760611871043
43 0.00002472922547553448
44 0.00013635553537529827
51 0.00004686777384075253
55 0.00009700475713476236
57 0.0001250684069607151
63 0.0000037855318677072396
65 0.00001773141897136357
67 0.00008407569284796038
71 0.00012561808978093188
84 0.0004261759244447152
113 0.00011133348371866765
123 0.000188234616351904
124 0.00009942778247685315
144 0.0018605660920183382
165 0.00045100831818119485
173 0.0010823281337329915
180 0.0001136486243970201
192 0.0003242865707429365
263 0.0002338723830583595
277 0.00009965045113662244
293 0.0009856148818737803
304 0.00026056072380914035
431 0.0011390714517763912
468 0.00219534558346638
496 0.0002464916487181342
497 0.00017684408550895013
633 0.00040649720137641123
649 0.0003960586369806884
698 0.0008890314040531017
729 0.0004691137279473833
764 0.0074655419354045386
851 0.00008185705212231243
888 0.000505900267840781
904 0.0005908656000986806
946 0.005264022943250761
1080 0.002472873310575752
1223 0.0004887683798320584
1298 0.0005685167944117531
1339 0.0015564457835387047
1759 0.0030189029671873397
2273 0.0005587052342654505
2336 0.002345568639736917
3549 0.0011583651350332708
3601 0.0007344281131537118
3713 0.0005587052342654505
3969 0.0006345864806991627
4307 0.002345568639736917
5150 0.0014768949178551047
7725 0.001746228648835274
7726 0.000873114324417637
7727 0.000873114324417637