13 0.00003897464830142955
17 0.00018869457585405535
29 0.0007994999147662101
34 0.000043438765255019996
36 0.00024889158810598606
37 0.00020975981940966445
38 0.000005801646248097621
39 0.000018535113825219447
40 0.000006004172593355159
41 0.000011139841612308305
42 0.000051443803059355216
43 0.000008243075158511493
44 0.00013635553537529827
46 0.0003210038952870586
47 0.00036113023693171874
51 0.0001406033215222576
63 0.0000037855318677072396
65 0.00003546283794272714
67 0.00008407569284796038
69 0.00023724943034546792
71 0.00012561808978093188
89 0.00009505729945367397
100 0.000611883269304757
104 0.00016413845014333722
113 0.00011133348371866765
114 0.00021141259586679695
115 0.0002059878583080766
160 0.00018023749427928805
171 0.0001368611790876869
183 0.0006243870952872076
185 0.0010625347393958431
226 0.0004098622713982304
259 0.00025891534254753946
368 0.00018686500362842702
392 0.0005938676863953582
590 0.0011016421697305678
665 0.0014663051394961752
666 0.00032568748957397626
803 0.0002597352724507996
851 0.00008185705212231243
863 0.0036920725599727524
1403 0.00034552605606704003
1446 0.0021573022186119075
2366 0.004179081382562852
2497 0.000424038368775366
2920 0.0063051919372778984
3956 0.0005685167944117531
4223 0.00044451570202655086
4280 0.0004338499289216686
4506 0.0006037805934374678
5779 0.0014063673198036752
5891 0.0007881489921597373
7729 0.01222360054184692
7730 0.000873114324417637
7731 0.000873114324417637