9 0.00034083253173672426
13 0.000012991549433809848
16 0.00022637494957614764
21 0.000572213429337706
22 0.00040252076674493167
26 0.000370301985700925
34 0.00013031629576506
36 0.00004148193135099767
38 0.000005801646248097621
39 0.000013901335368914586
40 0.000015010431483387899
41 0.00002227968322461661
42 0.000051443803059355216
43 0.00004121537579255747
44 0.00013635553537529827
45 0.0003894636368882597
46 0.00045857699326722653
47 0.00040627151654818366
48 0.00013154366307515625
49 0.000041620673939093223
52 0.0005798947810142931
55 0.00009700475713476236
56 0.00019433189464916796
57 0.0001250684069607151
63 0.00000567829780156086
65 0.00003546283794272714
66 0.00009314029848720488
67 0.00004203784642398019
71 0.00012561808978093188
81 0.0005472212755932213
88 0.00024872719512041187
89 0.00009505729945367397
102 0.00025332444879269114
113 0.0002226669674373353
115 0.0002059878583080766
123 0.000188234616351904
124 0.00009942778247685315
158 0.0005684838474787511
177 0.00015160120460271228
183 0.00166503225409922
185 0.0002656336848489608
197 0.0002904236905482616
212 0.00040116683707882124
217 0.0008609827766498793
227 0.0006758309323565803
245 0.000363940178785324
264 0.0006325775717308665
277 0.00009965045113662244
297 0.0006977691933275379
304 0.0005211214476182807
339 0.0007384474589275524
363 0.00036332233087023905
368 0.00018686500362842702
406 0.000505900267840781
437 0.00032153186911851154
442 0.0003242865707429365
459 0.00048355146215385347
497 0.00017684408550895013
573 0.0001652752038556845
589 0.0004737399020075509
669 0.0002517877166381117
730 0.00044828766312813873
750 0.0003344468624572988
753 0.0002783569986123394
851 0.00008185705212231243
858 0.0004915108718269986
891 0.0004785475402955236
911 0.0012362098098451287
922 0.0013119092659143181
953 0.0005188152611795682
980 0.00036332233087023905
1060 0.0008557524318469018
1062 0.001290504303618631
1162 0.00030263622314802144
1208 0.0014164060573678956
1214 0.000424038368775366
1403 0.0013821042242681601
1478 0.000999839230418156
1705 0.0004149542829511784
1719 0.0007031836599018376
1847 0.0006345864806991627
2033 0.0005908656000986806
2164 0.0025383459227966507
2456 0.0007031836599018376
2794 0.0005685167944117531
2918 0.0006534821266696528
3081 0.0007031836599018376
3189 0.001772596800296042
3407 0.0007881489921597373
3719 0.0017088896782901184
3952 0.0007881489921597373
4252 0.0006534821266696528
4561 0.0007881489921597373
5427 0.0007031836599018376
5821 0.0031525959686389492
6322 0.0007881489921597373
6395 0.0007384474589275524
7071 0.0021095509797055133
7732 0.000873114324417637
7733 0.000873114324417637
7734 0.004365571622088185
7735 0.0023644469764792122
7736 0.000873114324417637
7737 0.0007881489921597373
7738 0.002619342973252911
7739 0.000873114324417637
7740 0.000873114324417637
7741 0.000873114324417637
7742 0.000873114324417637
7743 0.000873114324417637
7744 0.000873114324417637
7745 0.0007881489921597373
7746 0.000873114324417637
7747 0.000873114324417637
7748 0.001746228648835274
7749 0.001746228648835274