9 0.00013633301269468968
13 0.000006495774716904924
22 0.0002683471778299544
26 0.00012343399523364164
29 0.00026649997158873667
34 0.000043438765255019996
36 0.00004148193135099767
37 0.0004195196388193289
38 0.000008702469372146433
39 0.000004633778456304862
40 0.000006004172593355159
41 0.000007426561074872202
42 0.00010288760611871043
43 0.00001236461273776724
51 0.00004686777384075253
55 0.00019400951426952473
56 0.00012955459643277864
59 0.00040158610568973463
63 0.00000567829780156086
65 0.00005319425691409072
67 0.00004203784642398019
113 0.00011133348371866765
122 0.00018417084982617462
127 0.00041790813825628515
135 0.00029805329448025724
160 0.00018023749427928805
180 0.00005682431219851005
247 0.0005211214476182807
264 0.00021085919057695548
277 0.00019930090227324488
310 0.00016226697770759457
315 0.0004785475402955236
343 0.0007384474589275524
347 0.0004959549474809718
439 0.0006629139619520678
441 0.0003438806748054391
442 0.0003242865707429365
461 0.0003985861298959538
576 0.0006172337515594486
643 0.0015177008035223431
779 0.00030263622314802144
851 0.00016371410424462487
861 0.0004737399020075509
868 0.0002709256892452844
893 0.0007550417726806894
908 0.0003652527497189936
958 0.0006534821266696528
1001 0.00030739717354226806
1050 0.0004603543550640608
1208 0.0007082030286839478
1412 0.0005188152611795682
1519 0.00046465581618336337
1546 0.0007384474589275524
1716 0.000618218327643938
1844 0.0006758309323565803
1861 0.0007384474589275524
2598 0.0005685167944117531
2631 0.0016482797464601716
2836 0.0014212197060226527
3208 0.0013626188951926445
3393 0.0006534821266696528
3717 0.0009671029243077069
3719 0.0008544448391450592
3783 0.0007881489921597373
3889 0.0007031836599018376
4172 0.0005258216860189834
4832 0.0007881489921597373
6919 0.0007881489921597373
7750 0.000873114324417637
7751 0.011350486217429281
7752 0.000873114324417637
7753 0.000873114324417637
7754 0.000873114324417637
7755 0.000873114324417637
7756 0.000873114324417637
7757 0.000873114324417637
7758 0.000873114324417637