9 0.00034083253173672426
13 0.000019487324150714776
21 0.000286106714668853
26 0.00012343399523364164
34 0.00008687753051003999
37 0.00020975981940966445
38 0.000011603292496195242
39 0.000009267556912609724
40 0.000006004172593355159
41 0.000007426561074872202
42 0.000051443803059355216
43 0.00002472922547553448
45 0.00025964242459217314
49 0.000041620673939093223
63 0.000015142127470828958
65 0.00001773141897136357
66 0.00018628059697440975
76 0.0002671685307183822
89 0.00009505729945367397
113 0.0002226669674373353
129 0.00045619873460859607
135 0.0005961065889605145
136 0.0002925555540824451
146 0.001059093909457796
175 0.0007507780456123224
177 0.00015160120460271228
179 0.0003086168757797243
180 0.00005682431219851005
183 0.000416258063524805
245 0.000181970089392662
275 0.0004120699366150429
277 0.00009965045113662244
347 0.0002479774737404859
367 0.0002673724241223067
391 0.0002774030711249583
392 0.0008908015295930374
396 0.00019196354460646538
401 0.000543302192065155
411 0.00022304017535425432
457 0.0005872711056353866
467 0.00034552605606704003
491 0.0009332799141683663
495 0.0003753890228061612
507 0.00027274170858643915
508 0.0008047533925478269
512 0.00031751252334467103
578 0.0005258216860189834
671 0.0005194705449015992
693 0.0027130763330085335
709 0.0005454834171728783
772 0.0002597352724507996
851 0.0002455711563669373
869 0.0005188152611795682
920 0.0004149542829511784
926 0.0013516618647131605
1060 0.0002852508106156339
1070 0.0003541015143419739
1093 0.00036920725599727517
1187 0.00035770704084433884
1315 0.0013448629893844162
1397 0.00028028741746109395
1596 0.0004603543550640608
1598 0.0006037805934374678
1636 0.0004603543550640608
1785 0.00030499358548289365
1886 0.0004785475402955236
1932 0.0007881489921597373
1934 0.0005188152611795682
1935 0.000505900267840781
2014 0.0013755226992217563
2218 0.00045619873460859607
2269 0.004442105364894139
2273 0.0005587052342654505
2299 0.0005587052342654505
2540 0.000618218327643938
2544 0.0005685167944117531
2729 0.000618218327643938
3139 0.0004942172352587358
3387 0.0007881489921597373
3620 0.0006037805934374678
3888 0.0006758309323565803
4854 0.0007881489921597373
5437 0.0006758309323565803
5565 0.000618218327643938
5566 0.000618218327643938
5567 0.000618218327643938
5568 0.000618218327643938
5569 0.000618218327643938
5999 0.0014063673198036752
7759 0.0007384474589275524
7760 0.000873114324417637
7761 0.000873114324417637
7762 0.002619342973252911
7763 0.000873114324417637
7764 0.007735020258920215
7765 0.001746228648835274
7766 0.005238685946505822
7767 0.005238685946505822
7768 0.000873114324417637
7769 0.000873114324417637