9 0.00013633301269468968
13 0.00005196619773523939
22 0.00040252076674493167
34 0.000043438765255019996
38 0.000011603292496195242
39 0.000009267556912609724
40 0.00002101460407674306
41 0.000007426561074872202
43 0.000008243075158511493
49 0.00012486202181727967
56 0.00006477729821638932
63 0.0000094638296692681
65 0.00005319425691409072
66 0.00018628059697440975
67 0.00004203784642398019
74 0.00030499358548289365
89 0.00019011459890734794
107 0.0004098622713982304
113 0.00011133348371866765
136 0.0035106666489893414
144 0.0008457118600083356
150 0.00035621126149020904
159 0.0001776836714179443
160 0.00018023749427928805
165 0.00022550415909059743
180 0.00005682431219851005
193 0.0005872711056353866
196 0.0003351616683040378
237 0.0003558910215031841
255 0.0005181909241565506
270 0.00035955036976865123
353 0.0022523341368369675
396 0.00038392708921293077
401 0.00036220146137676994
412 0.0005745876846010181
442 0.0003242865707429365
445 0.00023123617256302196
507 0.0005454834171728783
508 0.0026825113084927564
512 0.00031751252334467103
538 0.0017115048636938035
546 0.0016482797464601716
551 0.0002832412727662006
573 0.000330550407711369
578 0.0005258216860189834
641 0.000393582208037624
709 0.0005454834171728783
753 0.0002783569986123394
782 0.00036142184220439385
851 0.0002455711563669373
858 0.0002457554359134993
1031 0.00042093493558288133
1078 0.0004408563537610837
1162 0.00030263622314802144
1187 0.00035770704084433884
1280 0.000977062468721929
1290 0.00031109330472278875
1397 0.00028028741746109395
1411 0.0020487510073217167
2014 0.0034388067480543914
2389 0.0007881489921597373
2631 0.0004120699366150429
3207 0.0007881489921597373
4245 0.0012691729613983254
4617 0.0014063673198036752
4999 0.0031525959686389492
5284 0.0007384474589275524
5999 0.0007031836599018376
7795 0.000873114324417637
7796 0.000873114324417637
7797 0.004365571622088185
7798 0.000873114324417637
7799 0.001746228648835274
7800 0.001746228648835274
7801 0.000873114324417637