0 0.00019243773886705868
1 0.0001309668193588762
2 0.00017273030805218352
5 0.0002365665368606119
6 0.0002400196965770493
7 0.000233207996263883
8 0.00028224872431895635
12 0.0002564879550388143
13 0.000019487324150714776
17 0.00018869457585405535
20 0.0002464916487181342
23 0.00022801868959232616
36 0.00008296386270199534
37 0.0004195196388193289
38 0.000008702469372146433
39 0.000009267556912609724
40 0.000012008345186710319
41 0.000014853122149744404
42 0.00010288760611871043
43 0.000004121537579255747
49 0.000041620673939093223
52 0.00028994739050714656
56 0.00006477729821638932
57 0.0001250684069607151
58 0.0010983401500430064
59 0.0010039652642243367
63 0.000007571063735414479
65 0.00001773141897136357
67 0.00025222707854388114
78 0.0005685167944117531
79 0.000549621148441263
82 0.0014162063638310035
107 0.0004098622713982304
113 0.0002226669674373353
118 0.0015131811157401073
122 0.0007366833993046985
124 0.00009942778247685315
127 0.00041790813825628515
128 0.0018247949384343843
160 0.00018023749427928805
167 0.00045217938883475555
180 0.00005682431219851005
186 0.00025254616640991854
196 0.0003351616683040378
250 0.0011137002070520895
251 0.00022002825322499402
252 0.001099242296882526
277 0.00039860180454648976
286 0.0001987752449196317
311 0.0004887683798320584
333 0.0004338499289216686
365 0.0004272224195725296
368 0.00018686500362842702
371 0.0004408563537610837
390 0.000618218327643938
393 0.0010172191095523992
430 0.00022365154352182467
494 0.00019532208520319432
514 0.00043049138832493966
538 0.0002852508106156339
549 0.00040380304757415875
551 0.0002832412727662006
590 0.0003672140565768559
591 0.00044451570202655086
593 0.0012075611868749357
658 0.0003841483956894837
663 0.0015997589861581152
667 0.0018247949384343843
684 0.0026291084300949174
688 0.000549621148441263
694 0.0004887683798320584
717 0.000393582208037624
776 0.0005121877518304292
786 0.00040380304757415875
808 0.005625469279214701
811 0.0018087175553390222
818 0.0004942172352587358
980 0.00036332233087023905
1112 0.0003672140565768559
1162 0.00030263622314802144
1310 0.0007266446617404781
1535 0.0006758309323565803
1753 0.00043730308863810597
1957 0.0006345864806991627
2088 0.000873114324417637
2089 0.0006345864806991627
2090 0.0006037805934374678
2091 0.001236436655287876
2092 0.006984914595341096
2093 0.000873114324417637
2094 0.000873114324417637
2095 0.0007881489921597373
2096 0.000873114324417637
2097 0.000873114324417637
2098 0.0007881489921597373
2099 0.002472873310575752
2100 0.010477371893011645
2101 0.0006534821266696528
2102 0.002619342973252911
2103 0.002198484593765052
2104 0.0006758309323565803
2105 0.0007881489921597373
2106 0.000873114324417637
2107 0.000873114324417637
2108 0.0005791825675166354
2109 0.000873114324417637
2110 0.000873114324417637
2111 0.0007384474589275524
2112 0.0007881489921597373
2113 0.000873114324417637
2114 0.0007881489921597373