1 0.0002619336387177524
9 0.0004089990380840691
12 0.0005129759100776286
13 0.00005196619773523939
14 0.00025254616640991854
15 0.0002564879550388143
21 0.0001430533573344265
22 0.0002683471778299544
36 0.00012444579405299303
38 0.000008702469372146433
39 0.000004633778456304862
40 0.000015010431483387899
41 0.000014853122149744404
42 0.000051443803059355216
43 0.00001236461273776724
45 0.00025964242459217314
49 0.00008324134787818645
52 0.00014497369525357328
56 0.00006477729821638932
63 0.0000094638296692681
65 0.00003546283794272714
67 0.00004203784642398019
99 0.0003271046043571432
113 0.00011133348371866765
115 0.0002059878583080766
122 0.00018417084982617462
136 0.0002925555540824451
158 0.0005684838474787511
165 0.00022550415909059743
177 0.00015160120460271228
179 0.000925850627339173
180 0.00005682431219851005
214 0.000273659908111955
222 0.0003841483956894837
255 0.0006909212322087341
264 0.00021085919057695548
271 0.0005983661268631681
274 0.004629944052564503
283 0.00041790813825628515
288 0.00045603737918465233
320 0.00029472515166756405
360 0.00019339166635443979
368 0.00018686500362842702
401 0.0007244029227535399
507 0.0005454834171728783
520 0.00016189608767124534
555 0.0002457554359134993
669 0.00012589385831905585
671 0.0002597352724507996
715 0.0004092519030008361
782 0.00036142184220439385
851 0.00016371410424462487
879 0.0002958245228348551
902 0.0011261670684184837
1062 0.00025810086072372616
1185 0.0007031836599018376
1280 0.00032568748957397626
1321 0.0003271046043571432
1325 0.00031235053690802886
1396 0.0011076217679918256
1400 0.0004737399020075509
1529 0.0003818991754555788
1538 0.00046465581618336337
1625 0.0026662649769301923
1759 0.005434025340937211
1942 0.002842583972058766
2006 0.0007384474589275524
2398 0.00044828766312813873
2729 0.000618218327643938
2860 0.0007384474589275524
2987 0.0018113417803124036
3208 0.00034065472379816113
4084 0.0006758309323565803
4167 0.0007031836599018376
4172 0.0005258216860189834
4174 0.002472873310575752
4236 0.0014826517057762074
4853 0.0006534821266696528
4883 0.0012075611868749357
6462 0.0007384474589275524
6934 0.0006345864806991627
7759 0.0007384474589275524
7764 0.0007031836599018376
7802 0.001746228648835274