9 0.00023858277221570697
13 0.000019487324150714776
19 0.0005284929367801278
21 0.001144426858675412
22 0.00040252076674493167
26 0.00012343399523364164
29 0.00026649997158873667
30 0.00022182651134558653
34 0.00008687753051003999
36 0.00008296386270199534
38 0.000005801646248097621
39 0.000013901335368914586
40 0.00001801251778006548
41 0.000018566402687180508
43 0.000016486150317022987
44 0.00013635553537529827
46 0.0003668615946137812
47 0.00036113023693171874
48 0.00013154366307515625
49 0.000041620673939093223
51 0.00004686777384075253
55 0.00038801902853904946
56 0.00006477729821638932
57 0.0001250684069607151
63 0.00000567829780156086
65 0.00001773141897136357
66 0.00009314029848720488
67 0.00004203784642398019
89 0.00009505729945367397
99 0.0006542092087142864
100 0.00015297081732618925
102 0.00025332444879269114
107 0.0004098622713982304
113 0.00011133348371866765
115 0.0004119757166161532
122 0.00018417084982617462
127 0.00041790813825628515
135 0.00029805329448025724
150 0.00017810563074510452
180 0.0001136486243970201
255 0.0005181909241565506
277 0.00009965045113662244
292 0.0002914849877710017
333 0.002169249644608343
356 0.00040649720137641123
396 0.0013437448122452578
437 0.00032153186911851154
442 0.0003242865707429365
497 0.0007073763420358005
528 0.0007384474589275524
555 0.0002457554359134993
573 0.000330550407711369
594 0.0003438806748054391
669 0.00012589385831905585
721 0.00044828766312813873
782 0.00036142184220439385
851 0.00008185705212231243
866 0.0004272224195725296
888 0.000505900267840781
891 0.0004785475402955236
994 0.0006758309323565803
1280 0.0006513749791479525
1290 0.0006221866094455775
1397 0.0022422993396887516
1403 0.0010365781682011202
1529 0.0003818991754555788
2125 0.0021095509797055133
2378 0.0012012933680496083
2643 0.0007881489921597373
2729 0.000618218327643938
3386 0.0005908656000986806
4124 0.0007384474589275524
4222 0.00045217938883475555
4245 0.0006345864806991627
4439 0.0012691729613983254
5628 0.0007881489921597373
6845 0.0007881489921597373
6847 0.0007881489921597373
7187 0.0007881489921597373
7735 0.014974830851035011
7759 0.0007384474589275524
7764 0.0007031836599018376
7803 0.007858028919758734
7804 0.000873114324417637
7805 0.003492457297670548
7806 0.000873114324417637
7807 0.001746228648835274
7808 0.000873114324417637
7809 0.000873114324417637