9 0.00017041626586836213
13 0.00007145352188595418
16 0.00007545831652538253
28 0.00025332444879269114
36 0.00004148193135099767
38 0.000005801646248097621
39 0.000004633778456304862
40 0.00000900625889003274
41 0.000007426561074872202
42 0.00010288760611871043
43 0.00001236461273776724
44 0.00013635553537529827
45 0.00025964242459217314
46 0.00013757309798016797
47 0.00022570639808232424
55 0.00019400951426952473
56 0.00006477729821638932
63 0.000007571063735414479
65 0.00001773141897136357
70 0.00035233775638020634
71 0.00012561808978093188
88 0.00024872719512041187
97 0.00023454039050719067
105 0.0003314569809760339
144 0.0003382847440033342
150 0.00035621126149020904
180 0.00005682431219851005
261 0.0002338723830583595
265 0.0004120699366150429
347 0.0007439324212214578
851 0.00008185705212231243
2007 0.0004408563537610837