9 0.00010224975952101728
13 0.000019487324150714776
19 0.0002642464683900639
26 0.0002468679904672833
28 0.0007599733463780734
38 0.000005801646248097621
39 0.000013901335368914586
40 0.000012008345186710319
41 0.000011139841612308305
43 0.00001236461273776724
49 0.000041620673939093223
51 0.00004686777384075253
56 0.00006477729821638932
63 0.0000037855318677072396
65 0.00001773141897136357
66 0.00009314029848720488
67 0.00008407569284796038
71 0.00012561808978093188
72 0.0008821321961635212
75 0.0013565381665042668
76 0.0006679213267959556
86 0.0004408563537610837
87 0.0005674688033633956
88 0.00024872719512041187
89 0.00009505729945367397
107 0.0002049311356991152
115 0.0004119757166161532
122 0.00036834169965234924
149 0.0003732936031739842
150 0.00017810563074510452
177 0.0009096072276162738
180 0.00005682431219851005
196 0.0001675808341520189
226 0.0002049311356991152
277 0.00009965045113662244
287 0.00025810086072372616
375 0.00025891534254753946
391 0.000832209213374875
392 0.0002969338431976791
439 0.0003314569809760339
475 0.001717608420556781
498 0.0003558910215031841
573 0.000330550407711369
608 0.0003438806748054391
609 0.0021865154431905303
672 0.0004942172352587358
703 0.0002862680700927968
790 0.0029326102789923505
851 0.00008185705212231243
876 0.0003911548205288988
1058 0.00044828766312813873
1059 0.004054985594139482
1060 0.0002852508106156339
1093 0.00036920725599727517
1210 0.0005587052342654505
1320 0.000549621148441263
1395 0.0001739500102896398
1396 0.00036920725599727517
1400 0.002368699510037755
1424 0.0015564457835387047
1425 0.0004691137279473833
1450 0.00032568748957397626
1788 0.0008241398732300858
2085 0.0003672140565768559
2197 0.0006534821266696528
2482 0.0006758309323565803
2992 0.00048355146215385347
3092 0.0004338499289216686
3777 0.0004785475402955236
4201 0.0004691137279473833
4525 0.0012075611868749357
4609 0.0010665059907720767
7810 0.0012691729613983254
7811 0.002619342973252911
7812 0.000873114324417637