9 0.00013633301269468968
13 0.000012991549433809848
19 0.0002642464683900639
36 0.00004148193135099767
38 0.000008702469372146433
39 0.000018535113825219447
40 0.000012008345186710319
41 0.000014853122149744404
43 0.000008243075158511493
51 0.00004686777384075253
55 0.00019400951426952473
63 0.00000567829780156086
65 0.00005319425691409072
66 0.00009314029848720488
67 0.00016815138569592077
72 0.0017642643923270424
76 0.0010686741228735288
81 0.00018240709186440708
86 0.0004408563537610837
87 0.0022698752134535823
89 0.00009505729945367397
95 0.0004272224195725296
113 0.00011133348371866765
115 0.0002059878583080766
122 0.00036834169965234924
123 0.000188234616351904
146 0.000264773477364449
150 0.00035621126149020904
158 0.00028424192373937554
159 0.0001776836714179443
171 0.0001368611790876869
177 0.00015160120460271228
180 0.00005682431219851005
183 0.000416258063524805
192 0.0003242865707429365
226 0.0002049311356991152
243 0.000264773477364449
247 0.00026056072380914035
255 0.00017273030805218352
264 0.00021085919057695548
289 0.0003712334023506965
412 0.00028729384230050906
413 0.00024142866684252312
438 0.001438201479074605
439 0.0019887418858562035
467 0.00034552605606704003
496 0.0002464916487181342
551 0.0002832412727662006
573 0.0001652752038556845
613 0.0002597352724507996
648 0.0009605321716409287
703 0.0002862680700927968
753 0.0002783569986123394
851 0.00016371410424462487
891 0.0004785475402955236
902 0.0003753890228061612
1034 0.00034065472379816113
1395 0.0001739500102896398
1400 0.0014212197060226527
1417 0.0003911548205288988
1693 0.0005908656000986806
2009 0.0006037805934374678
4525 0.0006037805934374678
4900 0.0007881489921597373
7810 0.0006345864806991627