9 0.00013633301269468968
11 0.0004092519030008361
13 0.000012991549433809848
19 0.0002642464683900639
28 0.00025332444879269114
36 0.00004148193135099767
38 0.000005801646248097621
39 0.000018535113825219447
40 0.00000900625889003274
41 0.000011139841612308305
42 0.000051443803059355216
43 0.000016486150317022987
44 0.00013635553537529827
46 0.0000917153986534453
47 0.00009028255923292969
49 0.000041620673939093223
51 0.00009373554768150506
61 0.00035285287846540845
63 0.0000037855318677072396
67 0.00008407569284796038
72 0.0010585586353962255
76 0.0006679213267959556
85 0.00024357296170002702
86 0.0004408563537610837
87 0.0018915626778779851
88 0.00024872719512041187
95 0.0004272224195725296
99 0.0003271046043571432
113 0.00011133348371866765
122 0.00018417084982617462
177 0.0006064048184108491
180 0.00005682431219851005
185 0.0002656336848489608
226 0.0004098622713982304
277 0.00009965045113662244
304 0.00026056072380914035
368 0.00018686500362842702
439 0.0006629139619520678
457 0.0005872711056353866
487 0.00043049138832493966
494 0.00039064417040638865
576 0.0003086168757797243
658 0.0003841483956894837
841 0.0004338499289216686
851 0.00008185705212231243
876 0.0003911548205288988
879 0.0002958245228348551
1028 0.0003541015143419739
1214 0.000424038368775366
1395 0.0001739500102896398
1548 0.0003985861298959538
1650 0.00041790813825628515
1674 0.0004338499289216686
1900 0.0006345864806991627
2722 0.0008358162765125703
4131 0.0005685167944117531
4200 0.0006345864806991627
4525 0.0018113417803124036
4795 0.0006758309323565803
7810 0.0012691729613983254