9 0.00013633301269468968
13 0.000019487324150714776
16 0.00007545831652538253
19 0.00013212323419503196
21 0.000286106714668853
37 0.00020975981940966445
38 0.000005801646248097621
39 0.00002316889228152431
40 0.00000900625889003274
41 0.000011139841612308305
43 0.00001236461273776724
44 0.00013635553537529827
46 0.0001834307973068906
47 0.00018056511846585937
49 0.000041620673939093223
51 0.00004686777384075253
63 0.0000037855318677072396
65 0.00001773141897136357
67 0.00016815138569592077
72 0.0015878379530943382
76 0.0006679213267959556
85 0.00024357296170002702
86 0.0004408563537610837
87 0.0011349376067267911
100 0.0003059416346523785
103 0.00045217938883475555
107 0.0002049311356991152
122 0.00018417084982617462
139 0.00028224872431895635
144 0.0006765694880066684
154 0.0006629139619520678
176 0.00033751149866781817
180 0.00005682431219851005
192 0.000648573141485873
264 0.00021085919057695548
267 0.0005567139972246788
401 0.00018110073068838497
416 0.00031109330472278875
494 0.0007812883408127773
497 0.00017684408550895013
576 0.0003086168757797243
608 0.0003438806748054391
613 0.0005194705449015992
851 0.00008185705212231243
873 0.0007593809678509275
879 0.0002958245228348551
1026 0.0010823281337329915
1060 0.0002852508106156339
1070 0.0003541015143419739
1395 0.0001739500102896398
1499 0.000393582208037624
1781 0.00028224872431895635
2128 0.0017492123545524239
2876 0.0006037805934374678
3717 0.0009671029243077069
7612 0.0007881489921597373