9 0.00013633301269468968
13 0.000019487324150714776
22 0.0008050415334898633
26 0.0002468679904672833
34 0.00013031629576506
36 0.00016592772540399069
38 0.000005801646248097621
39 0.000018535113825219447
40 0.000015010431483387899
41 0.000011139841612308305
43 0.00002472922547553448
44 0.0006817776768764914
49 0.0001664826957563729
51 0.00004686777384075253
56 0.00012955459643277864
63 0.0000037855318677072396
65 0.00001773141897136357
67 0.00004203784642398019
71 0.00012561808978093188
84 0.0008523518488894304
89 0.00009505729945367397
115 0.0002059878583080766
150 0.00035621126149020904
159 0.0001776836714179443
160 0.00018023749427928805
176 0.00033751149866781817
177 0.00015160120460271228
180 0.0001136486243970201
197 0.0002904236905482616
225 0.00042093493558288133
226 0.0002049311356991152
277 0.0006975531579563571
286 0.0003975504898392634
287 0.0005162017214474523
307 0.00022550415909059743
310 0.0016226697770759459
319 0.00045619873460859607
391 0.0011096122844998333
416 0.006532959399178564
430 0.00044730308704364933
437 0.00032153186911851154
455 0.0008358162765125703
475 0.002576412630835172
524 0.0006345864806991627
573 0.000330550407711369
579 0.0009884344705174716
587 0.0004942172352587358
657 0.004469641874123604
669 0.0002517877166381117
671 0.0007792058173523988
778 0.01772273901426126
851 0.00008185705212231243
1057 0.0013015497867650057
1095 0.0008241398732300858
1213 0.003411100766470519
1224 0.0008965753262562775
1310 0.0010899669926107173
1395 0.0005218500308689194
1725 0.001322569061283251
1835 0.0013069642533393056
1957 0.0012691729613983254
1971 0.000618218327643938
2103 0.000549621148441263
2145 0.0007881489921597373
2598 0.0005685167944117531
2627 0.002705820334332479
2631 0.0037086294295353866
2836 0.0009474798040151018
3018 0.0004408563537610837
3190 0.0006758309323565803
5204 0.004396969187530104
6087 0.0006037805934374678
6960 0.0015762979843194746
7813 0.004226464154062275
7814 0.002619342973252911
7815 0.000873114324417637
7816 0.001746228648835274
7817 0.000873114324417637
7818 0.000873114324417637
7819 0.000873114324417637