9 0.00013633301269468968
13 0.0000779492966028591
16 0.00007545831652538253
26 0.00012343399523364164
34 0.00008687753051003999
36 0.00008296386270199534
38 0.000008702469372146433
39 0.000018535113825219447
40 0.000012008345186710319
41 0.000011139841612308305
43 0.000037093838213301725
44 0.00040906660612589484
49 0.00012486202181727967
51 0.00004686777384075253
56 0.00006477729821638932
63 0.000007571063735414479
65 0.00003546283794272714
67 0.00008407569284796038
69 0.00023724943034546792
70 0.00035233775638020634
71 0.00012561808978093188
73 0.0003858275493267621
89 0.00009505729945367397
107 0.0002049311356991152
159 0.0001776836714179443
160 0.00018023749427928805
180 0.0001136486243970201
214 0.000273659908111955
226 0.0002049311356991152
247 0.00026056072380914035
261 0.000935489532233438
277 0.00029895135340986733
310 0.00016226697770759457
360 0.00019339166635443979
368 0.00018686500362842702
391 0.0011096122844998333
392 0.0002969338431976791
401 0.0007244029227535399
416 0.00031109330472278875
430 0.00022365154352182467
445 0.0006937085176890659
475 0.004007752981299156
487 0.0021524569416246984
493 0.00023454039050719067
494 0.00019532208520319432
662 0.0004408563537610837
669 0.00012589385831905585
787 0.0004737399020075509
841 0.0004338499289216686
851 0.00016371410424462487
1028 0.0031869136290777656
1208 0.0003541015143419739
1395 0.0013916000823171184
1450 0.00032568748957397626
1548 0.0003985861298959538
4137 0.00048355146215385347
4219 0.0011370335888235062
4222 0.0009043587776695111
4223 0.0008890314040531017
6844 0.0029537898357102094
7813 0.0018113417803124036
7820 0.000873114324417637