0 0.00019243773886705868
1 0.0003929004580766286
2 0.00017273030805218352
5 0.0002365665368606119
6 0.0002400196965770493
7 0.000233207996263883
13 0.000019487324150714776
38 0.000011603292496195242
39 0.000004633778456304862
40 0.000006004172593355159
41 0.000007426561074872202
43 0.00001236461273776724
46 0.00013757309798016797
47 0.00013542383884939454
52 0.00028994739050714656
55 0.00019400951426952473
58 0.0010983401500430064
59 0.000602379158534602
60 0.0002572917550567303
63 0.00000567829780156086
65 0.00001773141897136357
72 0.00017642643923270423
82 0.0005664825455324013
87 0.0001891562677877985
88 0.00024872719512041187
89 0.00019011459890734794
124 0.00009942778247685315
130 0.00027274170858643915
226 0.0002049311356991152
324 0.0003753890228061612
411 0.00044608035070850863
442 0.0003242865707429365
573 0.0001652752038556845
1001 0.00030739717354226806
1020 0.0006758309323565803
1059 0.0006758309323565803
1173 0.00041790813825628515
2085 0.0003672140565768559
2115 0.0006037805934374678
2116 0.000873114324417637