9 0.00010224975952101728
13 0.000045470423018334476
19 0.00013212323419503196
22 0.0009392151224048407
26 0.000370301985700925
34 0.00008687753051003999
36 0.00004148193135099767
38 0.000008702469372146433
39 0.000013901335368914586
40 0.000012008345186710319
41 0.000014853122149744404
43 0.000016486150317022987
49 0.000041620673939093223
51 0.0001406033215222576
56 0.00006477729821638932
63 0.00000567829780156086
65 0.00003546283794272714
66 0.00027942089546161464
67 0.00008407569284796038
71 0.00012561808978093188
74 0.00030499358548289365
89 0.00009505729945367397
107 0.0004098622713982304
113 0.0002226669674373353
114 0.0008456503834671878
122 0.00018417084982617462
124 0.00009942778247685315
160 0.0003604749885585761
162 0.0008299085659023568
175 0.0003753890228061612
185 0.0002656336848489608
196 0.0005027425024560568
237 0.0003558910215031841
251 0.00022002825322499402
253 0.0002472323099654942
277 0.00009965045113662244
283 0.004179081382562852
286 0.0005963257347588951
352 0.0002958245228348551
357 0.0003438806748054391
368 0.00018686500362842702
391 0.0013870153556247917
396 0.0007678541784258615
430 0.00044730308704364933
442 0.0003242865707429365
467 0.0006910521121340801
475 0.0008588042102783905
507 0.00027274170858643915
512 0.00031751252334467103
545 0.0011957583896878615
557 0.004240383687753661
562 0.004830244747499743
578 0.0005258216860189834
669 0.00012589385831905585
703 0.0002862680700927968
753 0.0002783569986123394
782 0.00036142184220439385
786 0.0008076060951483175
851 0.00016371410424462487
1115 0.0008746061772762119
1224 0.0013448629893844162
1271 0.0007305054994379872
1395 0.0003479000205792796
1403 0.0006910521121340801
1449 0.0011370335888235062
1472 0.00043730308863810597
1629 0.00043049138832493966
1768 0.0006534821266696528
2007 0.0004408563537610837
2155 0.00048355146215385347
2200 0.003379154661782902
2223 0.0006758309323565803
2816 0.0006345864806991627
3589 0.0015762979843194746
3601 0.0007344281131537118
3683 0.0047308165264960626
4131 0.0005685167944117531
4172 0.0010516433720379667
4216 0.000999839230418156
4222 0.0013565381665042668
4606 0.0006037805934374678
4921 0.00048355146215385347
6356 0.0007881489921597373
6761 0.0007881489921597373
7813 0.0012075611868749357
7821 0.00873114324417637
7822 0.000873114324417637
7823 0.000873114324417637
7824 0.000873114324417637