9 0.00020449951904203455
13 0.000012991549433809848
21 0.000572213429337706
22 0.00040252076674493167
26 0.0002468679904672833
30 0.00022182651134558653
34 0.000043438765255019996
36 0.00008296386270199534
38 0.000005801646248097621
39 0.000009267556912609724
40 0.00000900625889003274
41 0.000011139841612308305
43 0.000016486150317022987
49 0.00008324134787818645
51 0.0001406033215222576
56 0.00006477729821638932
60 0.0005145835101134606
63 0.00001135659560312172
65 0.00007092567588545428
66 0.00018628059697440975
67 0.00004203784642398019
71 0.00012561808978093188
81 0.00018240709186440708
85 0.00024357296170002702
113 0.0002226669674373353
122 0.00018417084982617462
131 0.0008185038060016722
135 0.0008941598834407718
158 0.00028424192373937554
159 0.0008884183570897217
185 0.0002656336848489608
223 0.00044451570202655086
226 0.0002049311356991152
254 0.0004272224195725296
267 0.0002783569986123394
286 0.0001987752449196317
288 0.00022801868959232616
367 0.0002673724241223067
368 0.00018686500362842702
393 0.0006781460730349327
396 0.0005758906338193962
401 0.0007244029227535399
442 0.0003242865707429365
507 0.0032729005030372703
520 0.0003237921753424907
550 0.00025332444879269114
557 0.010176920850608786
573 0.0001652752038556845
576 0.0015430843788986218
669 0.00012589385831905585
753 0.0002783569986123394
786 0.010498879236928129
851 0.00032742820848924973
897 0.0005587052342654505
1208 0.0003541015143419739
1290 0.00031109330472278875
1395 0.0006958000411585592
1621 0.0004338499289216686
1765 0.0006037805934374678
1768 0.0013069642533393056
1981 0.0009884344705174716
3717 0.00048355146215385347
3719 0.0004272224195725296
4118 0.0014063673198036752
4119 0.0007881489921597373
4203 0.000505900267840781
4629 0.011034085890236325
5005 0.0006534821266696528
5155 0.0007384474589275524
6088 0.0007384474589275524
6424 0.0007881489921597373
7436 0.009457787905916849
7583 0.0023644469764792122
7813 0.0006037805934374678
7825 0.000873114324417637
7826 0.001746228648835274
7827 0.001746228648835274
7828 0.01222360054184692
7829 0.000873114324417637