9 0.00010224975952101728
12 0.0002564879550388143
13 0.000019487324150714776
21 0.0004291600720032795
34 0.00008687753051003999
36 0.00008296386270199534
38 0.000008702469372146433
39 0.000009267556912609724
40 0.0000030020862966775796
41 0.000003713280537436101
43 0.000008243075158511493
51 0.00009373554768150506
56 0.00006477729821638932
59 0.00020079305284486732
60 0.0002572917550567303
63 0.000007571063735414479
65 0.00001773141897136357
68 0.0005829699755420034
81 0.0005472212755932213
105 0.006297682638544645
114 0.00021141259586679695
130 0.00027274170858643915
171 0.0001368611790876869
180 0.00017047293659553015
196 0.0001675808341520189
261 0.0007016171491750785
277 0.00019930090227324488
279 0.00022929556638299245
340 0.0005587052342654505
360 0.00038678333270887957
396 0.0005758906338193962
411 0.000669120526062763
442 0.0003242865707429365
445 0.00023123617256302196
520 0.0003237921753424907
647 0.0005332529953860384
669 0.00012589385831905585
753 0.0005567139972246788
851 0.0002455711563669373
877 0.005517042945118162
1283 0.005764241620796929
2378 0.0003003233420124021
3871 0.001903759442097488
5321 0.0007881489921597373
6154 0.0007881489921597373
7813 0.0024151223737498713