9 0.00030674927856305184
13 0.000025983098867619697
14 0.0020203693312793483
15 0.0020519036403105146
26 0.0002468679904672833
30 0.0019964386021102793
33 0.00011331060825040136
36 0.00016592772540399069
38 0.000008702469372146433
39 0.000018535113825219447
40 0.00000900625889003274
41 0.000011139841612308305
43 0.000016486150317022987
44 0.00013635553537529827
46 0.0003210038952870586
47 0.00031598895731525394
51 0.00004686777384075253
55 0.00009700475713476236
56 0.00006477729821638932
57 0.0001250684069607151
63 0.0000037855318677072396
65 0.00005319425691409072
67 0.00004203784642398019
84 0.0002130879622223576
114 0.00021141259586679695
143 0.0006599779013865577
150 0.00035621126149020904
156 0.0004338499289216686
160 0.00018023749427928805
180 0.0001136486243970201
196 0.0001675808341520189
198 0.004691137279473834
255 0.00034546061610436703
263 0.0002338723830583595
277 0.00009965045113662244
279 0.0004585911327659849
392 0.0005938676863953582
399 0.0002969338431976791
430 0.00022365154352182467
493 0.00023454039050719067
495 0.0007507780456123224
573 0.0001652752038556845
657 0.0016761157027963517
663 0.0015997589861581152
669 0.00012589385831905585
779 0.0006052724462960429
811 0.0013565381665042668
841 0.0004338499289216686
851 0.00008185705212231243
858 0.0004915108718269986
1062 0.00025810086072372616
1283 0.0013562921460698654
1328 0.0031869136290777656
1450 0.0006513749791479525
1522 0.0005188152611795682
1523 0.0005188152611795682
1725 0.0008817127075221674
3092 0.0008676998578433372
3738 0.0006758309323565803
4577 0.003940744960798687
4952 0.0006758309323565803
5385 0.0007031836599018376
7813 0.0036226835606248072
7830 0.028812772705782023