9 0.00020449951904203455
13 0.000019487324150714776
22 0.0001341735889149772
33 0.00011331060825040136
34 0.00013031629576506
36 0.00004148193135099767
37 0.0004195196388193289
38 0.000008702469372146433
39 0.00002316889228152431
40 0.00000900625889003274
41 0.000011139841612308305
43 0.000016486150317022987
44 0.00013635553537529827
46 0.0003668615946137812
47 0.00036113023693171874
49 0.000041620673939093223
51 0.0001406033215222576
55 0.00019400951426952473
56 0.00006477729821638932
57 0.0005002736278428604
63 0.0000037855318677072396
65 0.00001773141897136357
67 0.00016815138569592077
71 0.00012561808978093188
85 0.00024357296170002702
100 0.000611883269304757
113 0.0002226669674373353
114 0.00021141259586679695
123 0.000188234616351904
158 0.00028424192373937554
159 0.0001776836714179443
160 0.00018023749427928805
180 0.00005682431219851005
185 0.0007969010545468823
212 0.00040116683707882124
217 0.005165896659899276
221 0.0005587052342654505
223 0.0013335471060796527
224 0.01142255665258493
226 0.0002049311356991152
263 0.000467744766116719
267 0.0002783569986123394
277 0.00009965045113662244
310 0.00016226697770759457
350 0.003999356921672624
368 0.00018686500362842702
396 0.0007678541784258615
401 0.00108660438413031
413 0.00024142866684252312
430 0.00022365154352182467
442 0.0003242865707429365
457 0.0002936355528176933
573 0.000330550407711369
594 0.0010316420244163174
646 0.0003712334023506965
669 0.00012589385831905585
697 0.0004691137279473833
703 0.0002862680700927968
851 0.00008185705212231243
1178 0.002169249644608343
1343 0.0005258216860189834
3538 0.0005332529953860384
3719 0.0004272224195725296
4922 0.0005587052342654505
4923 0.0006758309323565803
5286 0.0007384474589275524
6581 0.0007384474589275524
7813 0.0018113417803124036
7831 0.000873114324417637