9 0.00030674927856305184
13 0.000012991549433809848
15 0.0002564879550388143
33 0.00022662121650080273
38 0.000008702469372146433
39 0.000009267556912609724
40 0.000006004172593355159
41 0.000011139841612308305
43 0.000008243075158511493
44 0.00013635553537529827
46 0.0001834307973068906
47 0.00018056511846585937
51 0.00009373554768150506
63 0.0000037855318677072396
94 0.0004785475402955236
159 0.0003553673428358886
162 0.0004149542829511784
185 0.0002656336848489608
214 0.000273659908111955
225 0.00042093493558288133
230 0.0002958245228348551
287 0.00025810086072372616
288 0.00022801868959232616
291 0.0003887745697496512
368 0.00018686500362842702
573 0.0001652752038556845
850 0.001980293184903442
851 0.00008185705212231243
891 0.0004785475402955236
898 0.0003014743275909555
1413 0.002489725697707071
1415 0.0007031836599018376
1425 0.0037529098235790665
1634 0.000549621148441263
1716 0.000618218327643938
1785 0.00030499358548289365
2056 0.0006345864806991627
3837 0.0006345864806991627
4131 0.0005685167944117531
5425 0.0006758309323565803
6934 0.004442105364894139
7813 0.0030189029671873397
7832 0.000873114324417637