9 0.00023858277221570697
13 0.000012991549433809848
21 0.0001430533573344265
22 0.0001341735889149772
33 0.00011331060825040136
34 0.000043438765255019996
36 0.00004148193135099767
38 0.000008702469372146433
39 0.000018535113825219447
40 0.00000900625889003274
41 0.000011139841612308305
43 0.00001236461273776724
44 0.00013635553537529827
46 0.0003668615946137812
47 0.00036113023693171874
49 0.000041620673939093223
51 0.0001406033215222576
56 0.00006477729821638932
63 0.0000037855318677072396
65 0.00001773141897136357
66 0.00009314029848720488
67 0.00008407569284796038
71 0.00012561808978093188
72 0.00035285287846540845
84 0.0008523518488894304
85 0.00024357296170002702
113 0.00011133348371866765
123 0.000188234616351904
124 0.00009942778247685315
158 0.00028424192373937554
171 0.0001368611790876869
185 0.0007969010545468823
186 0.0005050923328198371
196 0.0001675808341520189
197 0.0002904236905482616
255 0.00017273030805218352
261 0.000467744766116719
276 0.0010665059907720767
277 0.00029895135340986733
335 0.000505900267840781
368 0.00018686500362842702
401 0.000543302192065155
430 0.00022365154352182467
457 0.0002936355528176933
520 0.0003237921753424907
551 0.0002832412727662006
572 0.00033907303651746636
573 0.000330550407711369
652 0.0004737399020075509
669 0.00012589385831905585
802 0.005227857013357222
823 0.00045217938883475555
851 0.00008185705212231243
928 0.001604667348315285
1060 0.0002852508106156339
1425 0.0056293647353686
1854 0.0005587052342654505
1981 0.0004942172352587358
2378 0.0003003233420124021
2631 0.005768979112610601
2636 0.0008890314040531017
2836 0.0009474798040151018
3437 0.0006534821266696528
3832 0.0006534821266696528
4130 0.0036922372946377622
4603 0.0006345864806991627
5675 0.0007881489921597373
7108 0.0007384474589275524
7813 0.0030189029671873397
7833 0.010477371893011645
7834 0.000873114324417637
7835 0.000873114324417637