0 0.00038487547773411737
1 0.0001309668193588762
9 0.0005112487976050864
13 0.000045470423018334476
16 0.00007545831652538253
17 0.0011321674551243322
18 0.0014234965820728077
19 0.0002642464683900639
20 0.0004929832974362684
21 0.0004291600720032795
22 0.0008050415334898633
23 0.0009120747583693047
26 0.00012343399523364164
28 0.0022799200391342206
30 0.00044365302269117307
34 0.000043438765255019996
36 0.00004148193135099767
38 0.000005801646248097621
39 0.000027802670737829172
40 0.00002101460407674306
41 0.00002227968322461661
42 0.000051443803059355216
43 0.000020607687896278735
44 0.00020453330306294742
46 0.0004127192939405039
47 0.00040627151654818366
49 0.000041620673939093223
51 0.00032807441688526777
55 0.00009700475713476236
56 0.00012955459643277864
57 0.0001250684069607151
63 0.000007571063735414479
65 0.00003546283794272714
67 0.00012611353927194057
76 0.0016030111843102933
81 0.00018240709186440708
87 0.0001891562677877985
89 0.0011406875934440877
95 0.0025633345174351776
107 0.0006147934070973456
115 0.0004119757166161532
122 0.00018417084982617462
135 0.0005961065889605145
139 0.00028224872431895635
144 0.0001691423720016671
149 0.0003732936031739842
156 0.0004338499289216686
158 0.0005684838474787511
159 0.0007107346856717773
165 0.0006765124772717924
171 0.00041058353726306076
180 0.00005682431219851005
183 0.0024975483811488304
192 0.0003242865707429365
214 0.000273659908111955
237 0.0010676730645095523
251 0.00044005650644998804
261 0.0002338723830583595
263 0.000467744766116719
265 0.0004120699366150429
277 0.0006975531579563571
279 0.00022929556638299245
297 0.00034888459666376895
300 0.0016482797464601716
309 0.0006006466840248042
363 0.0007266446617404781
368 0.0009343250181421352
375 0.00025891534254753946
379 0.0006877613496108782
401 0.000543302192065155
416 0.0021776531330595216
475 0.0022901445607423744
538 0.0005705016212312678
540 0.0003471938241542892
575 0.001011800535681562
585 0.0003911548205288988
641 0.002361493248225744
652 0.0004737399020075509
671 0.0002597352724507996
708 0.00035955036976865123
711 0.0008185038060016722
777 0.014526827313027912
841 0.0004338499289216686
851 0.00008185705212231243
871 0.0011881759109420651
879 0.0005916490456697102
891 0.0009570950805910472
899 0.0008965753262562775
1007 0.000787164416075248
1030 0.0004338499289216686
1066 0.000424038368775366
1067 0.0004408563537610837
1176 0.0004785475402955236
1271 0.0007305054994379872
1280 0.0006513749791479525
1388 0.0003753890228061612
1397 0.0008408622523832819
1463 0.0013069642533393056
1621 0.0004338499289216686
1650 0.00041790813825628515
1742 0.000999839230418156
1792 0.0014768949178551047
1824 0.0005258216860189834
1878 0.0003841483956894837
2163 0.0005411640668664958
2622 0.0007384474589275524
2637 0.00043049138832493966
2697 0.0008023336741576425
2700 0.00040380304757415875
2701 0.0004603543550640608
2702 0.00046465581618336337
2703 0.00045217938883475555
3007 0.00043049138832493966
3018 0.0008817127075221674
3502 0.00036332233087023905
4370 0.0004603543550640608
4371 0.0004785475402955236
4372 0.0004691137279473833
4373 0.00046465581618336337
4374 0.0004737399020075509
4375 0.0004603543550640608
4376 0.0006534821266696528
4456 0.00045217938883475555
4525 0.0024151223737498713
4614 0.0060824783912092235
4640 0.0005332529953860384
4961 0.0011817312001973612
6976 0.0007384474589275524
7810 0.0012691729613983254
7836 0.000873114324417637
7837 0.0007881489921597373
7838 0.000873114324417637
7839 0.000873114324417637
7840 0.000873114324417637