9 0.00010224975952101728
13 0.000019487324150714776
19 0.00066061617097516
26 0.00012343399523364164
30 0.00022182651134558653
34 0.00013031629576506
36 0.00008296386270199534
38 0.000005801646248097621
39 0.000009267556912609724
40 0.00000900625889003274
41 0.000014853122149744404
43 0.00001236461273776724
49 0.000041620673939093223
51 0.00004686777384075253
56 0.00006477729821638932
63 0.0000037855318677072396
65 0.00001773141897136357
66 0.00009314029848720488
67 0.00008407569284796038
72 0.0010585586353962255
76 0.0009350898575143378
81 0.00036481418372881415
86 0.0004408563537610837
87 0.001513250142302388
113 0.0002226669674373353
115 0.0008239514332323064
122 0.00036834169965234924
139 0.00028224872431895635
150 0.00035621126149020904
180 0.0001136486243970201
183 0.000416258063524805
192 0.0003242865707429365
196 0.0005027425024560568
212 0.00040116683707882124
251 0.00022002825322499402
264 0.00021085919057695548
310 0.00032453395541518913
391 0.000832209213374875
392 0.0002969338431976791
401 0.00036220146137676994
438 0.002516852588380559
475 0.001717608420556781
480 0.0011016421697305678
496 0.0002464916487181342
498 0.0003558910215031841
520 0.00016189608767124534
551 0.0002832412727662006
573 0.0001652752038556845
609 0.003061121620466742
613 0.0002597352724507996
646 0.0003712334023506965
701 0.0005685167944117531
746 0.0003672140565768559
750 0.0003344468624572988
810 0.00043730308863810597
851 0.00008185705212231243
876 0.0007823096410577976
902 0.0003753890228061612
928 0.0008023336741576425
1034 0.00034065472379816113
1058 0.00044828766312813873
1060 0.0002852508106156339
1095 0.0004120699366150429
1178 0.0013015497867650057
1302 0.0005411640668664958
1376 0.0004942172352587358
1396 0.00036920725599727517
1400 0.003789919216060407
1424 0.0010376305223591363
1425 0.0028146823676843
1450 0.00032568748957397626
1511 0.0004408563537610837
1788 0.0008241398732300858
1981 0.0004942172352587358
2482 0.0013516618647131605
3092 0.0004338499289216686
3777 0.0004785475402955236
4257 0.0003887745697496512
4525 0.0006037805934374678
6402 0.0007881489921597373
6415 0.0047288939529584245
6416 0.0023644469764792122
7810 0.0006345864806991627
7841 0.000873114324417637