1 0.0001309668193588762
9 0.00017041626586836213
16 0.00007545831652538253
19 0.00013212323419503196
38 0.000008702469372146433
39 0.000013901335368914586
40 0.00000900625889003274
41 0.000011139841612308305
42 0.000051443803059355216
43 0.00001236461273776724
51 0.00004686777384075253
63 0.00000567829780156086
65 0.00003546283794272714
66 0.00009314029848720488
67 0.00004203784642398019
72 0.00017642643923270423
76 0.0002671685307183822
81 0.00018240709186440708
87 0.0005674688033633956
89 0.00009505729945367397
106 0.001011800535681562
124 0.00009942778247685315
158 0.00028424192373937554
177 0.00015160120460271228
180 0.00005682431219851005
183 0.000416258063524805
367 0.0002673724241223067
411 0.000669120526062763
438 0.0021573022186119075
442 0.0003242865707429365
452 0.0002764565099464942
520 0.00016189608767124534
573 0.0001652752038556845
613 0.0002597352724507996
622 0.0003911548205288988
790 0.0019550735193282335
851 0.00016371410424462487
879 0.0002958245228348551
1034 0.00034065472379816113
1162 0.00030263622314802144
1383 0.0005685167944117531
1596 0.0004603543550640608
4525 0.0006037805934374678
5624 0.0014768949178551047
7810 0.0006345864806991627