0 0.00019243773886705868
1 0.0001309668193588762
2 0.00017273030805218352
4 0.00035233775638020634
5 0.0002365665368606119
6 0.0002400196965770493
9 0.00006816650634734484
13 0.00003247887358452463
16 0.00007545831652538253
21 0.0001430533573344265
34 0.000043438765255019996
36 0.00004148193135099767
38 0.000008702469372146433
39 0.000009267556912609724
40 0.00000900625889003274
41 0.000011139841612308305
42 0.00015433140917806565
43 0.000016486150317022987
44 0.00013635553537529827
45 0.00025964242459217314
46 0.00027514619596033594
47 0.00027084767769878907
48 0.00013154366307515625
49 0.000041620673939093223
51 0.00004686777384075253
52 0.00014497369525357328
55 0.00048502378567381193
56 0.00006477729821638932
61 0.00035285287846540845
63 0.0000037855318677072396
64 0.00018731984297588175
65 0.00003546283794272714
66 0.00009314029848720488
74 0.00030499358548289365
81 0.00036481418372881415
100 0.00015297081732618925
105 0.0003314569809760339
107 0.0002049311356991152
114 0.00021141259586679695
115 0.0002059878583080766
146 0.000264773477364449
180 0.00005682431219851005
186 0.00025254616640991854
245 0.000181970089392662
309 0.0006006466840248042
347 0.0002479774737404859
394 0.0004942172352587358
411 0.00044608035070850863
438 0.005033705176761118
452 0.0005529130198929884
496 0.0004929832974362684
520 0.00016189608767124534
550 0.00025332444879269114
554 0.0003985861298959538
576 0.0003086168757797243
779 0.00030263622314802144
780 0.002642646204382413
803 0.0002597352724507996
858 0.0002457554359134993
1001 0.00030739717354226806
1034 0.00034065472379816113
1321 0.0003271046043571432
1448 0.0009207087101281216
1591 0.0018764549117895333
2117 0.0021095509797055133
2118 0.000873114324417637
2119 0.000873114324417637
2120 0.0006037805934374678
2121 0.0014063673198036752
2122 0.000873114324417637
2123 0.0015762979843194746
2124 0.0007384474589275524
2125 0.0007031836599018376
2126 0.0007031836599018376