1 0.0001309668193588762
9 0.00013633301269468968
13 0.000019487324150714776
16 0.00007545831652538253
19 0.00013212323419503196
33 0.00011331060825040136
34 0.00008687753051003999
38 0.000005801646248097621
39 0.000013901335368914586
40 0.000006004172593355159
41 0.000007426561074872202
43 0.000016486150317022987
44 0.00013635553537529827
46 0.00013757309798016797
47 0.00013542383884939454
49 0.000041620673939093223
51 0.0001406033215222576
55 0.00019400951426952473
63 0.0000037855318677072396
65 0.00003546283794272714
66 0.00009314029848720488
72 0.0005292793176981127
74 0.00030499358548289365
87 0.0005674688033633956
89 0.00019011459890734794
122 0.00018417084982617462
130 0.0008182251257593176
144 0.0006765694880066684
180 0.00005682431219851005
289 0.000742466804701393
304 0.00026056072380914035
367 0.0002673724241223067
716 0.0003136207976380542
851 0.00008185705212231243
868 0.0002709256892452844
879 0.0005916490456697102
1062 0.00025810086072372616
1073 0.00046465581618336337
1172 0.0009775367596641168
1548 0.0003985861298959538
4525 0.0006037805934374678
7837 0.0007881489921597373