9 0.00013633301269468968
13 0.000006495774716904924
16 0.00007545831652538253
19 0.0002642464683900639
38 0.000005801646248097621
39 0.000013901335368914586
40 0.00000900625889003274
41 0.000011139841612308305
43 0.00001236461273776724
44 0.00013635553537529827
46 0.0001834307973068906
47 0.00018056511846585937
48 0.00013154366307515625
49 0.000041620673939093223
51 0.00009373554768150506
56 0.00006477729821638932
63 0.0000037855318677072396
65 0.00003546283794272714
66 0.00009314029848720488
67 0.00008407569284796038
72 0.0008821321961635212
76 0.0010686741228735288
81 0.00018240709186440708
86 0.0004408563537610837
87 0.0005674688033633956
95 0.0004272224195725296
149 0.0003732936031739842
159 0.0001776836714179443
183 0.000416258063524805
185 0.0002656336848489608
363 0.00036332233087023905
368 0.00018686500362842702
438 0.001438201479074605
496 0.0002464916487181342
498 0.0003558910215031841
613 0.0002597352724507996
790 0.0019550735193282335
851 0.00008185705212231243
1034 0.00034065472379816113
1036 0.0003732936031739842
1395 0.0001739500102896398
1413 0.0016598171318047137
1504 0.0021330119815441534
1596 0.0004603543550640608
1621 0.0008676998578433372
4131 0.0005685167944117531
4795 0.0006758309323565803