9 0.00013633301269468968
13 0.000019487324150714776
16 0.00015091663305076506
19 0.00013212323419503196
20 0.0002464916487181342
21 0.000286106714668853
22 0.00040252076674493167
33 0.00011331060825040136
34 0.00008687753051003999
37 0.00020975981940966445
38 0.000011603292496195242
39 0.000009267556912609724
40 0.000006004172593355159
41 0.000007426561074872202
42 0.00010288760611871043
43 0.000020607687896278735
49 0.000041620673939093223
55 0.00009700475713476236
63 0.00001135659560312172
65 0.00008865709485681788
67 0.00008407569284796038
71 0.00012561808978093188
72 0.0028228230277232676
73 0.0003858275493267621
84 0.0006392638866670728
87 0.000756625071151194
89 0.00009505729945367397
97 0.00046908078101438134
100 0.0003059416346523785
104 0.00016413845014333722
113 0.0002226669674373353
124 0.00009942778247685315
130 0.00027274170858643915
135 0.0005961065889605145
143 0.0026399116055462308
146 0.000264773477364449
150 0.00017810563074510452
159 0.0001776836714179443
177 0.00030320240920542457
180 0.00005682431219851005
196 0.0001675808341520189
245 0.000181970089392662
247 0.00026056072380914035
253 0.0002472323099654942
267 0.0019484989902863762
310 0.00048680093312278375
353 0.0007507780456123224
360 0.00038678333270887957
367 0.0002673724241223067
377 0.0003188377153162591
401 0.000543302192065155
411 0.00044608035070850863
430 0.00022365154352182467
467 0.00034552605606704003
494 0.00019532208520319432
497 0.00017684408550895013
686 0.002594076305897841
826 0.0004272224195725296
851 0.0002455711563669373
1029 0.00023724943034546792
1070 0.0003541015143419739
1085 0.000393582208037624
1162 0.00030263622314802144
1178 0.0026030995735300115
1214 0.000424038368775366
1280 0.000977062468721929
1325 0.0018741032214481734
1383 0.0011370335888235062
1395 0.0001739500102896398
1495 0.0004691137279473833
1528 0.003061121620466742
1803 0.0004942172352587358
3277 0.002027492797069741
4204 0.00045619873460859607
4928 0.0007384474589275524
4989 0.0006534821266696528
5444 0.0007384474589275524
7843 0.002619342973252911
7844 0.000873114324417637
7845 0.000873114324417637