9 0.00027266602538937937
13 0.000019487324150714776
16 0.00007545831652538253
21 0.0007152667866721326
34 0.000043438765255019996
38 0.000005801646248097621
39 0.000009267556912609724
40 0.000012008345186710319
41 0.000011139841612308305
42 0.000051443803059355216
43 0.00002472922547553448
44 0.00020453330306294742
45 0.00012982121229608657
46 0.0004127192939405039
47 0.00040627151654818366
49 0.000041620673939093223
51 0.00004686777384075253
55 0.00009700475713476236
56 0.00006477729821638932
57 0.0001250684069607151
63 0.00000567829780156086
65 0.00003546283794272714
66 0.00009314029848720488
67 0.00004203784642398019
72 0.00017642643923270423
76 0.0001335842653591911
104 0.00016413845014333722
113 0.00011133348371866765
124 0.00009942778247685315
135 0.0014902664724012863
136 0.0005851111081648902
150 0.00017810563074510452
179 0.0015430843788986218
180 0.0001136486243970201
291 0.0003887745697496512
360 0.00019339166635443979
401 0.00018110073068838497
491 0.00031109330472278875
492 0.00037969048392546374
508 0.0016095067850956538
512 0.0015875626167233554
573 0.0001652752038556845
669 0.00012589385831905585
709 0.0008182251257593176
772 0.0002597352724507996
851 0.00008185705212231243
868 0.0005418513784905688
870 0.00044828766312813873
1001 0.00030739717354226806
1050 0.0004603543550640608
1182 0.00045217938883475555
1187 0.00035770704084433884
1395 0.0001739500102896398
1499 0.000393582208037624
1701 0.000505900267840781
1781 0.00028224872431895635
1966 0.0005258216860189834
2085 0.0003672140565768559
2202 0.00046465581618336337
2203 0.0004603543550640608
2204 0.0005258216860189834
2631 0.002060349683075215
3427 0.000618218327643938
5008 0.0007881489921597373
5009 0.0006345864806991627
5643 0.000618218327643938
5649 0.0007384474589275524
7846 0.000873114324417637
7847 0.000873114324417637