9 0.00030674927856305184
13 0.00003247887358452463
16 0.00015091663305076506
19 0.0002642464683900639
21 0.0004291600720032795
29 0.00026649997158873667
34 0.00008687753051003999
38 0.000005801646248097621
39 0.000004633778456304862
40 0.000012008345186710319
41 0.000018566402687180508
43 0.00002472922547553448
44 0.00027271107075059654
46 0.00013757309798016797
47 0.00013542383884939454
49 0.000041620673939093223
51 0.0001874710953630101
56 0.00006477729821638932
63 0.00000567829780156086
65 0.00003546283794272714
66 0.00009314029848720488
67 0.00004203784642398019
72 0.0007057057569308169
76 0.0004007527960775733
81 0.00018240709186440708
85 0.00048714592340005404
88 0.00024872719512041187
89 0.00009505729945367397
97 0.00023454039050719067
113 0.00011133348371866765
144 0.0006765694880066684
180 0.00005682431219851005
247 0.00026056072380914035
254 0.0004272224195725296
255 0.0005181909241565506
267 0.0002783569986123394
368 0.00018686500362842702
555 0.0002457554359134993
573 0.0001652752038556845
851 0.00008185705212231243
1264 0.0018586232647334535
1325 0.0015617526845401444
2378 0.0003003233420124021
3502 0.00036332233087023905
4289 0.0010376305223591363
7852 0.005238685946505822