9 0.00013633301269468968
13 0.000012991549433809848
16 0.00007545831652538253
36 0.00008296386270199534
38 0.000005801646248097621
39 0.000004633778456304862
40 0.0000030020862966775796
41 0.000003713280537436101
43 0.000008243075158511493
44 0.00020453330306294742
45 0.00012982121229608657
46 0.00013757309798016797
47 0.00013542383884939454
49 0.000041620673939093223
55 0.00009700475713476236
63 0.00000567829780156086
65 0.00003546283794272714
102 0.00025332444879269114
113 0.00011133348371866765
124 0.00009942778247685315
150 0.00017810563074510452
159 0.0001776836714179443
245 0.000181970089392662
368 0.00018686500362842702
399 0.0008908015295930374
851 0.00008185705212231243
1446 0.0010786511093059537
2203 0.0004603543550640608
5153 0.0005685167944117531
6573 0.0007881489921597373
7853 0.000873114324417637
7854 0.001746228648835274