9 0.00023858277221570697
13 0.00003897464830142955
21 0.0001430533573344265
34 0.00008687753051003999
36 0.00008296386270199534
38 0.000005801646248097621
39 0.000013901335368914586
40 0.000012008345186710319
41 0.000014853122149744404
42 0.000051443803059355216
43 0.000016486150317022987
44 0.00020453330306294742
46 0.00027514619596033594
47 0.00027084767769878907
49 0.000041620673939093223
55 0.00009700475713476236
56 0.00006477729821638932
57 0.0001250684069607151
63 0.00000567829780156086
65 0.00003546283794272714
67 0.00008407569284796038
69 0.00023724943034546792
70 0.00035233775638020634
71 0.00025123617956186376
73 0.00019291377466338104
76 0.0001335842653591911
104 0.0026262152022933955
105 0.0016572849048801697
107 0.0002049311356991152
115 0.0002059878583080766
124 0.00009942778247685315
128 0.0018247949384343843
143 0.0006599779013865577
150 0.00035621126149020904
171 0.0001368611790876869
183 0.0002081290317624025
225 0.00042093493558288133
226 0.0002049311356991152
277 0.00019930090227324488
286 0.0001987752449196317
287 0.001290504303618631
288 0.00045603737918465233
366 0.0006845141746292599
399 0.0011877353727907164
401 0.000543302192065155
540 0.0003471938241542892
549 0.00040380304757415875
669 0.00012589385831905585
851 0.00008185705212231243
912 0.003411100766470519
979 0.0004338499289216686
993 0.001291474164974819
1073 0.00046465581618336337
1095 0.0004120699366150429
1112 0.0003672140565768559
1153 0.0012362098098451287
1298 0.0005685167944117531
1310 0.00399654563957263
1395 0.0003479000205792796
1403 0.00034552605606704003
1618 0.00040380304757415875
1642 0.0006345864806991627
1668 0.0005685167944117531
1860 0.0006345864806991627
1960 0.0018546549829318141
1995 0.000618218327643938
2063 0.0008023336741576425
2414 0.0005411640668664958
2535 0.0005332529953860384
3176 0.0013516618647131605
3553 0.012553606801768393
4128 0.0005587052342654505
4137 0.00048355146215385347
4236 0.0004942172352587358
4307 0.007505819647158133
4354 0.0014063673198036752
5448 0.000618218327643938