0 0.00019243773886705868
1 0.0001309668193588762
2 0.00017273030805218352
3 0.00037969048392546374
4 0.00035233775638020634
5 0.0002365665368606119
6 0.0002400196965770493
7 0.000233207996263883
8 0.00028224872431895635
9 0.00006816650634734484
13 0.00003247887358452463
16 0.00007545831652538253
19 0.00013212323419503196
20 0.0007394749461544028
21 0.000286106714668853
22 0.0001341735889149772
27 0.00033751149866781817
34 0.000043438765255019996
36 0.00008296386270199534
38 0.000008702469372146433
39 0.000013901335368914586
40 0.000012008345186710319
41 0.000025992963762052712
42 0.00015433140917806565
43 0.000037093838213301725
44 0.00013635553537529827
45 0.00012982121229608657
46 0.00022928849663361327
47 0.00027084767769878907
48 0.00013154366307515625
49 0.00012486202181727967
51 0.00004686777384075253
52 0.00028994739050714656
55 0.00009700475713476236
56 0.00019433189464916796
57 0.0001250684069607151
58 0.0010983401500430064
59 0.0010039652642243367
60 0.0002572917550567303
61 0.00035285287846540845
63 0.0000018927659338536198
64 0.00018731984297588175
65 0.00001773141897136357
66 0.00009314029848720488
67 0.00004203784642398019
68 0.0002914849877710017
73 0.00019291377466338104
81 0.0018240709186440709
82 0.001699447636597204
85 0.00024357296170002702
87 0.000756625071151194
90 0.000499919615209078
91 0.0010376305223591363
102 0.00025332444879269114
114 0.00021141259586679695
118 0.00030263622314802144
122 0.00018417084982617462
124 0.00009942778247685315
131 0.0004092519030008361
150 0.00035621126149020904
159 0.0001776836714179443
177 0.00030320240920542457
193 0.0005872711056353866
196 0.0003351616683040378
251 0.00044005650644998804
279 0.00022929556638299245
286 0.0001987752449196317
352 0.0002958245228348551
375 0.00025891534254753946
438 0.0010786511093059537
441 0.0006877613496108782
452 0.0002764565099464942
493 0.00023454039050719067
494 0.0009766104260159718
511 0.0005908656000986806
649 0.0003960586369806884
650 0.000549621148441263
779 0.0024210897851841716
815 0.0004737399020075509
1027 0.0005332529953860384
1029 0.00047449886069093585
1034 0.0010219641713944834
1036 0.0003732936031739842
1058 0.0008965753262562775
1276 0.00048355146215385347
1358 0.0009884344705174716
1511 0.0004408563537610837
1830 0.000499919615209078
2064 0.0005685167944117531
2127 0.0006345864806991627