9 0.0004430822912577415
13 0.000019487324150714776
16 0.00015091663305076506
18 0.0011862471517273398
19 0.00013212323419503196
28 0.00025332444879269114
33 0.00011331060825040136
36 0.00004148193135099767
38 0.000008702469372146433
39 0.000004633778456304862
40 0.00000900625889003274
41 0.000003713280537436101
42 0.000051443803059355216
43 0.000020607687896278735
44 0.00020453330306294742
46 0.00013757309798016797
47 0.00013542383884939454
49 0.00012486202181727967
51 0.00009373554768150506
55 0.00009700475713476236
56 0.00019433189464916796
57 0.0001250684069607151
63 0.00000567829780156086
65 0.00007092567588545428
81 0.00018240709186440708
113 0.00011133348371866765
123 0.000188234616351904
124 0.0001988555649537063
179 0.0012344675031188972
255 0.00017273030805218352
264 0.00021085919057695548
299 0.0018949596080302035
368 0.00018686500362842702
392 0.0014846692159883957
413 0.00024142866684252312
445 0.00023123617256302196
469 0.0005332529953860384
470 0.00037969048392546374
480 0.0003672140565768559
555 0.0002457554359134993
669 0.00012589385831905585
803 0.0005194705449015992
851 0.00008185705212231243
868 0.0010837027569811377
1001 0.0006147943470845361
1062 0.00025810086072372616
1196 0.0003841483956894837
1325 0.003123505369080289
1450 0.0016284374478698817
2627 0.0010823281337329915
3092 0.0008676998578433372
4307 0.0009382274558947666
4673 0.0007384474589275524
7855 0.001746228648835274
7856 0.000873114324417637