9 0.00020449951904203455
12 0.0002564879550388143
13 0.000019487324150714776
16 0.00015091663305076506
38 0.000005801646248097621
39 0.000009267556912609724
40 0.000006004172593355159
41 0.000011139841612308305
42 0.00010288760611871043
43 0.000016486150317022987
44 0.00020453330306294742
46 0.00022928849663361327
47 0.00022570639808232424
49 0.00012486202181727967
55 0.00019400951426952473
56 0.00012955459643277864
57 0.0001250684069607151
63 0.000007571063735414479
65 0.00003546283794272714
67 0.00004203784642398019
68 0.0002914849877710017
72 0.0024699701492578593
73 0.0003858275493267621
76 0.0009350898575143378
87 0.000378312535575597
102 0.0007599733463780734
124 0.00009942778247685315
183 0.0014569032223368179
184 0.00040649720137641123
286 0.0001987752449196317
314 0.000618218327643938
368 0.00018686500362842702
401 0.0007244029227535399
613 0.0007792058173523988
669 0.00012589385831905585
803 0.0002597352724507996
851 0.00008185705212231243
1396 0.0007384145119945503
1403 0.00034552605606704003
1545 0.0004737399020075509
1618 0.0008076060951483175
2378 0.0003003233420124021
2888 0.0011817312001973612
4743 0.0009671029243077069
6394 0.0007384474589275524
7857 0.000873114324417637
7858 0.000873114324417637