9 0.00003408325317367242
13 0.000006495774716904924
16 0.00015091663305076506
17 0.0022643349102486644
18 0.0018979954427637434
19 0.00039636970258509594
21 0.0001430533573344265
23 0.003192261654292567
33 0.00022662121650080273
34 0.000043438765255019996
38 0.000005801646248097621
39 0.000009267556912609724
40 0.00000900625889003274
41 0.000014853122149744404
42 0.000051443803059355216
43 0.000008243075158511493
44 0.00027271107075059654
46 0.00022928849663361327
47 0.00022570639808232424
49 0.00008324134787818645
55 0.00009700475713476236
56 0.00006477729821638932
57 0.0001250684069607151
63 0.000007571063735414479
65 0.00003546283794272714
67 0.00004203784642398019
68 0.0005829699755420034
76 0.0008015055921551466
97 0.00023454039050719067
122 0.00018417084982617462
177 0.00015160120460271228
180 0.00005682431219851005
183 0.0012487741905744152
192 0.0003242865707429365
236 0.0020487510073217167
243 0.000794320432093347
255 0.0010363818483131013
299 0.0004737399020075509
368 0.00018686500362842702
613 0.0002597352724507996
669 0.00012589385831905585
803 0.0002597352724507996
851 0.00008185705212231243
1028 0.002478710600393818
1029 0.00023724943034546792
1050 0.0004603543550640608
1093 0.00036920725599727517
1388 0.0011261670684184837
2378 0.0003003233420124021
3139 0.0004942172352587358
7859 0.000873114324417637