2 0.00017273030805218352
9 0.00027266602538937937
12 0.0010259518201552573
13 0.000006495774716904924
23 0.00045603737918465233
34 0.00017375506102007999
38 0.000005801646248097621
39 0.000009267556912609724
40 0.000006004172593355159
41 0.000011139841612308305
42 0.00010288760611871043
43 0.000008243075158511493
44 0.00020453330306294742
45 0.00012982121229608657
46 0.0001834307973068906
47 0.00018056511846585937
49 0.00012486202181727967
51 0.00009373554768150506
55 0.00009700475713476236
56 0.00006477729821638932
57 0.0001250684069607151
63 0.00000567829780156086
65 0.00003546283794272714
66 0.00009314029848720488
89 0.00009505729945367397
129 0.00045619873460859607
158 0.0005684838474787511
213 0.002234820937061802
255 0.00017273030805218352
264 0.00021085919057695548
271 0.0005983661268631681
274 0.0017362290197116888
379 0.0003438806748054391
430 0.00022365154352182467
452 0.0002764565099464942
461 0.0003985861298959538
573 0.0001652752038556845
594 0.0003438806748054391
669 0.0003776815749571676
772 0.0002597352724507996
803 0.0002597352724507996
851 0.00008185705212231243
861 0.0004737399020075509
870 0.0026897259787688325
908 0.0003652527497189936
1001 0.00030739717354226806
1068 0.0004887683798320584
1412 0.0005188152611795682
1413 0.0004149542829511784
2148 0.00044828766312813873
2152 0.0004942172352587358
2411 0.0007881489921597373
2821 0.0006037805934374678
5892 0.0022153423767826575