9 0.00013633301269468968
12 0.000769463865116443
13 0.00003247887358452463
16 0.00007545831652538253
17 0.0007547783034162214
19 0.0002642464683900639
20 0.0002464916487181342
26 0.00012343399523364164
33 0.00011331060825040136
34 0.0002171938262751
36 0.00004148193135099767
38 0.000011603292496195242
39 0.000027802670737829172
40 0.000012008345186710319
41 0.000011139841612308305
42 0.00010288760611871043
43 0.000008243075158511493
45 0.00025964242459217314
48 0.00013154366307515625
49 0.000041620673939093223
51 0.00004686777384075253
63 0.0000094638296692681
65 0.00005319425691409072
66 0.00009314029848720488
67 0.00016815138569592077
74 0.00030499358548289365
81 0.0012768496430508498
89 0.00009505729945367397
100 0.001070795721283325
113 0.00011133348371866765
130 0.00027274170858643915
180 0.0001136486243970201
253 0.0002472323099654942
258 0.0011881759109420651
259 0.004142645480760631
261 0.0007016171491750785
274 0.0020256005229969706
277 0.00009965045113662244
278 0.0003775208863403447
283 0.00041790813825628515
315 0.0009570950805910472
319 0.00045619873460859607
360 0.00038678333270887957
367 0.0024063518171007605
375 0.00025891534254753946
396 0.0011517812676387924
411 0.00044608035070850863
416 0.00031109330472278875
652 0.0009474798040151018
703 0.0005725361401855936
741 0.0010570132691406192
772 0.0007792058173523988
788 0.0004149542829511784
851 0.0002455711563669373
863 0.00036920725599727517
928 0.0008023336741576425
1036 0.0003732936031739842
1042 0.0010665059907720767
1260 0.001236436655287876
1377 0.0006345864806991627
1388 0.0003753890228061612
1586 0.004152729749743792
1620 0.002842583972058766
1937 0.0005791825675166354
2007 0.0004408563537610837
2366 0.00041790813825628515
2498 0.0007881489921597373
3058 0.0005908656000986806
4351 0.003940744960798687
4378 0.0007384474589275524
4903 0.0014063673198036752
7120 0.0073844745892755245
7864 0.007858028919758734
7865 0.001746228648835274
7866 0.000873114324417637
7867 0.000873114324417637
7868 0.000873114324417637
7869 0.000873114324417637