9 0.00010224975952101728
12 0.0010259518201552573
13 0.00003247887358452463
17 0.0003773891517081107
22 0.0002683471778299544
23 0.0006840560687769785
34 0.00017375506102007999
36 0.00016592772540399069
37 0.0004195196388193289
38 0.000014504115620244055
39 0.000004633778456304862
40 0.00000900625889003274
41 0.000007426561074872202
43 0.000008243075158511493
49 0.00008324134787818645
51 0.00009373554768150506
55 0.00019400951426952473
63 0.0000094638296692681
65 0.00001773141897136357
66 0.00018628059697440975
68 0.0008744549633130053
99 0.0009813138130714298
100 0.00015297081732618925
130 0.00027274170858643915
171 0.0001368611790876869
184 0.00040649720137641123
245 0.000181970089392662
271 0.0008975491902947523
274 0.0034724580394233776
279 0.0004585911327659849
289 0.0003712334023506965
310 0.00048680093312278375
368 0.00018686500362842702
396 0.0005758906338193962
410 0.0005685167944117531
411 0.00044608035070850863
430 0.00022365154352182467
457 0.0011745422112707732
587 0.0004942172352587358
614 0.0005121877518304292
628 0.0019342058486154139
633 0.00040649720137641123
709 0.00027274170858643915
719 0.00048355146215385347
851 0.00032742820848924973
854 0.0026291084300949174
863 0.0007384145119945503
1037 0.0002709256892452844
1042 0.0031995179723162304
1068 0.0004887683798320584
1280 0.0006513749791479525
1290 0.0009332799141683663
1519 0.0009293116323667267
1538 0.0027879348971001803
2052 0.003807518884194976
2366 0.0008358162765125703
2636 0.0017780628081062034
4564 0.0007384474589275524
4565 0.0007881489921597373
7870 0.000873114324417637
7871 0.000873114324417637