9 0.00013633301269468968
13 0.000006495774716904924
16 0.00007545831652538253
17 0.0013208620309783875
18 0.00047449886069093585
19 0.00013212323419503196
21 0.0001430533573344265
23 0.0006840560687769785
30 0.00022182651134558653
33 0.00011331060825040136
34 0.00008687753051003999
36 0.00004148193135099767
38 0.000011603292496195242
39 0.000009267556912609724
40 0.0000030020862966775796
41 0.000007426561074872202
43 0.000008243075158511493
51 0.00009373554768150506
63 0.000007571063735414479
65 0.00001773141897136357
66 0.00018628059697440975
104 0.00016413845014333722
124 0.0001988555649537063
135 0.00029805329448025724
143 0.0013199558027731154
144 0.0006765694880066684
146 0.000264773477364449
150 0.0005343168922353136
245 0.000181970089392662
258 0.0007921172739613768
259 0.00025891534254753946
267 0.0002783569986123394
573 0.000330550407711369
666 0.0006513749791479525
851 0.00012278557818346864
1603 0.00040116683707882124
2337 0.0007881489921597373
3033 0.0004737399020075509
6825 0.0013516618647131605
7371 0.0007384474589275524
7872 0.000873114324417637
7873 0.0007881489921597373