0 0.00019243773886705868
1 0.0001309668193588762
2 0.00017273030805218352
5 0.0002365665368606119
6 0.0002400196965770493
7 0.000233207996263883
8 0.00028224872431895635
13 0.000006495774716904924
16 0.00007545831652538253
17 0.0013208620309783875
19 0.00013212323419503196
20 0.0004929832974362684
33 0.00022662121650080273
38 0.000011603292496195242
40 0.000006004172593355159
41 0.000007426561074872202
42 0.000051443803059355216
43 0.000004121537579255747
46 0.00004585769932672265
47 0.00009028255923292969
49 0.000041620673939093223
52 0.00014497369525357328
63 0.00000567829780156086
64 0.00018731984297588175
65 0.00001773141897136357
89 0.00009505729945367397
102 0.0007599733463780734
124 0.0001988555649537063
130 0.00027274170858643915
177 0.00015160120460271228
180 0.00005682431219851005
253 0.0002472323099654942
258 0.0007921172739613768
259 0.0005178306850950789
296 0.0004887683798320584
411 0.00044608035070850863
520 0.00016189608767124534
642 0.0003887745697496512
746 0.0003672140565768559
772 0.0002597352724507996
868 0.0002709256892452844
922 0.0008746061772762119
1027 0.0021330119815441534
1028 0.0007082030286839478
1029 0.00023724943034546792
1062 0.00025810086072372616
1603 0.0008023336741576425
2128 0.0017492123545524239
2129 0.0015564457835387047
2130 0.000873114324417637
2131 0.000873114324417637
2132 0.002619342973252911
2133 0.000873114324417637
2134 0.000873114324417637
2135 0.000873114324417637
2136 0.000873114324417637
2137 0.000873114324417637
2138 0.000873114324417637
2139 0.0007881489921597373