13 0.000012991549433809848
16 0.00015091663305076506
19 0.00013212323419503196
26 0.00012343399523364164
33 0.0006798636495024083
34 0.00008687753051003999
38 0.000008702469372146433
39 0.000004633778456304862
40 0.000006004172593355159
41 0.000007426561074872202
42 0.000051443803059355216
43 0.00002472922547553448
44 0.00020453330306294742
45 0.00012982121229608657
51 0.00004686777384075253
52 0.00028994739050714656
63 0.000007571063735414479
65 0.00003546283794272714
76 0.0005343370614367644
88 0.00024872719512041187
89 0.00019011459890734794
100 0.00015297081732618925
104 0.00032827690028667443
124 0.00009942778247685315
160 0.0003604749885585761
180 0.00005682431219851005
183 0.00083251612704961
186 0.0015152769984595113
264 0.00021085919057695548
399 0.0011877353727907164
401 0.0014488058455070798
468 0.0012544831905522168
496 0.0014789498923088056
573 0.0001652752038556845
689 0.002582948329949638
717 0.000393582208037624
780 0.002265125318042068
851 0.00008185705212231243
1085 0.002361493248225744
1101 0.0027879348971001803
1388 0.0003753890228061612
1781 0.0022579897945516508
1785 0.00030499358548289365
2085 0.0003672140565768559
2202 0.00046465581618336337
2203 0.0004603543550640608
2204 0.0005258216860189834
4747 0.0025383459227966507
5643 0.0018546549829318141
7875 0.000873114324417637