9 0.00010224975952101728
13 0.000045470423018334476
34 0.00017375506102007999
36 0.00016592772540399069
37 0.0004195196388193289
38 0.000005801646248097621
39 0.000055605341475658344
40 0.00000900625889003274
41 0.000011139841612308305
42 0.00015433140917806565
43 0.000016486150317022987
44 0.00020453330306294742
48 0.00013154366307515625
49 0.00008324134787818645
51 0.00004686777384075253
56 0.00012955459643277864
63 0.0000037855318677072396
65 0.00005319425691409072
66 0.00009314029848720488
67 0.00033630277139184154
74 0.00030499358548289365
84 0.0006392638866670728
113 0.00011133348371866765
139 0.00028224872431895635
165 0.00022550415909059743
169 0.003379154661782902
173 0.0032469844011989747
180 0.00005682431219851005
193 0.0002936355528176933
204 0.0015774650580569502
255 0.00017273030805218352
279 0.0004585911327659849
304 0.0007816821714274212
319 0.00045619873460859607
368 0.00018686500362842702
375 0.0007767460276426184
413 0.00024142866684252312
416 0.0018665598283367326
464 0.000393582208037624
468 0.00219534558346638
520 0.00016189608767124534
540 0.0003471938241542892
555 0.0002457554359134993
564 0.0014826517057762074
594 0.0003438806748054391
670 0.0003329428059983855
681 0.01812742681967396
746 0.0003672140565768559
809 0.0005791825675166354
837 0.0006534821266696528
851 0.00008185705212231243
852 0.0007775491394993024
942 0.00043730308863810597
1112 0.0003672140565768559
1136 0.0013069642533393056
1562 0.0007031836599018376
1706 0.0006534821266696528
1901 0.0006758309323565803
3177 0.0007881489921597373
3994 0.0013069642533393056
4223 0.00044451570202655086
4797 0.0014063673198036752
5093 0.0007384474589275524
5248 0.002703323729426321
5619 0.008669638913757112
5798 0.002613928506678611
5799 0.0007384474589275524
7876 0.014842943515099832
7877 0.00873114324417637
7878 0.013096714866264555
7879 0.000873114324417637
7880 0.000873114324417637
7881 0.000873114324417637
7882 0.000873114324417637