9 0.00017041626586836213
13 0.000025983098867619697
16 0.00007545831652538253
28 0.0007599733463780734
34 0.000043438765255019996
36 0.00004148193135099767
38 0.000011603292496195242
39 0.000009267556912609724
40 0.000006004172593355159
41 0.000007426561074872202
43 0.00001236461273776724
49 0.000041620673939093223
51 0.00009373554768150506
56 0.00006477729821638932
63 0.000007571063735414479
65 0.00003546283794272714
67 0.00004203784642398019
88 0.0004974543902408237
123 0.000188234616351904
124 0.00009942778247685315
131 0.0004092519030008361
159 0.0001776836714179443
160 0.00018023749427928805
165 0.00022550415909059743
171 0.0001368611790876869
179 0.001851701254678346
180 0.00005682431219851005
230 0.0002958245228348551
253 0.0007416969298964826
278 0.0015100835453613788
292 0.0005829699755420034
319 0.00045619873460859607
416 0.00031109330472278875
494 0.0015625766816255546
723 0.0013069642533393056
794 0.0015997589861581152
851 0.0002455711563669373
879 0.0005916490456697102
1086 0.0005258216860189834
1100 0.0008023336741576425
1104 0.0013516618647131605
1325 0.0018741032214481734
1916 0.0007384474589275524
2201 0.0006758309323565803
2398 0.0008965753262562775
2512 0.0019604463800089586
3531 0.0014768949178551047
4883 0.0036226835606248072
7418 0.0007881489921597373
7883 0.000873114324417637