9 0.00027266602538937937
12 0.0002564879550388143
13 0.000019487324150714776
17 0.0003773891517081107
19 0.0002642464683900639
33 0.00022662121650080273
36 0.00012444579405299303
38 0.000011603292496195242
39 0.000009267556912609724
40 0.00000900625889003274
41 0.000003713280537436101
43 0.000016486150317022987
45 0.00025964242459217314
48 0.00013154366307515625
63 0.00001324936153697534
65 0.00003546283794272714
67 0.00004203784642398019
68 0.0002914849877710017
81 0.00018240709186440708
97 0.00046908078101438134
104 0.00016413845014333722
113 0.0002226669674373353
115 0.0004119757166161532
123 0.000188234616351904
124 0.0001988555649537063
134 0.0007344281131537118
138 0.0003775208863403447
144 0.0003382847440033342
158 0.0017054515424362532
160 0.00018023749427928805
179 0.0030861687577972436
226 0.0004098622713982304
246 0.00040649720137641123
274 0.0034724580394233776
299 0.0004737399020075509
320 0.0005894503033351281
321 0.00048355146215385347
368 0.00018686500362842702
375 0.0005178306850950789
396 0.0011517812676387924
430 0.00022365154352182467
440 0.00048355146215385347
445 0.0006937085176890659
452 0.0011058260397859769
520 0.00016189608767124534
533 0.005264022943250761
572 0.00033907303651746636
624 0.0004887683798320584
671 0.0002597352724507996
708 0.00035955036976865123
753 0.0002783569986123394
769 0.00045619873460859607
834 0.0007031836599018376
845 0.00043730308863810597
850 0.0003960586369806884
851 0.0002455711563669373
871 0.0007921172739613768
879 0.0002958245228348551
1001 0.0006147943470845361
1062 0.00025810086072372616
1084 0.00036920725599727517
1133 0.00048355146215385347
1374 0.0005411640668664958
1580 0.0005685167944117531
1769 0.000499919615209078
1799 0.0007384474589275524
1996 0.0005121877518304292
2492 0.000618218327643938
3137 0.009457787905916849
3277 0.0013516618647131605
3778 0.0007384474589275524
3928 0.0003753890228061612
6223 0.0006758309323565803
6261 0.0006345864806991627
6706 0.0007881489921597373
7232 0.0007384474589275524
7884 0.003492457297670548
7885 0.000873114324417637
7886 0.001746228648835274
7887 0.002619342973252911
7888 0.005238685946505822