0 0.0005773132166011761
1 0.0001309668193588762
9 0.00013633301269468968
13 0.000025983098867619697
17 0.00018869457585405535
20 0.0002464916487181342
22 0.0002683471778299544
23 0.00022801868959232616
26 0.00012343399523364164
32 0.0005188152611795682
33 0.00011331060825040136
34 0.000043438765255019996
35 0.0003887745697496512
36 0.00004148193135099767
38 0.000005801646248097621
39 0.000013901335368914586
43 0.000004121537579255747
45 0.00012982121229608657
46 0.00013757309798016797
47 0.00013542383884939454
51 0.00009373554768150506
56 0.0002591091928655573
63 0.00001135659560312172
65 0.00003546283794272714
113 0.0002226669674373353
122 0.00018417084982617462
131 0.0004092519030008361
139 0.00028224872431895635
154 0.0009943709429281018
158 0.001989693466175629
165 0.00045100831818119485
180 0.0001136486243970201
183 0.0014569032223368179
214 0.000273659908111955
277 0.0005979027068197347
279 0.00022929556638299245
291 0.0003887745697496512
293 0.0006570765879158534
306 0.0017219655532997587
311 0.0004887683798320584
319 0.0009123974692171921
360 0.00038678333270887957
363 0.00036332233087023905
367 0.0002673724241223067
375 0.0005178306850950789
376 0.00034065472379816113
379 0.0003438806748054391
396 0.0007678541784258615
430 0.00022365154352182467
437 0.00032153186911851154
457 0.0002936355528176933
493 0.00023454039050719067
538 0.0002852508106156339
540 0.0003471938241542892
551 0.000849723818298602
558 0.0003775208863403447
572 0.00033907303651746636
596 0.00043049138832493966
642 0.0003887745697496512
648 0.0003201773905469762
658 0.0003841483956894837
684 0.0026291084300949174
703 0.0002862680700927968
708 0.001438201479074605
750 0.0003344468624572988
766 0.0004785475402955236
779 0.00030263622314802144
845 0.00043730308863810597
851 0.00008185705212231243
869 0.0005188152611795682
871 0.0011881759109420651
875 0.0007682967913789674
899 0.00044828766312813873
1031 0.00042093493558288133
1120 0.00029472515166756405
1139 0.003545193600592084
1348 0.000618218327643938
1472 0.00043730308863810597
1622 0.0038744224949244575
1655 0.0005791825675166354
1691 0.0006758309323565803
1824 0.0005258216860189834
1885 0.0007031836599018376
1886 0.0004785475402955236
1892 0.0005258216860189834
2187 0.0013516618647131605
2242 0.0006758309323565803
2342 0.001117410468530901
2574 0.0005791825675166354
2637 0.00043049138832493966
2697 0.0008023336741576425
2700 0.00040380304757415875
3226 0.0005188152611795682
3245 0.000618218327643938
3691 0.0006758309323565803
3888 0.0006758309323565803
4247 0.005227857013357222
4467 0.0006758309323565803
4743 0.0014506543864615605
5246 0.0015762979843194746
5514 0.0005791825675166354
6087 0.0006037805934374678
6223 0.003379154661782902
7889 0.000873114324417637
7890 0.000873114324417637
7891 0.000873114324417637
7892 0.003492457297670548
7893 0.007858028919758734
7894 0.006984914595341096
7895 0.000873114324417637