9 0.00023858277221570697
13 0.000006495774716904924
16 0.00015091663305076506
19 0.0002642464683900639
22 0.0005366943556599089
26 0.0002468679904672833
34 0.00017375506102007999
36 0.00004148193135099767
37 0.00020975981940966445
38 0.000008702469372146433
39 0.000009267556912609724
40 0.000015010431483387899
41 0.000011139841612308305
42 0.000051443803059355216
43 0.000020607687896278735
45 0.00012982121229608657
55 0.00019400951426952473
63 0.0000094638296692681
65 0.00005319425691409072
66 0.00009314029848720488
113 0.00011133348371866765
180 0.00005682431219851005
261 0.000467744766116719
279 0.00022929556638299245
283 0.00041790813825628515
311 0.0004887683798320584
441 0.0003438806748054391
445 0.0006937085176890659
476 0.0027371924076515764
477 0.006345864806991628
497 0.00017684408550895013
652 0.0004737399020075509
851 0.00008185705212231243
898 0.0003014743275909555
915 0.00032290148184198857
1035 0.0005908656000986806
1036 0.0003732936031739842
1586 0.0033976879770631027
2085 0.0003672140565768559
2992 0.0024177573107692675
4172 0.0005258216860189834
4201 0.0018764549117895333
4219 0.0005685167944117531
4222 0.00045217938883475555
4223 0.00044451570202655086
7896 0.001746228648835274
7897 0.003492457297670548
7898 0.000873114324417637