9 0.00013633301269468968
13 0.00006495774716904926
20 0.0002464916487181342
26 0.00012343399523364164
38 0.000017404938744292866
39 0.000013901335368914586
40 0.000015010431483387899
41 0.000007426561074872202
42 0.000051443803059355216
43 0.00001236461273776724
51 0.0001406033215222576
63 0.00001135659560312172
65 0.00010638851382818144
66 0.00018628059697440975
67 0.00008407569284796038
69 0.00023724943034546792
70 0.00035233775638020634
71 0.00012561808978093188
89 0.00009505729945367397
104 0.00016413845014333722
123 0.000188234616351904
144 0.0001691423720016671
162 0.0004149542829511784
180 0.00005682431219851005
186 0.0005050923328198371
196 0.0001675808341520189
214 0.000273659908111955
230 0.0002958245228348551
251 0.0015401977725749585
375 0.00025891534254753946
442 0.0003242865707429365
445 0.0004624723451260439
486 0.0008746061772762119
497 0.00017684408550895013
520 0.00016189608767124534
549 0.00040380304757415875
637 0.0005587052342654505
689 0.00043049138832493966
770 0.0004785475402955236
779 0.00030263622314802144
780 0.0030201670907227577
781 0.00046465581618336337
790 0.003910147038656467
841 0.0004338499289216686
851 0.0004092852606115622
876 0.0007823096410577976
915 0.0006458029636839771
1036 0.0003732936031739842
1057 0.0008676998578433372
1120 0.0014736257583378206
1368 0.00045217938883475555
1395 0.0006958000411585592
1396 0.0011076217679918256
1446 0.0017977518488432563
1616 0.0011370335888235062
1834 0.00521264310764972
3502 0.00036332233087023905
4560 0.0006345864806991627
6924 0.0014768949178551047