1 0.0002619336387177524
9 0.00020449951904203455
13 0.000045470423018334476
30 0.00022182651134558653
33 0.00011331060825040136
34 0.00013031629576506
36 0.0002074096567549884
38 0.00002030576186834168
39 0.000009267556912609724
40 0.000015010431483387899
41 0.000011139841612308305
43 0.000016486150317022987
46 0.00027514619596033594
47 0.00027084767769878907
49 0.00008324134787818645
55 0.00019400951426952473
56 0.0003886637892983359
57 0.0001250684069607151
60 0.0002572917550567303
63 0.0000094638296692681
65 0.00001773141897136357
66 0.00018628059697440975
76 0.0002671685307183822
84 0.0004261759244447152
88 0.00024872719512041187
97 0.00023454039050719067
99 0.0003271046043571432
107 0.0002049311356991152
113 0.0002226669674373353
115 0.0004119757166161532
131 0.0004092519030008361
146 0.000264773477364449
154 0.0003314569809760339
171 0.0001368611790876869
186 0.00025254616640991854
196 0.0001675808341520189
197 0.0002904236905482616
230 0.0005916490456697102
251 0.00022002825322499402
255 0.00017273030805218352
261 0.0002338723830583595
287 0.0005162017214474523
292 0.0002914849877710017
304 0.00026056072380914035
307 0.00022550415909059743
310 0.00032453395541518913
313 0.0004338499289216686
347 0.0004959549474809718
375 0.00025891534254753946
396 0.000959817723032327
445 0.00023123617256302196
476 0.00045619873460859607
491 0.00031109330472278875
496 0.0002464916487181342
498 0.0003558910215031841
507 0.0008182251257593176
508 0.0032190135701913075
512 0.0025401001867573682
538 0.0002852508106156339
551 0.0002832412727662006
555 0.0002457554359134993
558 0.0003775208863403447
573 0.000330550407711369
576 0.0006172337515594486
608 0.0010316420244163174
615 0.0006534821266696528
709 0.0021819336686915132
717 0.000393582208037624
746 0.0003672140565768559
760 0.000424038368775366
850 0.0003960586369806884
851 0.00008185705212231243
852 0.0003887745697496512
870 0.00044828766312813873
879 0.0002958245228348551
898 0.000602948655181911
906 0.0005908656000986806
1029 0.00023724943034546792
1093 0.00036920725599727517
1120 0.0005894503033351281
1187 0.00035770704084433884
1223 0.0009775367596641168
1224 0.0008965753262562775
1376 0.0004942172352587358
1397 0.001962011922227658
1478 0.000499919615209078
1499 0.000393582208037624
1668 0.0005685167944117531
1696 0.0004887683798320584
1827 0.00041790813825628515
2014 0.0006877613496108782
2016 0.000505900267840781
2206 0.0006534821266696528
2346 0.0008965753262562775
2509 0.002613928506678611
2535 0.0005332529953860384
2746 0.0005188152611795682
3506 0.0007031836599018376
3601 0.0014688562263074237
3603 0.0006345864806991627
4170 0.0005791825675166354
4171 0.0014063673198036752
6223 0.0006758309323565803
6225 0.009599816966058182
6663 0.0007881489921597373
7903 0.000873114324417637
7904 0.002619342973252911
7905 0.000873114324417637
7906 0.000873114324417637
7907 0.000873114324417637