0 0.00019243773886705868
9 0.00010224975952101728
11 0.0004092519030008361
13 0.000012991549433809848
17 0.0005660837275621661
23 0.00022801868959232616
26 0.00012343399523364164
34 0.000043438765255019996
36 0.00012444579405299303
38 0.000008702469372146433
39 0.000009267556912609724
40 0.000015010431483387899
41 0.000011139841612308305
43 0.000004121537579255747
51 0.0001874710953630101
56 0.00006477729821638932
63 0.00000567829780156086
65 0.00001773141897136357
66 0.0003725611939488195
67 0.00008407569284796038
81 0.0007296283674576283
100 0.00015297081732618925
113 0.00011133348371866765
124 0.00009942778247685315
135 0.0005961065889605145
144 0.0003382847440033342
150 0.00017810563074510452
165 0.00022550415909059743
180 0.00005682431219851005
226 0.0004098622713982304
248 0.0007031836599018376
260 0.0003818991754555788
277 0.00009965045113662244
286 0.0001987752449196317
307 0.00045100831818119485
346 0.0005908656000986806
379 0.0003438806748054391
445 0.00023123617256302196
496 0.0002464916487181342
546 0.0004120699366150429
555 0.0002457554359134993
578 0.0015774650580569502
639 0.0005587052342654505
649 0.0003960586369806884
662 0.0008817127075221674
697 0.0004691137279473833
703 0.0002862680700927968
746 0.0003672140565768559
777 0.0005188152611795682
780 0.0018876044317017236
847 0.0004737399020075509
851 0.00016371410424462487
979 0.0004338499289216686
980 0.0014532893234809562
1078 0.0004408563537610837
1081 0.000549621148441263
1084 0.00036920725599727517
1280 0.00032568748957397626
1321 0.0003271046043571432
1436 0.00048355146215385347
1440 0.002472873310575752
1446 0.0021573022186119075
1488 0.0025383459227966507
1492 0.0029537898357102094
1493 0.0013069642533393056
2155 0.00048355146215385347
2168 0.0007881489921597373
2214 0.0005332529953860384
2218 0.0009123974692171921
3485 0.0006345864806991627
3601 0.0007344281131537118
3611 0.0007031836599018376
3683 0.0013516618647131605
4375 0.0004603543550640608
4777 0.0014063673198036752
4944 0.0006345864806991627
5162 0.0007881489921597373
5248 0.007434140255922384
5798 0.00457437488668757
7908 0.000873114324417637