9 0.00013633301269468968
10 0.0009382274558947666
13 0.000006495774716904924
21 0.000286106714668853
22 0.0002683471778299544
33 0.00011331060825040136
36 0.00004148193135099767
37 0.00020975981940966445
38 0.000014504115620244055
39 0.00002316889228152431
40 0.000006004172593355159
41 0.000007426561074872202
42 0.00010288760611871043
43 0.00001236461273776724
45 0.00012982121229608657
46 0.0000917153986534453
47 0.00009028255923292969
49 0.000041620673939093223
51 0.00004686777384075253
55 0.00029101427140428715
63 0.0000094638296692681
65 0.00001773141897136357
66 0.0003725611939488195
67 0.00012611353927194057
71 0.00012561808978093188
76 0.0004007527960775733
100 0.00015297081732618925
114 0.00021141259586679695
150 0.0007124225229804181
151 0.0006719392066499634
171 0.0001368611790876869
180 0.00005682431219851005
197 0.0002904236905482616
210 0.0003201773905469762
230 0.0002958245228348551
276 0.0005332529953860384
277 0.00009965045113662244
292 0.0002914849877710017
310 0.00032453395541518913
333 0.002169249644608343
377 0.0003188377153162591
497 0.00035368817101790026
520 0.0003237921753424907
595 0.00044451570202655086
666 0.00032568748957397626
851 0.00032742820848924973
858 0.0002457554359134993
873 0.00037969048392546374
898 0.0003014743275909555
1029 0.00047449886069093585
1060 0.0002852508106156339
1213 0.0005685167944117531
1339 0.005188152611795682
1395 0.0001739500102896398
1446 0.00035955036976865123
1622 0.00043049138832493966
1785 0.00030499358548289365
2605 0.0005908656000986806
2794 0.0022740671776470124
3601 0.0007344281131537118
3713 0.0005587052342654505
4124 0.0007384474589275524
4142 0.0012691729613983254
4880 0.0007881489921597373
5534 0.0007031836599018376
6968 0.0007881489921597373
7035 0.0007031836599018376
7077 0.002027492797069741
7909 0.0022153423767826575
7910 0.001746228648835274
7911 0.000873114324417637
7912 0.002619342973252911