9 0.00020449951904203455
10 0.0009382274558947666
13 0.000019487324150714776
16 0.00007545831652538253
17 0.0015095566068324428
19 0.0002642464683900639
23 0.001140093447961631
33 0.00011331060825040136
36 0.00008296386270199534
38 0.000005801646248097621
39 0.000013901335368914586
40 0.000015010431483387899
41 0.000018566402687180508
42 0.00010288760611871043
43 0.000008243075158511493
44 0.00013635553537529827
46 0.0003210038952870586
47 0.00031598895731525394
51 0.00004686777384075253
55 0.00009700475713476236
56 0.00006477729821638932
57 0.0001250684069607151
63 0.0000018927659338536198
65 0.00001773141897136357
66 0.00018628059697440975
67 0.00004203784642398019
71 0.00012561808978093188
76 0.0002671685307183822
81 0.0005472212755932213
113 0.00011133348371866765
114 0.00021141259586679695
115 0.0002059878583080766
139 0.00028224872431895635
171 0.0001368611790876869
177 0.0004548036138081369
183 0.000416258063524805
185 0.0002656336848489608
196 0.0001675808341520189
253 0.0002472323099654942
255 0.00017273030805218352
264 0.00021085919057695548
279 0.00022929556638299245
307 0.00022550415909059743
363 0.00036332233087023905
368 0.00018686500362842702
371 0.0004408563537610837
376 0.00034065472379816113
438 0.0017977518488432563
496 0.0002464916487181342
559 0.0006345864806991627
564 0.0009884344705174716
613 0.0002597352724507996
638 0.0008023336741576425
642 0.0003887745697496512
662 0.0004408563537610837
669 0.0002517877166381117
753 0.0002783569986123394
803 0.0002597352724507996
850 0.0003960586369806884
851 0.00008185705212231243
902 0.0003753890228061612
1034 0.00034065472379816113
1035 0.0005908656000986806
1173 0.00041790813825628515
1310 0.0007266446617404781
1339 0.0010376305223591363
1400 0.0014212197060226527
1417 0.0003911548205288988
1596 0.0004603543550640608
2576 0.0007031836599018376
3049 0.0006758309323565803
4375 0.0018414174202562431
4467 0.0006758309323565803
5251 0.0007881489921597373
7909 0.0014768949178551047
7913 0.002619342973252911
7914 0.000873114324417637
7915 0.000873114324417637
7916 0.000873114324417637
7917 0.000873114324417637
7918 0.000873114324417637
7919 0.000873114324417637
7920 0.0007881489921597373
7921 0.000873114324417637
7922 0.000873114324417637
7923 0.000873114324417637
7924 0.000873114324417637
7925 0.000873114324417637