9 0.00020449951904203455
10 0.0009382274558947666
13 0.000025983098867619697
22 0.0001341735889149772
24 0.0005685167944117531
30 0.0013309590680735193
34 0.000043438765255019996
36 0.00008296386270199534
38 0.000005801646248097621
39 0.000013901335368914586
40 0.00001801251778006548
41 0.000011139841612308305
42 0.00010288760611871043
43 0.00003297230063404597
44 0.00013635553537529827
46 0.0003210038952870586
47 0.00031598895731525394
55 0.00009700475713476236
56 0.00006477729821638932
57 0.0001250684069607151
63 0.000007571063735414479
65 0.00001773141897136357
66 0.00009314029848720488
67 0.00008407569284796038
76 0.0002671685307183822
86 0.0004408563537610837
102 0.00025332444879269114
123 0.000188234616351904
127 0.0008358162765125703
130 0.00027274170858643915
134 0.0014688562263074237
171 0.0002737223581753738
180 0.00005682431219851005
210 0.0003201773905469762
217 0.0017219655532997587
251 0.00022002825322499402
347 0.0002479774737404859
360 0.00019339166635443979
393 0.00033907303651746636
441 0.0003438806748054391
505 0.0003359696033249817
506 0.00029918306343158405
520 0.0003237921753424907
573 0.0001652752038556845
669 0.00012589385831905585
688 0.000549621148441263
836 0.000549621148441263
851 0.00008185705212231243
1057 0.0004338499289216686
1120 0.0005894503033351281
1133 0.00048355146215385347
1339 0.0057069678729752505
1395 0.0003479000205792796
1529 0.0003818991754555788
1621 0.0008676998578433372
2344 0.0006758309323565803
2480 0.0015762979843194746
7601 0.0007384474589275524
7909 0.0022153423767826575
7926 0.003492457297670548
7927 0.000873114324417637
7928 0.000873114324417637
7929 0.000873114324417637
7930 0.00611180027092346