9 0.00020449951904203455
13 0.000019487324150714776
22 0.0001341735889149772
29 0.0005329999431774733
30 0.00022182651134558653
34 0.00008687753051003999
38 0.000011603292496195242
39 0.000009267556912609724
40 0.000012008345186710319
41 0.000014853122149744404
42 0.000051443803059355216
43 0.000020607687896278735
46 0.00004585769932672265
47 0.00004514127961646484
49 0.00012486202181727967
51 0.00004686777384075253
63 0.000007571063735414479
65 0.00001773141897136357
67 0.00004203784642398019
73 0.0003858275493267621
81 0.00018240709186440708
125 0.0008047533925478269
144 0.0001691423720016671
150 0.00035621126149020904
171 0.00041058353726306076
180 0.00005682431219851005
183 0.000416258063524805
237 0.0003558910215031841
253 0.0002472323099654942
265 0.0004120699366150429
277 0.00009965045113662244
376 0.0010219641713944834
391 0.00166441842674975
445 0.0011561808628151099
495 0.0003753890228061612
508 0.0008047533925478269
512 0.00031751252334467103
539 0.00045217938883475555
638 0.0008023336741576425
666 0.0006513749791479525
709 0.00027274170858643915
750 0.0016722343122864943
751 0.0009207087101281216
770 0.0004785475402955236
823 0.0009043587776695111
850 0.0003960586369806884
851 0.0002455711563669373
898 0.0015073716379547777
1062 0.0005162017214474523
1063 0.0010376305223591363
1120 0.0011789006066702562
1186 0.0012075611868749357
1198 0.00044451570202655086
1210 0.0033522314055927033
1236 0.0027481057422063153
1283 0.00033907303651746636
1325 0.0065593612750686064
1368 0.0013565381665042668
1398 0.00040380304757415875
1618 0.001615212190296635
1705 0.0004149542829511784
1788 0.0004120699366150429
1855 0.004830244747499743
3208 0.00034065472379816113
4219 0.0011370335888235062
4222 0.00045217938883475555
4223 0.00044451570202655086
4224 0.0010823281337329915
4306 0.002703323729426321
4450 0.0005332529953860384
4639 0.0006345864806991627
6493 0.0022153423767826575
7931 0.0015762979843194746
7932 0.000873114324417637
7933 0.000873114324417637
7934 0.000873114324417637
7935 0.003492457297670548
7936 0.0031525959686389492
7937 0.000873114324417637
7938 0.000873114324417637
7939 0.002619342973252911
7940 0.003492457297670548