9 0.00020449951904203455
13 0.00003897464830142955
16 0.00007545831652538253
19 0.00013212323419503196
21 0.0001430533573344265
26 0.00012343399523364164
27 0.00033751149866781817
28 0.00025332444879269114
29 0.00026649997158873667
30 0.00044365302269117307
34 0.00008687753051003999
38 0.000011603292496195242
39 0.000013901335368914586
40 0.00001801251778006548
41 0.000011139841612308305
42 0.000051443803059355216
43 0.000016486150317022987
45 0.00025964242459217314
46 0.00004585769932672265
47 0.00009028255923292969
49 0.00012486202181727967
51 0.00023433886920376268
60 0.0010291670202269212
61 0.00017642643923270423
63 0.0000094638296692681
65 0.00001773141897136357
67 0.00008407569284796038
71 0.00012561808978093188
72 0.00017642643923270423
76 0.0006679213267959556
85 0.00024357296170002702
86 0.0004408563537610837
97 0.00023454039050719067
100 0.00015297081732618925
114 0.00021141259586679695
115 0.0002059878583080766
119 0.0047288939529584245
122 0.00018417084982617462
124 0.00009942778247685315
138 0.0003775208863403447
139 0.00028224872431895635
154 0.0003314569809760339
159 0.0001776836714179443
180 0.00005682431219851005
185 0.0005312673696979216
193 0.0014681777640884667
214 0.000273659908111955
219 0.0005791825675166354
230 0.0005916490456697102
237 0.0021353461290191046
255 0.00017273030805218352
261 0.0002338723830583595
267 0.0002783569986123394
304 0.0005211214476182807
307 0.00022550415909059743
310 0.00016226697770759457
315 0.0009570950805910472
347 0.0004959549474809718
379 0.0003438806748054391
431 0.00037969048392546374
442 0.0003242865707429365
484 0.00043049138832493966
490 0.0017353997156866743
491 0.0031109330472278876
492 0.001518761935701855
493 0.00023454039050719067
508 0.0016095067850956538
520 0.0016189608767124537
544 0.0004785475402955236
545 0.0003985861298959538
555 0.0002457554359134993
558 0.0007550417726806894
573 0.0001652752038556845
579 0.0004942172352587358
613 0.0002597352724507996
628 0.00048355146215385347
648 0.0003201773905469762
666 0.00032568748957397626
671 0.0002597352724507996
678 0.00506389790570467
691 0.0003038092374917516
851 0.00016371410424462487
898 0.0003014743275909555
942 0.00043730308863810597
1029 0.00023724943034546792
1100 0.00040116683707882124
1120 0.00029472515166756405
1138 0.0005791825675166354
1223 0.0009775367596641168
1224 0.0008965753262562775
1301 0.0004942172352587358
1310 0.0029065786469619124
1395 0.0003479000205792796
1398 0.0012114091427224763
1425 0.0004691137279473833
1503 0.0005332529953860384
1545 0.0004737399020075509
1629 0.0008609827766498793
2124 0.0007384474589275524
2128 0.00043730308863810597
2527 0.0006534821266696528
2576 0.0007031836599018376
3028 0.0007031836599018376
4067 0.0007031836599018376
4169 0.000424038368775366
4257 0.0003887745697496512
4467 0.0006758309323565803
4603 0.0006345864806991627
4869 0.0005587052342654505
5562 0.0007031836599018376
5563 0.0007031836599018376
6168 0.0007031836599018376
6620 0.0014063673198036752
7252 0.0007881489921597373
7601 0.0014768949178551047
7931 0.0063051919372778984
7936 0.0023644469764792122
7941 0.000873114324417637
7942 0.000873114324417637
7943 0.000873114324417637
7944 0.00611180027092346
7945 0.000873114324417637
7946 0.000873114324417637
7947 0.000873114324417637
7948 0.000873114324417637
7949 0.0007384474589275524