1 0.0001309668193588762
9 0.00027266602538937937
13 0.000025983098867619697
16 0.00007545831652538253
20 0.0007394749461544028
21 0.000572213429337706
22 0.00040252076674493167
29 0.0005329999431774733
32 0.0005188152611795682
34 0.00013031629576506
38 0.000008702469372146433
39 0.000009267556912609724
40 0.00000900625889003274
41 0.000011139841612308305
43 0.000020607687896278735
46 0.0000917153986534453
47 0.00009028255923292969
49 0.00020810336969546614
51 0.0001406033215222576
56 0.00006477729821638932
59 0.0022087235812935408
61 0.00017642643923270423
63 0.00000567829780156086
65 0.00001773141897136357
66 0.00009314029848720488
67 0.00004203784642398019
73 0.0003858275493267621
81 0.0007296283674576283
88 0.00024872719512041187
89 0.00009505729945367397
104 0.00016413845014333722
113 0.00033400045115600295
114 0.00021141259586679695
124 0.00009942778247685315
135 0.001192213177921029
136 0.0002925555540824451
144 0.0008457118600083356
160 0.0005407124828378641
162 0.0004149542829511784
180 0.0001136486243970201
197 0.0002904236905482616
219 0.0005791825675166354
230 0.0002958245228348551
246 0.00040649720137641123
247 0.0005211214476182807
251 0.00022002825322499402
260 0.0003818991754555788
261 0.0007016171491750785
264 0.00021085919057695548
283 0.0008358162765125703
286 0.0003975504898392634
292 0.0002914849877710017
293 0.0003285382939579267
310 0.00016226697770759457
347 0.0007439324212214578
368 0.00018686500362842702
379 0.0003438806748054391
441 0.0003438806748054391
493 0.00046908078101438134
494 0.0015625766816255546
497 0.00017684408550895013
520 0.00016189608767124534
573 0.0001652752038556845
649 0.0003960586369806884
669 0.00012589385831905585
678 0.004143189195576548
703 0.0002862680700927968
716 0.0003136207976380542
753 0.0002783569986123394
851 0.00016371410424462487
862 0.0011817312001973612
894 0.0005121877518304292
898 0.0003014743275909555
908 0.0003652527497189936
913 0.0014063673198036752
915 0.00032290148184198857
1060 0.0002852508106156339
1100 0.00040116683707882124
1198 0.00044451570202655086
1208 0.0003541015143419739
1285 0.00036332233087023905
1325 0.0006247010738160577
1330 0.0003960586369806884
1349 0.0005908656000986806
1395 0.0005218500308689194
1519 0.00046465581618336337
1551 0.0005121877518304292
1586 0.0018876044317017236
2085 0.0003672140565768559
2318 0.000618218327643938
2485 0.0005332529953860384
2527 0.0006534821266696528
2772 0.0007384474589275524
2992 0.00048355146215385347
3180 0.0006534821266696528
3659 0.0007881489921597373
3717 0.0009671029243077069
3719 0.0004272224195725296
4204 0.00045619873460859607
4257 0.0003887745697496512
4869 0.0005587052342654505
5007 0.0006345864806991627
5253 0.0007881489921597373
7949 0.0007384474589275524
7950 0.000873114324417637