1 0.0002619336387177524
2 0.00017273030805218352
9 0.00013633301269468968
10 0.0004691137279473833
13 0.000012991549433809848
16 0.00015091663305076506
22 0.0001341735889149772
28 0.0005066488975853823
34 0.000043438765255019996
36 0.00012444579405299303
38 0.000017404938744292866
39 0.000009267556912609724
40 0.00000900625889003274
41 0.000011139841612308305
43 0.00001236461273776724
45 0.00012982121229608657
46 0.00004585769932672265
47 0.00004514127961646484
49 0.00012486202181727967
51 0.00004686777384075253
55 0.00029101427140428715
56 0.00006477729821638932
63 0.000007571063735414479
65 0.00001773141897136357
66 0.00009314029848720488
104 0.00016413845014333722
113 0.00011133348371866765
122 0.0005525125494785239
123 0.000188234616351904
146 0.000264773477364449
150 0.0005343168922353136
159 0.0001776836714179443
160 0.00018023749427928805
177 0.0004548036138081369
180 0.00005682431219851005
226 0.0002049311356991152
253 0.0002472323099654942
293 0.0003285382939579267
298 0.0005908656000986806
347 0.0002479774737404859
356 0.001625988805505645
396 0.00038392708921293077
466 0.000549621148441263
487 0.0008609827766498793
491 0.0009332799141683663
492 0.0011390714517763912
508 0.0026825113084927564
512 0.0019050751400680264
539 0.00045217938883475555
555 0.0002457554359134993
666 0.00032568748957397626
672 0.0004942172352587358
682 0.0015015560912246448
690 0.0004942172352587358
851 0.0002455711563669373
863 0.00036920725599727517
879 0.0005916490456697102
1012 0.0005685167944117531
1029 0.00047449886069093585
1070 0.0003541015143419739
1120 0.0008841754550026923
1187 0.0007154140816886777
1223 0.0009775367596641168
1224 0.0008965753262562775
1321 0.0003271046043571432
1398 0.0008076060951483175
1472 0.00043730308863810597
1519 0.00046465581618336337
1637 0.0005332529953860384
1894 0.000549621148441263
2148 0.00044828766312813873
2199 0.0004785475402955236
2242 0.0006758309323565803
2366 0.00041790813825628515
2521 0.0007881489921597373
2631 0.004532769302765472
2836 0.0014212197060226527
4169 0.000424038368775366
4601 0.000549621148441263
4703 0.0014768949178551047
5009 0.001903759442097488
7462 0.0023644469764792122
7949 0.0007384474589275524
7951 0.000873114324417637
7952 0.000873114324417637
7953 0.003492457297670548
7954 0.001746228648835274
7955 0.000873114324417637