0 0.00019243773886705868
1 0.0001309668193588762
2 0.00017273030805218352
3 0.00037969048392546374
4 0.00035233775638020634
5 0.0002365665368606119
6 0.0002400196965770493
7 0.000233207996263883
8 0.00028224872431895635
9 0.00017041626586836213
13 0.000006495774716904924
14 0.00025254616640991854
15 0.0002564879550388143
16 0.00007545831652538253
18 0.00047449886069093585
20 0.0007394749461544028
21 0.0004291600720032795
22 0.0002683471778299544
34 0.00013031629576506
36 0.0002074096567549884
38 0.000008702469372146433
39 0.000009267556912609724
40 0.00001801251778006548
41 0.000018566402687180508
42 0.00015433140917806565
43 0.000037093838213301725
45 0.00025964242459217314
46 0.0005044346925939492
49 0.0001664826957563729
51 0.00004686777384075253
52 0.00014497369525357328
55 0.00029101427140428715
59 0.0060237915853460205
63 0.0000018927659338536198
64 0.00018731984297588175
65 0.00003546283794272714
76 0.0002671685307183822
77 0.0009293116323667267
85 0.00048714592340005404
89 0.00009505729945367397
102 0.00025332444879269114
105 0.0003314569809760339
124 0.00009942778247685315
139 0.00028224872431895635
146 0.000264773477364449
154 0.0006629139619520678
161 0.004398915418488527
171 0.0001368611790876869
179 0.001851701254678346
183 0.0002081290317624025
245 0.000181970089392662
251 0.00022002825322499402
255 0.00017273030805218352
261 0.0002338723830583595
272 0.0014212197060226527
277 0.00039860180454648976
282 0.0034370925791002093
291 0.0007775491394993024
293 0.0009856148818737803
300 0.0016482797464601716
303 0.0014663051394961752
306 0.0008609827766498793
313 0.0017353997156866743
333 0.0004338499289216686
360 0.00038678333270887957
367 0.0002673724241223067
368 0.00018686500362842702
371 0.006171988952655172
375 0.00025891534254753946
391 0.0005548061422499166
396 0.00019196354460646538
399 0.0002969338431976791
403 0.002793526171327253
439 0.0023201988668322374
445 0.0006937085176890659
462 0.000618218327643938
493 0.00023454039050719067
495 0.0003753890228061612
496 0.0002464916487181342
497 0.0005305322565268504
520 0.0006475843506849814
540 0.0003471938241542892
551 0.000849723818298602
554 0.0003985861298959538
572 0.0006781460730349327
576 0.0012344675031188972
578 0.0005258216860189834
608 0.0003438806748054391
638 0.00040116683707882124
652 0.0004737399020075509
666 0.00032568748957397626
716 0.0003136207976380542
815 0.0004737399020075509
858 0.0002457554359134993
870 0.0008965753262562775
871 0.0003960586369806884
873 0.00037969048392546374
894 0.0005121877518304292
907 0.003807518884194976
908 0.0018262637485949682
911 0.0004120699366150429
913 0.0007031836599018376
915 0.001614507409209943
916 0.0014826517057762074
922 0.00043730308863810597
942 0.00043730308863810597
1001 0.00030739717354226806
1029 0.00023724943034546792
1093 0.00036920725599727517
1112 0.0003672140565768559
1325 0.00031235053690802886
1389 0.0036922372946377622
1413 0.0008299085659023568
1445 0.0005685167944117531
1446 0.00035955036976865123
1448 0.0009207087101281216
1449 0.0005685167944117531
1482 0.0014063673198036752
1511 0.0004408563537610837
1545 0.0004737399020075509
1586 0.0003775208863403447
1596 0.0004603543550640608
1617 0.0006345864806991627
1793 0.0028127346396073505
1794 0.0006534821266696528
1796 0.0006037805934374678
1798 0.0005258216860189834
1803 0.0009884344705174716
1804 0.0007384474589275524
2034 0.0021032867440759335
2143 0.002703323729426321
2144 0.0031525959686389492
2145 0.0007881489921597373
2146 0.0015762979843194746
2147 0.0015762979843194746
2148 0.00044828766312813873
2149 0.000873114324417637
2150 0.000873114324417637
2151 0.000873114324417637
2152 0.0009884344705174716
2153 0.0014768949178551047
2154 0.000873114324417637
2155 0.00048355146215385347
2156 0.0005332529953860384
2157 0.000873114324417637
2158 0.0007881489921597373
2159 0.000873114324417637
2160 0.0006758309323565803