9 0.00030674927856305184
13 0.000012991549433809848
16 0.00007545831652538253
19 0.00013212323419503196
21 0.0001430533573344265
33 0.00011331060825040136
34 0.000043438765255019996
38 0.000005801646248097621
39 0.000013901335368914586
40 0.00000900625889003274
41 0.000011139841612308305
42 0.00015433140917806565
43 0.000008243075158511493
44 0.00013635553537529827
46 0.00027514619596033594
47 0.00018056511846585937
49 0.000041620673939093223
51 0.00004686777384075253
55 0.00009700475713476236
56 0.00006477729821638932
57 0.0001250684069607151
63 0.0000037855318677072396
65 0.00001773141897136357
67 0.00004203784642398019
70 0.00035233775638020634
71 0.00012561808978093188
73 0.00019291377466338104
81 0.00018240709186440708
87 0.000378312535575597
100 0.00015297081732618925
104 0.00016413845014333722
123 0.000188234616351904
124 0.0001988555649537063
138 0.0003775208863403447
144 0.0003382847440033342
171 0.0001368611790876869
179 0.000925850627339173
180 0.00005682431219851005
263 0.000467744766116719
264 0.00021085919057695548
278 0.002265125318042068
360 0.00019339166635443979
391 0.000832209213374875
520 0.0003237921753424907
539 0.00045217938883475555
669 0.00012589385831905585
716 0.0003136207976380542
750 0.0006688937249145976
772 0.0002597352724507996
774 0.0037093099658636283
851 0.00008185705212231243
868 0.0002709256892452844
873 0.0007593809678509275
1196 0.0015365935827579347
1198 0.0008890314040531017
1325 0.003748206442896347
1630 0.001117410468530901
1836 0.0007881489921597373
2128 0.0013119092659143181
2650 0.0006037805934374678
4289 0.0005188152611795682
4811 0.0007384474589275524
5437 0.0006758309323565803
7956 0.000873114324417637
7957 0.001746228648835274