1 0.0001309668193588762
9 0.00023858277221570697
13 0.000006495774716904924
16 0.00015091663305076506
17 0.0018869457585405536
19 0.0005284929367801278
20 0.0004929832974362684
23 0.00045603737918465233
33 0.00011331060825040136
34 0.00008687753051003999
38 0.000008702469372146433
39 0.000013901335368914586
40 0.000012008345186710319
41 0.00002227968322461661
42 0.00015433140917806565
43 0.000008243075158511493
44 0.00013635553537529827
46 0.00027514619596033594
47 0.00027084767769878907
49 0.000041620673939093223
51 0.00004686777384075253
52 0.00014497369525357328
55 0.00009700475713476236
56 0.00019433189464916796
57 0.0001250684069607151
63 0.00001135659560312172
65 0.00001773141897136357
66 0.00018628059697440975
67 0.00004203784642398019
76 0.0002671685307183822
88 0.00024872719512041187
89 0.00009505729945367397
114 0.00021141259586679695
123 0.000188234616351904
156 0.0004338499289216686
160 0.0010814249656757283
180 0.0001136486243970201
183 0.000416258063524805
226 0.0004098622713982304
243 0.000264773477364449
261 0.0002338723830583595
264 0.00021085919057695548
294 0.0003985861298959538
304 0.00026056072380914035
306 0.0021524569416246984
344 0.0007384474589275524
438 0.0021573022186119075
496 0.0002464916487181342
540 0.0003471938241542892
551 0.0002832412727662006
573 0.0001652752038556845
613 0.0002597352724507996
642 0.0011663237092489538
652 0.0004737399020075509
669 0.0002517877166381117
746 0.0003672140565768559
803 0.0002597352724507996
851 0.00008185705212231243
888 0.000505900267840781
1007 0.000393582208037624
1034 0.00034065472379816113
1120 0.00029472515166756405
1622 0.00043049138832493966
1705 0.0004149542829511784
2163 0.0005411640668664958
2318 0.000618218327643938
2693 0.000424038368775366
6767 0.0022153423767826575
7109 0.0007881489921597373
7958 0.006984914595341096
7959 0.001746228648835274
7960 0.000873114324417637
7961 0.001746228648835274