9 0.00030674927856305184
13 0.00007145352188595418
14 0.00025254616640991854
15 0.0002564879550388143
16 0.00007545831652538253
22 0.0002683471778299544
30 0.00022182651134558653
34 0.000043438765255019996
36 0.0002074096567549884
38 0.000005801646248097621
39 0.000004633778456304862
40 0.000012008345186710319
41 0.000018566402687180508
43 0.000008243075158511493
44 0.00020453330306294742
46 0.00027514619596033594
47 0.00027084767769878907
49 0.00008324134787818645
55 0.00009700475713476236
56 0.00012955459643277864
57 0.0001250684069607151
59 0.004819033268276816
63 0.00000567829780156086
65 0.00003546283794272714
66 0.00009314029848720488
67 0.00004203784642398019
71 0.00012561808978093188
81 0.00018240709186440708
107 0.0002049311356991152
113 0.00011133348371866765
124 0.00009942778247685315
143 0.0013199558027731154
144 0.0001691423720016671
150 0.00035621126149020904
193 0.0002936355528176933
222 0.0007682967913789674
226 0.0002049311356991152
237 0.0003558910215031841
243 0.000529546954728898
245 0.000181970089392662
261 0.0002338723830583595
265 0.0008241398732300858
286 0.0001987752449196317
288 0.00022801868959232616
307 0.00022550415909059743
352 0.0002958245228348551
357 0.0003438806748054391
360 0.00019339166635443979
368 0.00037373000725685404
392 0.0002969338431976791
399 0.0002969338431976791
427 0.00044451570202655086
508 0.003487264701040583
520 0.00016189608767124534
551 0.0002832412727662006
558 0.0007550417726806894
594 0.0003438806748054391
669 0.0003776815749571676
708 0.00035955036976865123
715 0.0004092519030008361
772 0.0002597352724507996
779 0.00030263622314802144
782 0.00036142184220439385
832 0.00048355146215385347
851 0.00008185705212231243
893 0.0003775208863403447
1028 0.0003541015143419739
1162 0.0006052724462960429
1198 0.00044451570202655086
1271 0.0003652527497189936
1283 0.00033907303651746636
1328 0.0007082030286839478
1397 0.001962011922227658
1519 0.00046465581618336337
1529 0.0007637983509111575
1716 0.0030910916382196904
1725 0.0004408563537610837
1949 0.0009382274558947666
1958 0.0007881489921597373
2011 0.0047308165264960626
2016 0.000505900267840781
3053 0.00782187327971631
3386 0.005908656000986807
3507 0.0013015497867650057
3732 0.0005411640668664958
4223 0.0013335471060796527
5093 0.0007384474589275524
7972 0.000873114324417637
7973 0.000873114324417637
7974 0.000873114324417637
7975 0.000873114324417637