2 0.00017273030805218352
9 0.0004089990380840691
13 0.000012991549433809848
16 0.00007545831652538253
19 0.0002642464683900639
21 0.000286106714668853
22 0.0002683471778299544
34 0.000043438765255019996
36 0.00008296386270199534
37 0.00020975981940966445
38 0.000005801646248097621
39 0.000018535113825219447
40 0.00001801251778006548
41 0.000011139841612308305
43 0.00002472922547553448
44 0.00020453330306294742
46 0.00022928849663361327
47 0.00022570639808232424
49 0.00012486202181727967
51 0.00004686777384075253
55 0.00009700475713476236
56 0.00012955459643277864
57 0.0001250684069607151
60 0.000771875265170191
63 0.000007571063735414479
65 0.00007092567588545428
67 0.00008407569284796038
72 0.0017642643923270424
76 0.0005343370614367644
81 0.00018240709186440708
87 0.0005674688033633956
124 0.00009942778247685315
139 0.00028224872431895635
140 0.0004603543550640608
176 0.00033751149866781817
179 0.0015430843788986218
183 0.00083251612704961
184 0.00040649720137641123
255 0.00017273030805218352
267 0.0002783569986123394
286 0.0001987752449196317
292 0.0011659399510840069
391 0.0011096122844998333
414 0.0007384474589275524
431 0.001898452419627319
441 0.0010316420244163174
480 0.0003672140565768559
515 0.0005258216860189834
555 0.0002457554359134993
613 0.0002597352724507996
633 0.0008129944027528225
669 0.0002517877166381117
851 0.00008185705212231243
873 0.0007593809678509275
1095 0.0004120699366150429
1283 0.00033907303651746636
1285 0.00036332233087023905
1325 0.003748206442896347
2128 0.0043730308863810605
2378 0.0003003233420124021
4307 0.0028146823676843
5801 0.0007031836599018376
7976 0.000873114324417637
7977 0.000873114324417637