9 0.00020449951904203455
13 0.000006495774716904924
16 0.00007545831652538253
19 0.0002642464683900639
22 0.0001341735889149772
33 0.00022662121650080273
34 0.000043438765255019996
38 0.000005801646248097621
39 0.000009267556912609724
40 0.00000900625889003274
41 0.000011139841612308305
42 0.00010288760611871043
43 0.000016486150317022987
44 0.00020453330306294742
46 0.00022928849663361327
47 0.00022570639808232424
49 0.00012486202181727967
55 0.00009700475713476236
56 0.00006477729821638932
57 0.0001250684069607151
63 0.00000567829780156086
65 0.00003546283794272714
66 0.00009314029848720488
67 0.00004203784642398019
72 0.0015878379530943382
73 0.00019291377466338104
76 0.0008015055921551466
81 0.0005472212755932213
87 0.0001891562677877985
100 0.00015297081732618925
136 0.0005851111081648902
150 0.00035621126149020904
177 0.00030320240920542457
196 0.0001675808341520189
243 0.000529546954728898
353 0.0003753890228061612
439 0.0003314569809760339
493 0.00023454039050719067
494 0.0007812883408127773
496 0.0002464916487181342
669 0.00012589385831905585
691 0.0009114277124752549
803 0.0002597352724507996
851 0.00008185705212231243
1280 0.00032568748957397626
1285 0.0010899669926107173
1395 0.0003479000205792796
4203 0.000505900267840781