13 0.000019487324150714776
16 0.00015091663305076506
17 0.003585196941227052
19 0.0002642464683900639
23 0.002052168206330936
33 0.00033993182475120415
38 0.000005801646248097621
39 0.000032436449194134037
40 0.00000900625889003274
41 0.000011139841612308305
42 0.000051443803059355216
43 0.000004121537579255747
44 0.00020453330306294742
46 0.0001834307973068906
47 0.00018056511846585937
49 0.00012486202181727967
63 0.00000567829780156086
65 0.00003546283794272714
67 0.00004203784642398019
73 0.0003858275493267621
76 0.0021373482457470575
81 0.00018240709186440708
114 0.00021141259586679695
124 0.00009942778247685315
150 0.00035621126149020904
177 0.0004548036138081369
180 0.0001136486243970201
183 0.003538193539960843
243 0.000264773477364449
258 0.0011881759109420651
259 0.0007767460276426184
375 0.0010356613701901578
452 0.0005529130198929884
494 0.0009766104260159718
496 0.0004929832974362684
520 0.00016189608767124534
670 0.000665885611996771
741 0.0010570132691406192
851 0.000040928526061156217
1028 0.0014164060573678956
1034 0.0030658925141834508
1285 0.00036332233087023905
1618 0.0008076060951483175
7978 0.000873114324417637
7979 0.001746228648835274
7980 0.002619342973252911
7981 0.000873114324417637
7982 0.001746228648835274
7983 0.001746228648835274
7984 0.000873114324417637
7985 0.000873114324417637