9 0.00017041626586836213
13 0.000019487324150714776
16 0.00015091663305076506
17 0.0013208620309783875
18 0.0011862471517273398
19 0.0002642464683900639
21 0.0001430533573344265
23 0.0034202803438848927
33 0.00022662121650080273
34 0.00013031629576506
36 0.00008296386270199534
38 0.000005801646248097621
39 0.000018535113825219447
40 0.00000900625889003274
41 0.000011139841612308305
43 0.000008243075158511493
44 0.00020453330306294742
46 0.0001834307973068906
47 0.00018056511846585937
49 0.0001664826957563729
56 0.00019433189464916796
57 0.0002501368139214302
60 0.0005145835101134606
63 0.00000567829780156086
65 0.00005319425691409072
67 0.00004203784642398019
104 0.0004924153504300117
113 0.0002226669674373353
124 0.00009942778247685315
135 0.00029805329448025724
136 0.0005851111081648902
144 0.0013531389760133368
150 0.00035621126149020904
171 0.0001368611790876869
175 0.0011261670684184837
226 0.0002049311356991152
277 0.00019930090227324488
375 0.0005178306850950789
401 0.00018110073068838497
440 0.00048355146215385347
520 0.0003237921753424907
669 0.0002517877166381117
670 0.0003329428059983855
851 0.00008185705212231243
868 0.0013546284462264224
1028 0.0031869136290777656
1060 0.0002852508106156339
1062 0.0005162017214474523
1107 0.0008544448391450592
1206 0.0019604463800089586
1468 0.0008241398732300858
2876 0.0006037805934374678
3321 0.0006345864806991627
3502 0.00036332233087023905
4853 0.0006534821266696528
7986 0.000873114324417637