9 0.00017041626586836213
12 0.0017954156852717004
13 0.00013641126905500342
14 0.0005050923328198371
15 0.0005129759100776286
28 0.00025332444879269114
33 0.00022662121650080273
36 0.00016592772540399069
38 0.000005801646248097621
39 0.000004633778456304862
40 0.000006004172593355159
41 0.000007426561074872202
42 0.00010288760611871043
43 0.00002472922547553448
44 0.00020453330306294742
46 0.0001834307973068906
47 0.00018056511846585937
49 0.0001664826957563729
56 0.00006477729821638932
63 0.00000567829780156086
65 0.00005319425691409072
107 0.0004098622713982304
124 0.00009942778247685315
129 0.0022809936730429805
138 0.0007550417726806894
139 0.00028224872431895635
140 0.0004603543550640608
159 0.0001776836714179443
160 0.00018023749427928805
180 0.00005682431219851005
196 0.0001675808341520189
222 0.0007682967913789674
226 0.0002049311356991152
263 0.0002338723830583595
271 0.0017950983805895045
274 0.0037618295427086588
277 0.00009965045113662244
293 0.0003285382939579267
360 0.00019339166635443979
396 0.000959817723032327
401 0.000543302192065155
416 0.0006221866094455775
580 0.0008817127075221674
613 0.0002597352724507996
670 0.000665885611996771
715 0.0008185038060016722
787 0.0009474798040151018
851 0.00008185705212231243
942 0.0008746061772762119
1066 0.000424038368775366
1068 0.0004887683798320584
1084 0.00036920725599727517
1290 0.00031109330472278875
1545 0.0004737399020075509
2627 0.0005411640668664958
3141 0.0006534821266696528
4307 0.0018764549117895333
7987 0.000873114324417637