0 0.00019243773886705868
16 0.00007545831652538253
36 0.00004148193135099767
38 0.0000029008231240488105
46 0.0000917153986534453
63 0.00000567829780156086
124 0.00009942778247685315
180 0.00005682431219851005
210 0.0003201773905469762
263 0.0002338723830583595
293 0.0013141531758317068
348 0.0008544448391450592
435 0.0004603543550640608
452 0.0002764565099464942
600 0.0006758309323565803
642 0.0003887745697496512
1066 0.001696153475101464
1374 0.0005411640668664958
1396 0.00036920725599727517
1824 0.0005258216860189834
7988 0.0015762979843194746
7989 0.000873114324417637
7990 0.000873114324417637