0 0.00019243773886705868
1 0.0001309668193588762
2 0.00017273030805218352
5 0.0002365665368606119
6 0.0002400196965770493
7 0.000233207996263883
13 0.000012991549433809848
20 0.0004929832974362684
23 0.00022801868959232616
26 0.00012343399523364164
33 0.00011331060825040136
36 0.00004148193135099767
38 0.000008702469372146433
39 0.000004633778456304862
40 0.000012008345186710319
41 0.000003713280537436101
45 0.00025964242459217314
47 0.00009028255923292969
49 0.000041620673939093223
51 0.00004686777384075253
52 0.00014497369525357328
56 0.00006477729821638932
61 0.00035285287846540845
63 0.0000037855318677072396
64 0.00018731984297588175
65 0.00005319425691409072
66 0.00027942089546161464
95 0.0004272224195725296
104 0.00032827690028667443
113 0.00011133348371866765
130 0.00027274170858643915
149 0.0003732936031739842
159 0.0001776836714179443
180 0.00005682431219851005
196 0.0001675808341520189
204 0.0005258216860189834
270 0.001438201479074605
274 0.0014468575164264075
277 0.00009965045113662244
297 0.00034888459666376895
366 0.00034225708731462997
445 0.00023123617256302196
449 0.00043049138832493966
450 0.002619342973252911
451 0.0006534821266696528
452 0.0005529130198929884
453 0.0022153423767826575
454 0.0006758309323565803
455 0.0016716325530251406
456 0.003267410633348264
457 0.0014681777640884667
458 0.004365571622088185
459 0.00048355146215385347
460 0.0007031836599018376
461 0.0015943445195838151
462 0.000618218327643938
463 0.0007031836599018376
464 0.000393582208037624
465 0.001236436655287876
466 0.000549621148441263
467 0.00034552605606704003
468 0.0009408623929141627
469 0.0005332529953860384
470 0.00037969048392546374
471 0.00045619873460859607
472 0.0006534821266696528
473 0.001746228648835274