0 0.00019243773886705868
1 0.0002619336387177524
2 0.00017273030805218352
5 0.0002365665368606119
6 0.0002400196965770493
7 0.000233207996263883
8 0.00028224872431895635
13 0.000025983098867619697
14 0.0007576384992297557
15 0.000769463865116443
28 0.00025332444879269114
38 0.000008702469372146433
39 0.000009267556912609724
40 0.000012008345186710319
41 0.000014853122149744404
42 0.00010288760611871043
43 0.000016486150317022987
45 0.00012982121229608657
46 0.00022928849663361327
47 0.00027084767769878907
48 0.00013154366307515625
49 0.00008324134787818645
52 0.00014497369525357328
59 0.00020079305284486732
63 0.00000567829780156086
64 0.00018731984297588175
65 0.00003546283794272714
67 0.0003783406178158218
82 0.0011329650910648025
85 0.00024357296170002702
104 0.0006565538005733489
107 0.0006147934070973456
113 0.00011133348371866765
118 0.0036316346777762573
121 0.0018113417803124036
122 0.0007366833993046985
139 0.00028224872431895635
150 0.0005343168922353136
165 0.00022550415909059743
171 0.0005474447163507476
186 0.00025254616640991854
196 0.0003351616683040378
230 0.0002958245228348551
237 0.0003558910215031841
238 0.0027481057422063153
253 0.0009889292398619768
254 0.0004272224195725296
255 0.00034546061610436703
263 0.0002338723830583595
265 0.0008241398732300858
277 0.00009965045113662244
279 0.0006878866991489774
286 0.0001987752449196317
287 0.0005162017214474523
288 0.001368112137553957
297 0.00034888459666376895
308 0.0005258216860189834
310 0.0008113348885379729
353 0.0015015560912246448
365 0.0004272224195725296
366 0.00034225708731462997
375 0.00025891534254753946
427 0.00044451570202655086
437 0.001607659345592558
459 0.0033848602350769748
493 0.00046908078101438134
514 0.00043049138832493966
545 0.0003985861298959538
546 0.0008241398732300858
554 0.0003985861298959538
595 0.00044451570202655086
662 0.0004408563537610837
707 0.001772596800296042
709 0.00027274170858643915
717 0.000393582208037624
719 0.00048355146215385347
753 0.0002783569986123394
769 0.00045619873460859607
858 0.000737266307740498
879 0.0002958245228348551
898 0.0003014743275909555
1028 0.0014164060573678956
1063 0.0005188152611795682
1133 0.00048355146215385347
1162 0.00030263622314802144
1214 0.000848076737550732
1283 0.002712584292139731
1298 0.0005685167944117531
1466 0.0007031836599018376
1472 0.0008746061772762119
1696 0.0004887683798320584
1741 0.0005908656000986806
1751 0.0064939688023979494
1785 0.00030499358548289365
1830 0.000499919615209078
1949 0.0004691137279473833
2161 0.000873114324417637
2162 0.000873114324417637
2163 0.0005411640668664958
2164 0.0006345864806991627
2165 0.0014768949178551047
2166 0.0012691729613983254
2167 0.0023644469764792122
2168 0.0007881489921597373