9 0.00010224975952101728
17 0.00018869457585405535
26 0.00012343399523364164
34 0.00008687753051003999
38 0.000011603292496195242
39 0.000013901335368914586
40 0.000006004172593355159
41 0.000007426561074872202
42 0.000051443803059355216
43 0.00002472922547553448
55 0.00019400951426952473
63 0.000007571063735414479
65 0.00001773141897136357
85 0.00024357296170002702
160 0.0003604749885585761
177 0.00015160120460271228
259 0.00025891534254753946
277 0.00029895135340986733
375 0.0005178306850950789
449 0.00043049138832493966
716 0.0006272415952761084
741 0.00035233775638020634
851 0.00008185705212231243
1029 0.00023724943034546792
7347 0.0007881489921597373
7991 0.000873114324417637