12 0.0002564879550388143
13 0.000012991549433809848
14 0.00025254616640991854
15 0.0005129759100776286
17 0.00018869457585405535
23 0.00022801868959232616
26 0.00012343399523364164
34 0.000043438765255019996
38 0.00002030576186834168
39 0.000004633778456304862
40 0.000006004172593355159
41 0.000007426561074872202
43 0.000004121537579255747
49 0.000041620673939093223
56 0.00006477729821638932
63 0.00001135659560312172
65 0.00001773141897136357
115 0.0002059878583080766
139 0.00028224872431895635
156 0.0004338499289216686
217 0.00043049138832493966
222 0.0007682967913789674
274 0.0005787430065705628
277 0.00029895135340986733
289 0.0003712334023506965
304 0.00026056072380914035
311 0.0004887683798320584
347 0.0007439324212214578
354 0.0006758309323565803
357 0.0003438806748054391
412 0.00028729384230050906
413 0.00024142866684252312
441 0.0003438806748054391
452 0.0002764565099464942
454 0.0006758309323565803
456 0.0006534821266696528
470 0.00037969048392546374
497 0.00017684408550895013
538 0.0002852508106156339
555 0.0002457554359134993
558 0.0003775208863403447
564 0.0004942172352587358
703 0.0002862680700927968
715 0.0004092519030008361
787 0.0004737399020075509
805 0.0004691137279473833
851 0.00032742820848924973
980 0.00036332233087023905
1068 0.0004887683798320584
1073 0.00046465581618336337
1085 0.000393582208037624
1088 0.000499919615209078
1120 0.0014736257583378206
1397 0.00028028741746109395
1411 0.0005121877518304292
1413 0.0029046799806582498
1537 0.0029537898357102094
1773 0.000999839230418156
2042 0.0005332529953860384
2152 0.0009884344705174716
2427 0.0015997589861581152
2446 0.0006758309323565803
2534 0.0006534821266696528
2636 0.0008890314040531017
3423 0.0007881489921597373
3691 0.0006758309323565803
4454 0.0007384474589275524
5097 0.004219101959411027
6982 0.0007881489921597373
7737 0.0007881489921597373
7992 0.005238685946505822
7993 0.000873114324417637
7994 0.000873114324417637
7995 0.000873114324417637
7996 0.000873114324417637
7997 0.000873114324417637
7998 0.000873114324417637