17 0.0003773891517081107
19 0.00013212323419503196
23 0.00022801868959232616
33 0.00011331060825040136
38 0.000008702469372146433
42 0.000051443803059355216
63 0.0000037855318677072396
113 0.00011133348371866765
185 0.0002656336848489608
259 0.00025891534254753946
444 0.000549621148441263
716 0.0003136207976380542
851 0.0006548564169784995
1601 0.0007384474589275524
4118 0.0028127346396073505
4131 0.0005685167944117531
5005 0.0019604463800089586
7999 0.000873114324417637
8000 0.000873114324417637
8001 0.000873114324417637
8002 0.000873114324417637
8003 0.000873114324417637
8004 0.000873114324417637
8005 0.000873114324417637
8006 0.000873114324417637