2 0.00017273030805218352
9 0.00017041626586836213
13 0.000019487324150714776
17 0.0011321674551243322
19 0.0014533555761453518
33 0.00011331060825040136
34 0.000043438765255019996
36 0.0002074096567549884
38 0.000005801646248097621
39 0.000018535113825219447
40 0.00000900625889003274
41 0.000011139841612308305
42 0.00010288760611871043
43 0.000008243075158511493
44 0.00013635553537529827
46 0.0004127192939405039
47 0.00045141279616464847
49 0.000041620673939093223
51 0.00004686777384075253
55 0.00009700475713476236
56 0.00006477729821638932
57 0.0001250684069607151
63 0.00000567829780156086
65 0.00003546283794272714
66 0.00018628059697440975
67 0.00008407569284796038
69 0.00023724943034546792
70 0.00035233775638020634
71 0.00025123617956186376
76 0.001469426918951102
107 0.0002049311356991152
113 0.0002226669674373353
156 0.0004338499289216686
159 0.0003553673428358886
160 0.00018023749427928805
162 0.0004149542829511784
177 0.00015160120460271228
183 0.0014569032223368179
185 0.0002656336848489608
230 0.0005916490456697102
243 0.000529546954728898
259 0.00025891534254753946
440 0.0014506543864615605
494 0.001757898766828749
496 0.0002464916487181342
545 0.0003985861298959538
691 0.0027342831374257653
851 0.00008185705212231243
911 0.0004120699366150429
922 0.00043730308863810597
1001 0.0006147943470845361
1007 0.000393582208037624
1247 0.00046465581618336337
1521 0.0007881489921597373
1528 0.003061121620466742
1785 0.00030499358548289365
3315 0.004521793888347557
3470 0.000499919615209078
4357 0.0023644469764792122
4470 0.0007384474589275524
8014 0.000873114324417637