0 0.00019243773886705868
2 0.00017273030805218352
13 0.000006495774716904924
17 0.0013208620309783875
18 0.0011862471517273398
19 0.0002642464683900639
20 0.0002464916487181342
23 0.00022801868959232616
26 0.00012343399523364164
33 0.00011331060825040136
36 0.00012444579405299303
38 0.000005801646248097621
39 0.000009267556912609724
40 0.00000900625889003274
41 0.000007426561074872202
42 0.000051443803059355216
43 0.000004121537579255747
44 0.00013635553537529827
46 0.0004127192939405039
47 0.00045141279616464847
49 0.000041620673939093223
51 0.00009373554768150506
56 0.0002591091928655573
57 0.0001250684069607151
63 0.0000094638296692681
65 0.00007092567588545428
66 0.00009314029848720488
67 0.00004203784642398019
69 0.00023724943034546792
70 0.00035233775638020634
71 0.00012561808978093188
76 0.0001335842653591911
84 0.0002130879622223576
89 0.0003802291978146959
113 0.0002226669674373353
114 0.00021141259586679695
124 0.00009942778247685315
139 0.00028224872431895635
158 0.0005684838474787511
180 0.00005682431219851005
185 0.0005312673696979216
210 0.0003201773905469762
230 0.0002958245228348551
236 0.004097502014643433
238 0.000549621148441263
239 0.0006758309323565803
254 0.0004272224195725296
255 0.00017273030805218352
259 0.0005178306850950789
268 0.00048355146215385347
279 0.00022929556638299245
307 0.00022550415909059743
368 0.00018686500362842702
379 0.0010316420244163174
449 0.00043049138832493966
469 0.0005332529953860384
573 0.0001652752038556845
610 0.0007384474589275524
741 0.00035233775638020634
850 0.0007921172739613768
851 0.000040928526061156217
911 0.0004120699366150429
922 0.00043730308863810597
1247 0.00046465581618336337
1263 0.0005188152611795682
1358 0.0014826517057762074
1636 0.0004603543550640608
2370 0.0007031836599018376
3001 0.001772596800296042
3002 0.0007384474589275524
4105 0.0007384474589275524
4137 0.00048355146215385347
4283 0.0007881489921597373
4415 0.0005908656000986806
4592 0.0006534821266696528
5032 0.0006758309323565803
5505 0.0015762979843194746
8015 0.000873114324417637
8016 0.000873114324417637
8017 0.000873114324417637
8018 0.000873114324417637
8019 0.001746228648835274
8020 0.000873114324417637
8021 0.000873114324417637
8022 0.000873114324417637
8023 0.000873114324417637
8024 0.000873114324417637
8025 0.000873114324417637
8026 0.000873114324417637
8027 0.000873114324417637
8028 0.000873114324417637
8029 0.000873114324417637
8030 0.000873114324417637
8031 0.000873114324417637
8032 0.000873114324417637