13 0.000025983098867619697
26 0.00012343399523364164
34 0.00013031629576506
36 0.00016592772540399069
38 0.000008702469372146433
39 0.000009267556912609724
40 0.00000900625889003274
41 0.000011139841612308305
43 0.00001236461273776724
45 0.0003894636368882597
46 0.00013757309798016797
47 0.00022570639808232424
48 0.00013154366307515625
49 0.00008324134787818645
51 0.00004686777384075253
52 0.00028994739050714656
56 0.00006477729821638932
58 0.0008237551125322549
59 0.00040158610568973463
60 0.0002572917550567303
63 0.0000018927659338536198
64 0.00018731984297588175
65 0.00005319425691409072
89 0.00009505729945367397
113 0.00011133348371866765
115 0.0006179635749242299
124 0.00009942778247685315
165 0.0011275207954529872
212 0.00040116683707882124
263 0.000467744766116719
267 0.0002783569986123394
275 0.0004120699366150429
343 0.0007384474589275524
363 0.00036332233087023905
368 0.00018686500362842702
412 0.00028729384230050906
413 0.00024142866684252312
431 0.0007593809678509275
435 0.0009207087101281216
538 0.0002852508106156339
543 0.002772410458864819
579 0.0004942172352587358
585 0.0003911548205288988
658 0.0003841483956894837
822 0.0023634624003947224
868 0.0002709256892452844
1119 0.0006037805934374678
1240 0.0005908656000986806
1330 0.0003960586369806884
1656 0.0006758309323565803
2169 0.0007031836599018376
2170 0.0007881489921597373
2171 0.000873114324417637
2172 0.0047308165264960626
2173 0.000873114324417637
2174 0.001746228648835274
2175 0.0007031836599018376
2176 0.0007881489921597373
2177 0.0007031836599018376
2178 0.0006534821266696528
2179 0.002613928506678611
2180 0.0011817312001973612
2181 0.0014063673198036752
2182 0.000873114324417637