9 0.00017041626586836213
13 0.00010393239547047879
16 0.00015091663305076506
22 0.0002683471778299544
26 0.0002468679904672833
34 0.000043438765255019996
38 0.000008702469372146433
39 0.000013901335368914586
40 0.000015010431483387899
41 0.000007426561074872202
42 0.000051443803059355216
43 0.00002472922547553448
46 0.0000917153986534453
47 0.00013542383884939454
49 0.000041620673939093223
51 0.00004686777384075253
56 0.00019433189464916796
63 0.00001324936153697534
65 0.00003546283794272714
66 0.00018628059697440975
67 0.00008407569284796038
71 0.00012561808978093188
81 0.0012768496430508498
103 0.00045217938883475555
104 0.00032827690028667443
113 0.0002226669674373353
114 0.00021141259586679695
115 0.0002059878583080766
139 0.00028224872431895635
146 0.000264773477364449
158 0.00028424192373937554
185 0.0005312673696979216
187 0.0026662649769301923
198 0.0004691137279473833
230 0.0002958245228348551
234 0.0005332529953860384
253 0.0002472323099654942
255 0.0006909212322087341
259 0.00025891534254753946
288 0.00022801868959232616
307 0.00022550415909059743
310 0.00016226697770759457
346 0.005317790400888127
368 0.00018686500362842702
401 0.00018110073068838497
416 0.0006221866094455775
430 0.00022365154352182467
452 0.0002764565099464942
520 0.0006475843506849814
546 0.0037086294295353866
555 0.0009830217436539973
573 0.0001652752038556845
590 0.0003672140565768559
633 0.00040649720137641123
686 0.007782228917693524
850 0.0011881759109420651
851 0.00016371410424462487
868 0.0002709256892452844
898 0.0003014743275909555
911 0.0004120699366150429
922 0.00043730308863810597
927 0.000549621148441263
1062 0.00025810086072372616
1100 0.00040116683707882124
1321 0.0006542092087142864
1395 0.0005218500308689194
1403 0.0010365781682011202
1436 0.00048355146215385347
1526 0.000505900267840781
1591 0.0004691137279473833
1636 0.0004603543550640608
1742 0.000499919615209078
1834 0.008108555945232897
2007 0.0004408563537610837
2148 0.0008965753262562775
2770 0.0010376305223591363
4192 0.0010516433720379667
4603 0.0006345864806991627
4904 0.000618218327643938
5954 0.0007881489921597373
8033 0.000873114324417637
8034 0.000873114324417637
8035 0.000873114324417637
8036 0.000873114324417637
8037 0.000873114324417637