9 0.00020449951904203455
13 0.00003247887358452463
21 0.0001430533573344265
22 0.0002683471778299544
26 0.00012343399523364164
34 0.000043438765255019996
38 0.000011603292496195242
39 0.000009267556912609724
40 0.00000900625889003274
41 0.000007426561074872202
42 0.000051443803059355216
43 0.000016486150317022987
46 0.0000917153986534453
47 0.00009028255923292969
63 0.00001135659560312172
65 0.00001773141897136357
66 0.00009314029848720488
67 0.00004203784642398019
88 0.00024872719512041187
97 0.00023454039050719067
115 0.0004119757166161532
150 0.00035621126149020904
162 0.0004149542829511784
180 0.00005682431219851005
230 0.0005916490456697102
255 0.00034546061610436703
278 0.002265125318042068
307 0.00022550415909059743
310 0.00048680093312278375
346 0.0011817312001973612
368 0.00018686500362842702
486 0.00043730308863810597
520 0.0008094804383562269
546 0.0008241398732300858
555 0.0004915108718269986
671 0.0002597352724507996
851 0.0002455711563669373
928 0.00040116683707882124
1100 0.00040116683707882124
1162 0.00030263622314802144
1214 0.000424038368775366
1321 0.0006542092087142864
1395 0.0003479000205792796
1403 0.0006910521121340801
1834 0.005791825675166355
2378 0.0003003233420124021
3261 0.005169132212492868
4289 0.0005188152611795682
4606 0.0006037805934374678
4904 0.0030910916382196904
4921 0.00048355146215385347
6395 0.0007384474589275524