0 0.00038487547773411737
1 0.0001309668193588762
9 0.00023858277221570697
12 0.0002564879550388143
16 0.00007545831652538253
21 0.0001430533573344265
22 0.0001341735889149772
34 0.00013031629576506
36 0.00004148193135099767
38 0.000005801646248097621
39 0.000004633778456304862
40 0.00000900625889003274
41 0.000014853122149744404
42 0.00010288760611871043
43 0.000020607687896278735
45 0.00025964242459217314
49 0.00012486202181727967
51 0.00009373554768150506
56 0.00019433189464916796
61 0.00035285287846540845
63 0.000007571063735414479
65 0.00001773141897136357
67 0.00004203784642398019
76 0.0004007527960775733
89 0.00009505729945367397
97 0.00023454039050719067
99 0.0009813138130714298
113 0.00011133348371866765
125 0.0002682511308492756
135 0.00029805329448025724
136 0.0008776666622473353
159 0.0003553673428358886
160 0.0003604749885585761
180 0.00005682431219851005
183 0.000416258063524805
186 0.00025254616640991854
197 0.0002904236905482616
214 0.00054731981622391
243 0.000264773477364449
245 0.000181970089392662
246 0.00040649720137641123
251 0.00022002825322499402
264 0.00021085919057695548
270 0.001438201479074605
271 0.00029918306343158405
274 0.0023149720262822513
277 0.00019930090227324488
286 0.0001987752449196317
288 0.00045603737918465233
297 0.00034888459666376895
300 0.0008241398732300858
309 0.0009009700260372063
320 0.0014736257583378206
335 0.000505900267840781
347 0.0002479774737404859
348 0.0004272224195725296
352 0.0008874735685045654
356 0.0008129944027528225
360 0.00019339166635443979
368 0.00037373000725685404
428 0.0004603543550640608
452 0.0005529130198929884
457 0.0002936355528176933
497 0.00035368817101790026
508 0.0002682511308492756
540 0.0003471938241542892
575 0.000505900267840781
580 0.0008817127075221674
585 0.0003911548205288988
589 0.0004737399020075509
654 0.004408563537610838
669 0.00012589385831905585
678 0.0004603543550640608
698 0.00044451570202655086
759 0.0017885352042216944
805 0.0009382274558947666
839 0.000549621148441263
851 0.00008185705212231243
871 0.0003960586369806884
915 0.00032290148184198857
928 0.00040116683707882124
1030 0.0004338499289216686
1066 0.000424038368775366
1067 0.0004408563537610837
1110 0.0005332529953860384
1112 0.0003672140565768559
1117 0.0005332529953860384
1196 0.0003841483956894837
1283 0.002712584292139731
1314 0.0006758309323565803
1328 0.0038951166577617133
1395 0.0003479000205792796
1417 0.0003911548205288988
1529 0.0003818991754555788
1653 0.0025256096134972884
1655 0.0005791825675166354
1878 0.001152445187068451
2027 0.0009293116323667267
2054 0.000618218327643938
2085 0.0003672140565768559
2148 0.00044828766312813873
2199 0.0004785475402955236
2260 0.00045619873460859607
2447 0.0003985861298959538
2637 0.00043049138832493966
2697 0.001604667348315285
2700 0.00040380304757415875
2701 0.0004603543550640608
2702 0.00046465581618336337
2703 0.00045217938883475555
3007 0.00043049138832493966
3018 0.0004408563537610837
3507 0.0004338499289216686
3647 0.0022153423767826575
4192 0.0005258216860189834
4204 0.00045619873460859607
4370 0.0004603543550640608
4371 0.0004785475402955236
4372 0.0004691137279473833
4373 0.00046465581618336337
4374 0.0004737399020075509
4375 0.0004603543550640608
4439 0.0006345864806991627
4456 0.0013565381665042668
4457 0.0005791825675166354
4944 0.003807518884194976
5813 0.0006534821266696528
6121 0.0006345864806991627
6135 0.0007881489921597373
7382 0.0007881489921597373
8041 0.000873114324417637
8042 0.0007881489921597373