9 0.00023858277221570697
13 0.000006495774716904924
16 0.00007545831652538253
17 0.0003773891517081107
18 0.00047449886069093585
19 0.00039636970258509594
20 0.0002464916487181342
23 0.0009120747583693047
26 0.0002468679904672833
33 0.00011331060825040136
34 0.00013031629576506
36 0.00004148193135099767
38 0.000005801646248097621
39 0.000018535113825219447
40 0.000015010431483387899
41 0.000011139841612308305
42 0.00010288760611871043
43 0.000008243075158511493
44 0.00013635553537529827
46 0.00027514619596033594
47 0.00031598895731525394
51 0.00009373554768150506
55 0.00009700475713476236
56 0.00012955459643277864
57 0.0001250684069607151
63 0.0000094638296692681
65 0.00003546283794272714
67 0.00004203784642398019
71 0.00012561808978093188
76 0.0005343370614367644
81 0.0009120354593220354
89 0.00009505729945367397
97 0.00023454039050719067
104 0.0006565538005733489
113 0.0002226669674373353
114 0.00021141259586679695
156 0.0004338499289216686
158 0.0005684838474787511
177 0.00030320240920542457
183 0.00083251612704961
185 0.0005312673696979216
187 0.0015997589861581152
230 0.0002958245228348551
254 0.0004272224195725296
259 0.00025891534254753946
264 0.00021085919057695548
368 0.00018686500362842702
548 0.0011583651350332708
573 0.0001652752038556845
686 0.002594076305897841
779 0.00030263622314802144
851 0.00008185705212231243
868 0.0002709256892452844
911 0.0004120699366150429
922 0.00043730308863810597
1007 0.000393582208037624
1062 0.00025810086072372616
1283 0.00033907303651746636
1477 0.0006345864806991627
1499 0.000393582208037624
1636 0.0004603543550640608
1886 0.0004785475402955236
2378 0.0003003233420124021
3601 0.0014688562263074237
4921 0.0009671029243077069
5425 0.0006758309323565803
8043 0.000873114324417637