1 0.0002619336387177524
9 0.00023858277221570697
13 0.000012991549433809848
22 0.00040252076674493167
36 0.00012444579405299303
38 0.000005801646248097621
39 0.000018535113825219447
40 0.000012008345186710319
41 0.000014853122149744404
42 0.00010288760611871043
43 0.000016486150317022987
44 0.00013635553537529827
46 0.0004127192939405039
47 0.00036113023693171874
48 0.00013154366307515625
49 0.00012486202181727967
51 0.00004686777384075253
55 0.00009700475713476236
56 0.00006477729821638932
57 0.0001250684069607151
63 0.0000037855318677072396
65 0.00003546283794272714
67 0.00004203784642398019
73 0.00019291377466338104
107 0.0002049311356991152
113 0.00011133348371866765
123 0.000188234616351904
171 0.0001368611790876869
176 0.00033751149866781817
177 0.00015160120460271228
186 0.00025254616640991854
192 0.0003242865707429365
196 0.0001675808341520189
221 0.002793526171327253
222 0.0015365935827579347
265 0.0004120699366150429
287 0.00025810086072372616
294 0.0003985861298959538
304 0.00026056072380914035
347 0.0002479774737404859
353 0.0003753890228061612
368 0.00018686500362842702
389 0.0008890314040531017
393 0.00033907303651746636
401 0.0007244029227535399
452 0.0002764565099464942
457 0.0005872711056353866
493 0.00023454039050719067
550 0.00025332444879269114
572 0.00033907303651746636
573 0.0001652752038556845
662 0.0004408563537610837
669 0.00012589385831905585
672 0.0004942172352587358
703 0.0002862680700927968
715 0.0004092519030008361
726 0.0005587052342654505
806 0.0007031836599018376
851 0.00008185705212231243
928 0.00040116683707882124
1112 0.0007344281131537118
1395 0.0001739500102896398
1421 0.0006758309323565803
1499 0.000787164416075248
1529 0.0003818991754555788
1544 0.0006037805934374678
1843 0.000393582208037624
1960 0.000618218327643938
2011 0.007434140255922384
2491 0.0005332529953860384
2492 0.000618218327643938
2922 0.0006534821266696528
4257 0.0003887745697496512
4285 0.0022153423767826575
4286 0.0015762979843194746
4865 0.0047288939529584245
5097 0.004922285619312864
7659 0.0023644469764792122
8044 0.002619342973252911
8045 0.001746228648835274
8046 0.000873114324417637
8047 0.004365571622088185