9 0.00034083253173672426
13 0.000019487324150714776
15 0.0002564879550388143
21 0.000858320144006559
22 0.0001341735889149772
26 0.0002468679904672833
30 0.00022182651134558653
34 0.000043438765255019996
36 0.00012444579405299303
38 0.000005801646248097621
39 0.000018535113825219447
40 0.000012008345186710319
41 0.000014853122149744404
42 0.000051443803059355216
43 0.00002885076305479023
44 0.00013635553537529827
46 0.00022928849663361327
47 0.00022570639808232424
51 0.00004686777384075253
56 0.00006477729821638932
63 0.0000037855318677072396
65 0.00001773141897136357
67 0.00008407569284796038
69 0.00023724943034546792
70 0.00035233775638020634
71 0.00012561808978093188
76 0.0001335842653591911
107 0.0002049311356991152
122 0.00036834169965234924
123 0.000188234616351904
159 0.0003553673428358886
177 0.00015160120460271228
180 0.00005682431219851005
183 0.0006243870952872076
186 0.00025254616640991854
193 0.0002936355528176933
196 0.0020109700098242273
197 0.0005808473810965232
206 0.00044451570202655086
226 0.0004098622713982304
245 0.000363940178785324
246 0.0008129944027528225
255 0.00017273030805218352
277 0.00009965045113662244
288 0.00022801868959232616
359 0.0005258216860189834
366 0.00034225708731462997
375 0.00025891534254753946
389 0.0008890314040531017
406 0.000505900267840781
461 0.0007971722597919076
530 0.011746148225234824
579 0.0049421723525873585
584 0.0015762979843194746
638 0.00040116683707882124
669 0.00012589385831905585
722 0.0005587052342654505
769 0.00045619873460859607
782 0.00036142184220439385
851 0.00008185705212231243
868 0.0002709256892452844
1029 0.00023724943034546792
1030 0.0013015497867650057
1037 0.0005418513784905688
1060 0.0002852508106156339
1065 0.0007881489921597373
1078 0.0004408563537610837
1115 0.00043730308863810597
1143 0.0005791825675166354
1173 0.00041790813825628515
1315 0.0008965753262562775
1395 0.0003479000205792796
1403 0.0010365781682011202
1629 0.00043049138832493966
1690 0.0005188152611795682
1753 0.0013119092659143181
1822 0.0018113417803124036
2191 0.0005908656000986806
2194 0.00782187327971631
2447 0.003985861298959539
2722 0.0008358162765125703
2746 0.0005188152611795682
3138 0.0007881489921597373
3143 0.0006534821266696528
3321 0.0006345864806991627
4167 0.0007031836599018376
4247 0.0006534821266696528
4921 0.0009671029243077069
5098 0.0007384474589275524
5476 0.004054985594139482
5813 0.0006534821266696528
6394 0.0014768949178551047
8048 0.007858028919758734
8049 0.000873114324417637
8050 0.000873114324417637
8051 0.001746228648835274
8052 0.001746228648835274
8053 0.000873114324417637
8054 0.002619342973252911