2 0.00017273030805218352
9 0.00027266602538937937
11 0.0004092519030008361
13 0.000006495774716904924
14 0.00025254616640991854
15 0.0002564879550388143
22 0.0001341735889149772
34 0.000043438765255019996
36 0.00004148193135099767
38 0.000011603292496195242
39 0.000013901335368914586
40 0.000015010431483387899
41 0.000007426561074872202
43 0.00001236461273776724
49 0.000041620673939093223
51 0.0001874710953630101
52 0.00014497369525357328
56 0.00006477729821638932
63 0.000007571063735414479
65 0.00005319425691409072
66 0.00027942089546161464
67 0.00008407569284796038
81 0.00036481418372881415
88 0.00024872719512041187
89 0.00009505729945367397
100 0.00015297081732618925
113 0.0002226669674373353
115 0.0002059878583080766
123 0.000188234616351904
128 0.0013685962038257882
134 0.0003672140565768559
146 0.000264773477364449
158 0.0008527257712181266
159 0.0001776836714179443
160 0.00018023749427928805
167 0.00045217938883475555
171 0.0002737223581753738
185 0.0007969010545468823
217 0.0034439311065995173
287 0.00025810086072372616
288 0.00045603737918465233
295 0.0007384474589275524
297 0.00034888459666376895
299 0.0009474798040151018
310 0.00048680093312278375
360 0.00019339166635443979
366 0.00034225708731462997
367 0.0002673724241223067
399 0.0005938676863953582
404 0.0006345864806991627
467 0.00034552605606704003
514 0.00043049138832493966
527 0.0005908656000986806
542 0.000499919615209078
548 0.0005791825675166354
550 0.0005066488975853823
573 0.0001652752038556845
576 0.0003086168757797243
594 0.0003438806748054391
839 0.000549621148441263
851 0.0002455711563669373
1062 0.00025810086072372616
1691 0.0006758309323565803
1843 0.001574328832150496
1855 0.0006037805934374678
2218 0.00045619873460859607
2378 0.0003003233420124021
2836 0.0009474798040151018
4567 0.0006345864806991627
4603 0.0006345864806991627
4922 0.001117410468530901
4923 0.0013516618647131605
5032 0.0006758309323565803
8055 0.004365571622088185
8056 0.010477371893011645
8057 0.000873114324417637
8058 0.000873114324417637
8059 0.000873114324417637
8060 0.004365571622088185