9 0.00006816650634734484
13 0.00003897464830142955
18 0.003795990885527487
26 0.0002468679904672833
34 0.00013031629576506
36 0.00008296386270199534
38 0.000005801646248097621
39 0.000013901335368914586
40 0.00001801251778006548
41 0.000011139841612308305
43 0.0000700661388473477
47 0.00004514127961646484
49 0.00008324134787818645
51 0.0001406033215222576
55 0.00048502378567381193
56 0.00019433189464916796
57 0.0002501368139214302
63 0.0000037855318677072396
65 0.00005319425691409072
66 0.00009314029848720488
74 0.00030499358548289365
76 0.0002671685307183822
87 0.0005674688033633956
89 0.00009505729945367397
97 0.00023454039050719067
100 0.00015297081732618925
104 0.0006565538005733489
115 0.0002059878583080766
117 0.0004338499289216686
124 0.00009942778247685315
139 0.00028224872431895635
149 0.0003732936031739842
165 0.00022550415909059743
171 0.0005474447163507476
180 0.00005682431219851005
186 0.00025254616640991854
192 0.000648573141485873
212 0.00040116683707882124
245 0.000181970089392662
261 0.000467744766116719
277 0.00009965045113662244
286 0.0009938762245981585
287 0.00025810086072372616
293 0.0003285382939579267
299 0.0004737399020075509
307 0.00022550415909059743
324 0.0003753890228061612
348 0.0004272224195725296
360 0.00019339166635443979
363 0.00036332233087023905
391 0.0013870153556247917
401 0.0014488058455070798
416 0.00031109330472278875
431 0.0007593809678509275
439 0.0006629139619520678
445 0.0036997787610083513
452 0.0005529130198929884
486 0.0043730308863810605
493 0.00023454039050719067
494 0.00039064417040638865
497 0.0007073763420358005
595 0.0008890314040531017
608 0.0003438806748054391
642 0.0003887745697496512
669 0.0002517877166381117
845 0.00043730308863810597
851 0.00008185705212231243
858 0.001474532615480996
873 0.00037969048392546374
875 0.0003841483956894837
883 0.0007384474589275524
915 0.0006458029636839771
1075 0.0006037805934374678
1395 0.0006958000411585592
1404 0.0007881489921597373
1499 0.000393582208037624
1580 0.0011370335888235062
1595 0.0007881489921597373
2025 0.0031525959686389492
2199 0.0009570950805910472
2372 0.004219101959411027
3592 0.003940744960798687
3601 0.0003672140565768559
3713 0.0005587052342654505
3777 0.0004785475402955236
4216 0.001999678460836312
4743 0.0009671029243077069
4940 0.0006534821266696528
5539 0.0007881489921597373
5919 0.0007384474589275524
6756 0.0007881489921597373
7764 0.0021095509797055133
8061 0.004365571622088185
8062 0.000873114324417637