0 0.00038487547773411737
1 0.0001309668193588762
2 0.00017273030805218352
5 0.0002365665368606119
6 0.0002400196965770493
7 0.000233207996263883
8 0.00028224872431895635
13 0.00005196619773523939
17 0.00018869457585405535
19 0.00013212323419503196
28 0.00025332444879269114
29 0.0005329999431774733
33 0.00022662121650080273
35 0.0003887745697496512
36 0.00008296386270199534
37 0.0010487990970483223
38 0.000008702469372146433
39 0.000009267556912609724
40 0.000015010431483387899
41 0.000014853122149744404
42 0.00020577521223742086
43 0.000016486150317022987
46 0.00013757309798016797
47 0.00022570639808232424
49 0.000041620673939093223
52 0.00014497369525357328
58 0.0010983401500430064
59 0.00040158610568973463
61 0.00035285287846540845
63 0.00000567829780156086
64 0.00018731984297588175
66 0.00009314029848720488
67 0.00004203784642398019
85 0.00024357296170002702
97 0.00046908078101438134
100 0.00015297081732618925
113 0.00011133348371866765
114 0.00021141259586679695
124 0.0001988555649537063
125 0.0002682511308492756
146 0.000264773477364449
150 0.00017810563074510452
159 0.000533051014253833
165 0.00022550415909059743
171 0.00041058353726306076
180 0.00017047293659553015
212 0.00040116683707882124
226 0.0002049311356991152
287 0.001290504303618631
294 0.0003985861298959538
309 0.0003003233420124021
310 0.00048680093312278375
347 0.0004959549474809718
368 0.00018686500362842702
374 0.000505900267840781
413 0.0028971440021102776
431 0.00037969048392546374
441 0.0003438806748054391
453 0.0007384474589275524
457 0.0017618133169061598
468 0.0006272415952761084
491 0.00031109330472278875
515 0.0005258216860189834
537 0.0011881759109420651
544 0.0004785475402955236
550 0.00025332444879269114
556 0.000505900267840781
573 0.0001652752038556845
579 0.0004942172352587358
589 0.0004737399020075509
613 0.0002597352724507996
622 0.0007823096410577976
670 0.0003329428059983855
689 0.00043049138832493966
780 0.002642646204382413
805 0.0009382274558947666
816 0.0007384474589275524
850 0.0007921172739613768
928 0.00040116683707882124
951 0.000549621148441263
1085 0.000393582208037624
1141 0.0016716325530251406
1151 0.0007881489921597373
1157 0.0005908656000986806
1178 0.0004338499289216686
1302 0.0005411640668664958
1363 0.004442105364894139
1370 0.0022153423767826575
1373 0.0006345864806991627
1400 0.0009474798040151018
1544 0.0006037805934374678
1580 0.0011370335888235062
1631 0.002027492797069741
1692 0.0007881489921597373
1837 0.000499919615209078
1898 0.0006345864806991627
1981 0.0004942172352587358
2061 0.0005908656000986806
2064 0.002842583972058766
2085 0.0007344281131537118
2183 0.004365571622088185
2184 0.0006758309323565803
2185 0.005238685946505822
2186 0.003492457297670548
2187 0.0006758309323565803
2188 0.000873114324417637
2189 0.000873114324417637
2190 0.001746228648835274
2191 0.0005908656000986806
2192 0.000873114324417637
2193 0.000873114324417637
2194 0.0005587052342654505
2195 0.003920892760017917
2196 0.0011817312001973612
2197 0.0006534821266696528
2198 0.0007881489921597373
2199 0.0004785475402955236
2200 0.0006758309323565803
2201 0.0006758309323565803
2202 0.0009293116323667267
2203 0.0009207087101281216
2204 0.0036807518021328843
2205 0.000873114324417637
2206 0.0006534821266696528
2207 0.000873114324417637
2208 0.000873114324417637
2209 0.000873114324417637
2210 0.0007881489921597373
2211 0.000873114324417637
2212 0.0007031836599018376
2213 0.00044451570202655086
2214 0.0005332529953860384