9 0.00017041626586836213
11 0.002864763321005853
13 0.000019487324150714776
22 0.0001341735889149772
26 0.00012343399523364164
34 0.00008687753051003999
35 0.0003887745697496512
38 0.000008702469372146433
39 0.000009267556912609724
40 0.00000900625889003274
41 0.000011139841612308305
42 0.000051443803059355216
43 0.000016486150317022987
51 0.00004686777384075253
56 0.00006477729821638932
63 0.00000567829780156086
65 0.00005319425691409072
66 0.00009314029848720488
67 0.00004203784642398019
74 0.00030499358548289365
100 0.0007648540866309464
102 0.00025332444879269114
113 0.00011133348371866765
122 0.00036834169965234924
123 0.000188234616351904
128 0.0027371924076515764
130 0.00027274170858643915
136 0.0002925555540824451
144 0.0001691423720016671
165 0.00022550415909059743
171 0.0002737223581753738
180 0.00005682431219851005
192 0.000648573141485873
196 0.0001675808341520189
229 0.0005121877518304292
261 0.000467744766116719
263 0.000467744766116719
274 0.0008681145098558444
286 0.0001987752449196317
297 0.00034888459666376895
346 0.0005908656000986806
360 0.00038678333270887957
391 0.0013870153556247917
445 0.00023123617256302196
498 0.0003558910215031841
539 0.00045217938883475555
542 0.000499919615209078
544 0.0004785475402955236
573 0.0001652752038556845
662 0.0004408563537610837
690 0.0004942172352587358
851 0.00016371410424462487
893 0.0003775208863403447
1280 0.00032568748957397626
1321 0.0003271046043571432
1328 0.0038951166577617133
1413 0.0016598171318047137
1510 0.0006345864806991627
1532 0.0005908656000986806
1667 0.0011583651350332708
2055 0.004327528293507567
2103 0.000549621148441263
2148 0.00044828766312813873
2760 0.0005908656000986806
3502 0.00036332233087023905
4127 0.0012075611868749357
4314 0.0007384474589275524
4654 0.001236436655287876
4871 0.0015762979843194746
8063 0.005238685946505822
8064 0.000873114324417637
8065 0.000873114324417637
8066 0.000873114324417637
8067 0.000873114324417637
8068 0.000873114324417637
8069 0.011350486217429281
8070 0.001746228648835274
8071 0.000873114324417637
8072 0.000873114324417637