9 0.00010224975952101728
12 0.0010259518201552573
13 0.000012991549433809848
15 0.0002564879550388143
16 0.00007545831652538253
26 0.0002468679904672833
34 0.00013031629576506
36 0.00008296386270199534
38 0.000014504115620244055
39 0.000013901335368914586
40 0.00000900625889003274
41 0.000011139841612308305
43 0.000020607687896278735
45 0.00025964242459217314
46 0.00004585769932672265
47 0.00004514127961646484
49 0.000041620673939093223
51 0.0001406033215222576
56 0.0002591091928655573
63 0.000007571063735414479
65 0.00003546283794272714
66 0.00018628059697440975
67 0.00008407569284796038
71 0.00012561808978093188
76 0.0004007527960775733
81 0.00018240709186440708
87 0.000378312535575597
97 0.00023454039050719067
113 0.00011133348371866765
122 0.0005525125494785239
124 0.0001988555649537063
129 0.004561987346085961
144 0.0005074271160050014
146 0.000264773477364449
154 0.0003314569809760339
158 0.0005684838474787511
171 0.0001368611790876869
177 0.00015160120460271228
180 0.0001136486243970201
183 0.000416258063524805
185 0.0002656336848489608
243 0.000264773477364449
264 0.00021085919057695548
271 0.003291013697747425
278 0.004907771522424481
292 0.0002914849877710017
294 0.0003985861298959538
310 0.00048680093312278375
360 0.00019339166635443979
368 0.00018686500362842702
396 0.0005758906338193962
467 0.00034552605606704003
493 0.00046908078101438134
496 0.0002464916487181342
497 0.00017684408550895013
520 0.00016189608767124534
694 0.0004887683798320584
753 0.0002783569986123394
851 0.00032742820848924973
858 0.0004915108718269986
1016 0.0006758309323565803
1057 0.0004338499289216686
1290 0.0006221866094455775
1436 0.00048355146215385347
1528 0.0008746061772762119
1545 0.0004737399020075509
1550 0.000499919615209078
1824 0.0005258216860189834
2101 0.0006534821266696528
2770 0.0005188152611795682
2862 0.0007384474589275524
3946 0.0006758309323565803
4194 0.0005908656000986806
4439 0.0006345864806991627
4814 0.0007384474589275524
5165 0.0012075611868749357
6725 0.0007384474589275524
7292 0.0007881489921597373
8042 0.0007881489921597373
8073 0.000873114324417637
8074 0.000873114324417637
8075 0.000873114324417637
8076 0.000873114324417637
8077 0.000873114324417637