9 0.00010224975952101728
27 0.00033751149866781817
36 0.00004148193135099767
38 0.000008702469372146433
39 0.000009267556912609724
40 0.000006004172593355159
41 0.000007426561074872202
42 0.000051443803059355216
43 0.00001236461273776724
51 0.0001406033215222576
63 0.00000567829780156086
65 0.00007092567588545428
67 0.00008407569284796038
71 0.00012561808978093188
72 0.00035285287846540845
73 0.00019291377466338104
76 0.0001335842653591911
89 0.0003802291978146959
100 0.0003059416346523785
107 0.0002049311356991152
113 0.00011133348371866765
123 0.000188234616351904
180 0.00005682431219851005
185 0.0005312673696979216
192 0.0003242865707429365
247 0.0015633643428548424
264 0.00021085919057695548
304 0.0005211214476182807
355 0.0004887683798320584
359 0.0005258216860189834
368 0.00018686500362842702
401 0.00018110073068838497
431 0.0007593809678509275
497 0.00017684408550895013
515 0.0005258216860189834
520 0.00016189608767124534
545 0.0003985861298959538
573 0.0001652752038556845
579 0.0004942172352587358
753 0.0002783569986123394
769 0.00045619873460859607
803 0.0002597352724507996
809 0.0005791825675166354
851 0.00016371410424462487
871 0.0003960586369806884
1001 0.0009221915206268043
1078 0.0004408563537610837
1084 0.00036920725599727517
1120 0.0008841754550026923
1395 0.0001739500102896398
1469 0.0006758309323565803
1495 0.0004691137279473833
1613 0.0005332529953860384
1781 0.00028224872431895635
1843 0.000393582208037624
2194 0.0005587052342654505
2537 0.0006037805934374678
2636 0.00044451570202655086
2638 0.0005332529953860384
2733 0.0006758309323565803
3658 0.0007881489921597373
4284 0.0022153423767826575
4603 0.0006345864806991627
4639 0.0006345864806991627
5316 0.001117410468530901
5336 0.0007881489921597373
5690 0.0014063673198036752
6928 0.0007881489921597373
7988 0.0007881489921597373
8091 0.000873114324417637
8092 0.000873114324417637
8093 0.000873114324417637
8094 0.000873114324417637
8095 0.000873114324417637