0 0.00038487547773411737
1 0.0001309668193588762
2 0.00017273030805218352
9 0.00013633301269468968
13 0.00003897464830142955
15 0.0002564879550388143
16 0.00007545831652538253
22 0.0002683471778299544
26 0.000370301985700925
28 0.0007599733463780734
33 0.00011331060825040136
34 0.00008687753051003999
35 0.0023326474184979075
36 0.00016592772540399069
38 0.000011603292496195242
39 0.00002316889228152431
40 0.000015010431483387899
41 0.000018566402687180508
43 0.00002472922547553448
49 0.00024972404363455934
51 0.00046867773840752536
52 0.00014497369525357328
63 0.0000037855318677072396
65 0.00001773141897136357
67 0.00016815138569592077
89 0.0005703437967220439
114 0.0008456503834671878
125 0.0013412556542463782
144 0.0003382847440033342
159 0.0001776836714179443
160 0.00018023749427928805
177 0.00015160120460271228
180 0.0001136486243970201
192 0.0003242865707429365
193 0.0002936355528176933
245 0.000181970089392662
247 0.0005211214476182807
260 0.0003818991754555788
261 0.0002338723830583595
264 0.00021085919057695548
267 0.0008350709958370184
277 0.00019930090227324488
287 0.0005162017214474523
292 0.0002914849877710017
293 0.0003285382939579267
309 0.0006006466840248042
310 0.00016226697770759457
319 0.00045619873460859607
352 0.0002958245228348551
375 0.00025891534254753946
391 0.0011096122844998333
392 0.0002969338431976791
396 0.0011517812676387924
405 0.0009884344705174716
416 0.00248874643778231
445 0.0004624723451260439
464 0.000787164416075248
475 0.004866557191577547
484 0.00043049138832493966
498 0.0003558910215031841
506 0.002094281444021089
507 0.0005454834171728783
508 0.004023766962739135
512 0.0012700500933786841
520 0.00016189608767124534
555 0.0002457554359134993
572 0.0010172191095523992
573 0.000661100815422738
580 0.001322569061283251
608 0.0003438806748054391
642 0.0007775491394993024
671 0.0005194705449015992
709 0.0008182251257593176
717 0.000393582208037624
772 0.0005194705449015992
851 0.00008185705212231243
858 0.0002457554359134993
863 0.002215243535983651
879 0.0002958245228348551
1037 0.0002709256892452844
1066 0.000424038368775366
1112 0.0007344281131537118
1208 0.0007082030286839478
1328 0.004957421200787636
1479 0.00038643965984885517
1499 0.000787164416075248
1668 0.0005685167944117531
1800 0.0006758309323565803
2006 0.0007384474589275524
2014 0.0013755226992217563
2312 0.008122922048203076
2366 0.0012537244147688554
2381 0.000618218327643938
2447 0.0003985861298959538
2703 0.00045217938883475555
3719 0.0008544448391450592
4147 0.0005685167944117531
4369 0.000549621148441263
5007 0.0012691729613983254
5127 0.0007031836599018376
5193 0.0006758309323565803
5511 0.0007384474589275524
5512 0.0007881489921597373
5513 0.0007384474589275524
5727 0.0007384474589275524
7479 0.0007881489921597373
7596 0.0007881489921597373
8096 0.000873114324417637
8097 0.000873114324417637
8098 0.000873114324417637
8099 0.000873114324417637
8100 0.000873114324417637