13 0.000006495774716904924
16 0.00007545831652538253
17 0.0011321674551243322
18 0.0007117482910364039
19 0.00013212323419503196
20 0.0014789498923088056
21 0.000286106714668853
30 0.0013309590680735193
33 0.00033993182475120415
34 0.00008687753051003999
36 0.00004148193135099767
38 0.000014504115620244055
39 0.000009267556912609724
40 0.000006004172593355159
41 0.000007426561074872202
42 0.000051443803059355216
43 0.000004121537579255747
49 0.000041620673939093223
51 0.00004686777384075253
55 0.00009700475713476236
63 0.00001135659560312172
65 0.00003546283794272714
67 0.00004203784642398019
76 0.0006679213267959556
81 0.002006478010508478
89 0.00019011459890734794
97 0.00046908078101438134
100 0.0003059416346523785
104 0.0004924153504300117
107 0.0002049311356991152
113 0.00011133348371866765
134 0.0003672140565768559
180 0.0001136486243970201
183 0.00083251612704961
245 0.00090985044696331
249 0.0030915172787908413
251 0.0006600847596749821
255 0.00034546061610436703
258 0.0007921172739613768
259 0.0012945767127376974
352 0.0005916490456697102
360 0.00019339166635443979
377 0.0003188377153162591
392 0.0002969338431976791
401 0.00108660438413031
405 0.0009884344705174716
411 0.00044608035070850863
439 0.0006629139619520678
496 0.0002464916487181342
520 0.00016189608767124534
633 0.00040649720137641123
716 0.0003136207976380542
734 0.006800401604083319
741 0.0007046755127604127
851 0.00016371410424462487
1036 0.0003732936031739842
1037 0.0002709256892452844
1263 0.0010376305223591363
1375 0.0015762979843194746
1395 0.0003479000205792796
1450 0.00032568748957397626
1613 0.0026662649769301923
1781 0.001693492345913738
2280 0.0012075611868749357
4432 0.0006345864806991627
4921 0.00048355146215385347
5339 0.0007881489921597373
7745 0.0007881489921597373
7873 0.0007881489921597373
8101 0.000873114324417637
8102 0.001746228648835274
8103 0.000873114324417637
8104 0.000873114324417637
8105 0.000873114324417637
8106 0.000873114324417637
8107 0.000873114324417637
8108 0.000873114324417637
8109 0.000873114324417637