13 0.000019487324150714776
16 0.00007545831652538253
30 0.0008873060453823461
33 0.00011331060825040136
36 0.00012444579405299303
38 0.000005801646248097621
39 0.000009267556912609724
40 0.000006004172593355159
41 0.000007426561074872202
43 0.000020607687896278735
44 0.00013635553537529827
46 0.00013757309798016797
47 0.00013542383884939454
51 0.00004686777384075253
63 0.0000037855318677072396
65 0.00005319425691409072
67 0.00004203784642398019
76 0.0002671685307183822
104 0.00032827690028667443
124 0.00009942778247685315
160 0.0003604749885585761
177 0.00030320240920542457
180 0.00005682431219851005
183 0.000416258063524805
226 0.0002049311356991152
379 0.0006877613496108782
399 0.0005938676863953582
401 0.00036220146137676994
496 0.0002464916487181342
573 0.0001652752038556845
670 0.0003329428059983855
750 0.0006688937249145976
851 0.00008185705212231243
1388 0.0007507780456123224
1446 0.0007191007395373025
2085 0.0007344281131537118
2202 0.00046465581618336337
2203 0.0004603543550640608
4753 0.0007031836599018376
8110 0.000873114324417637
8111 0.000873114324417637
8112 0.000873114324417637