9 0.00027266602538937937
11 0.0004092519030008361
13 0.000012991549433809848
15 0.0010259518201552573
19 0.0010569858735602557
22 0.0001341735889149772
33 0.0006798636495024083
34 0.000043438765255019996
36 0.00033185545080798137
38 0.000005801646248097621
39 0.00002316889228152431
40 0.000012008345186710319
41 0.000011139841612308305
42 0.00010288760611871043
43 0.00002472922547553448
44 0.00013635553537529827
46 0.0003210038952870586
47 0.00031598895731525394
49 0.000041620673939093223
51 0.00009373554768150506
55 0.00019400951426952473
56 0.00006477729821638932
57 0.0001250684069607151
59 0.00040158610568973463
63 0.0000037855318677072396
65 0.00001773141897136357
66 0.00009314029848720488
67 0.00016815138569592077
69 0.00023724943034546792
71 0.00037685426934279566
84 0.0002130879622223576
98 0.001011800535681562
102 0.0007599733463780734
104 0.00032827690028667443
113 0.00011133348371866765
122 0.00018417084982617462
124 0.00009942778247685315
125 0.0005365022616985512
143 0.003959867408319347
144 0.0003382847440033342
146 0.000264773477364449
150 0.00035621126149020904
159 0.0001776836714179443
171 0.0001368611790876869
175 0.0007507780456123224
177 0.0004548036138081369
180 0.00005682431219851005
226 0.0002049311356991152
237 0.002491237150522289
245 0.000181970089392662
246 0.00040649720137641123
255 0.00017273030805218352
263 0.0002338723830583595
277 0.0004982522556831122
286 0.0001987752449196317
288 0.00022801868959232616
357 0.0006877613496108782
367 0.0002673724241223067
401 0.00018110073068838497
497 0.00017684408550895013
520 0.00016189608767124534
538 0.0005705016212312678
572 0.00033907303651746636
669 0.00012589385831905585
703 0.0002862680700927968
709 0.0008182251257593176
719 0.0014506543864615605
815 0.0004737399020075509
851 0.00008185705212231243
858 0.000737266307740498
908 0.0007305054994379872
915 0.0006458029636839771
1029 0.00023724943034546792
1093 0.00036920725599727517
1162 0.0006052724462960429
1283 0.00033907303651746636
1397 0.004484598679377503
1486 0.00046465581618336337
1586 0.006040334181445515
1616 0.0005685167944117531
1725 0.0008817127075221674
1781 0.00028224872431895635
2148 0.0013448629893844162
2388 0.0006534821266696528
2478 0.0007031836599018376
3502 0.00036332233087023905
3732 0.0010823281337329915
4253 0.0006037805934374678
8113 0.000873114324417637
8114 0.000873114324417637