13 0.000006495774716904924
16 0.00007545831652538253
17 0.0013208620309783875
18 0.0026097437338001477
19 0.0002642464683900639
21 0.000286106714668853
23 0.001140093447961631
28 0.00025332444879269114
33 0.00011331060825040136
35 0.0003887745697496512
38 0.000005801646248097621
39 0.000009267556912609724
40 0.000006004172593355159
41 0.000007426561074872202
42 0.000051443803059355216
43 0.000008243075158511493
44 0.00020453330306294742
47 0.00004514127961646484
48 0.00013154366307515625
49 0.000041620673939093223
51 0.0001406033215222576
56 0.00006477729821638932
63 0.0000037855318677072396
65 0.00003546283794272714
67 0.00004203784642398019
69 0.00023724943034546792
70 0.00035233775638020634
71 0.00012561808978093188
76 0.0009350898575143378
81 0.0014592567349152566
89 0.00009505729945367397
97 0.00023454039050719067
99 0.0003271046043571432
104 0.0006565538005733489
113 0.00011133348371866765
114 0.00021141259586679695
115 0.0002059878583080766
124 0.00009942778247685315
144 0.0006765694880066684
171 0.0001368611790876869
185 0.0010625347393958431
186 0.0005050923328198371
245 0.000363940178785324
259 0.0005178306850950789
264 0.00042171838115391097
277 0.00009965045113662244
278 0.002642646204382413
279 0.00022929556638299245
367 0.0002673724241223067
368 0.00018686500362842702
405 0.0009884344705174716
439 0.0009943709429281018
468 0.0025089663811044337
497 0.0007073763420358005
520 0.0003237921753424907
576 0.0003086168757797243
753 0.0002783569986123394
851 0.00008185705212231243
858 0.0004915108718269986
1029 0.00047449886069093585
1591 0.0009382274558947666
2497 0.000424038368775366
2830 0.0011817312001973612
4280 0.0004338499289216686
4289 0.0005188152611795682
4497 0.000618218327643938
4506 0.0006037805934374678
8115 0.000873114324417637
8116 0.000873114324417637
8117 0.000873114324417637