0 0.00019243773886705868
1 0.0001309668193588762
2 0.00017273030805218352
5 0.0002365665368606119
6 0.0002400196965770493
7 0.000233207996263883
13 0.000006495774716904924
16 0.00007545831652538253
19 0.00013212323419503196
26 0.0002468679904672833
33 0.00011331060825040136
34 0.000043438765255019996
38 0.000005801646248097621
39 0.000004633778456304862
40 0.0000030020862966775796
41 0.000007426561074872202
43 0.000016486150317022987
46 0.0001834307973068906
49 0.000041620673939093223
52 0.00014497369525357328
59 0.000602379158534602
61 0.00035285287846540845
63 0.00000567829780156086
66 0.00009314029848720488
72 0.0008821321961635212
82 0.000849723818298602
89 0.00009505729945367397
97 0.00023454039050719067
180 0.00005682431219851005
264 0.00021085919057695548
310 0.00016226697770759457
324 0.0003753890228061612
411 0.00022304017535425432
468 0.0009408623929141627
494 0.00039064417040638865
496 0.0002464916487181342
641 0.000393582208037624
648 0.0006403547810939524
1026 0.0005411640668664958
1827 0.00041790813825628515
2115 0.0030189029671873397
2215 0.000873114324417637
2216 0.0007881489921597373
2217 0.0007881489921597373