9 0.00013633301269468968
12 0.0005129759100776286
13 0.000006495774716904924
17 0.00018869457585405535
34 0.000043438765255019996
36 0.00004148193135099767
38 0.000005801646248097621
39 0.000027802670737829172
40 0.00000900625889003274
41 0.000011139841612308305
42 0.000051443803059355216
43 0.00001236461273776724
44 0.00013635553537529827
46 0.0003668615946137812
47 0.00040627151654818366
51 0.00009373554768150506
56 0.00012955459643277864
63 0.0000037855318677072396
65 0.00003546283794272714
66 0.00009314029848720488
67 0.00012611353927194057
69 0.00023724943034546792
71 0.00012561808978093188
89 0.00009505729945367397
104 0.0004924153504300117
113 0.00011133348371866765
114 0.00021141259586679695
115 0.0002059878583080766
144 0.0010148542320100027
160 0.00018023749427928805
171 0.0001368611790876869
183 0.0006243870952872076
185 0.0010625347393958431
192 0.000648573141485873
259 0.00025891534254753946
270 0.00035955036976865123
274 0.004051201045993941
347 0.0002479774737404859
368 0.00018686500362842702
457 0.00264271997535924
628 0.005802617545846242
671 0.0002597352724507996
709 0.00027274170858643915
719 0.00048355146215385347
851 0.00008185705212231243
1328 0.0017705075717098697
1519 0.004181902345650271
1534 0.0006037805934374678
1538 0.004181902345650271
2043 0.0010665059907720767
2052 0.008884210729788278
2055 0.001236436655287876
2497 0.000424038368775366
2636 0.0013335471060796527
4127 0.0006037805934374678
4280 0.0004338499289216686
8118 0.001746228648835274
8119 0.000873114324417637
8120 0.000873114324417637
8121 0.000873114324417637