9 0.00023858277221570697
13 0.000025983098867619697
21 0.0010013735013409857
22 0.0005366943556599089
26 0.0002468679904672833
29 0.00026649997158873667
34 0.00013031629576506
36 0.00012444579405299303
38 0.000008702469372146433
39 0.000004633778456304862
40 0.00000900625889003274
41 0.000011139841612308305
43 0.00002472922547553448
45 0.00025964242459217314
47 0.00009028255923292969
49 0.000041620673939093223
61 0.00017642643923270423
63 0.00000567829780156086
65 0.00003546283794272714
66 0.00018628059697440975
72 0.00017642643923270423
76 0.0001335842653591911
85 0.00048714592340005404
89 0.00009505729945367397
97 0.00046908078101438134
98 0.000505900267840781
100 0.00015297081732618925
104 0.00016413845014333722
114 0.00021141259586679695
124 0.00009942778247685315
125 0.0002682511308492756
135 0.001192213177921029
144 0.0006765694880066684
146 0.000264773477364449
159 0.0001776836714179443
160 0.0007209499771171522
180 0.0001136486243970201
193 0.0002936355528176933
214 0.00054731981622391
226 0.0002049311356991152
245 0.000545910268177986
255 0.00017273030805218352
288 0.0036482990334772186
320 0.002063076061672949
327 0.0015842345479227535
352 0.0005916490456697102
368 0.00018686500362842702
392 0.0011877353727907164
396 0.0007678541784258615
401 0.00036220146137676994
431 0.00607504774280742
457 0.0002936355528176933
490 0.0034707994313733486
491 0.0018665598283367326
492 0.014428238389167623
496 0.0002464916487181342
497 0.00017684408550895013
508 0.0008047533925478269
538 0.0002852508106156339
551 0.0005664825455324013
622 0.0007823096410577976
654 0.0048494198913719205
666 0.00032568748957397626
759 0.0014308281633773554
788 0.0004149542829511784
851 0.00008185705212231243
852 0.0003887745697496512
876 0.0003911548205288988
915 0.00032290148184198857
1001 0.0012295886941690723
1037 0.0002709256892452844
1162 0.00030263622314802144
1187 0.00035770704084433884
1194 0.0006534821266696528
1198 0.0008890314040531017
1214 0.000424038368775366
1283 0.00033907303651746636
1395 0.0005218500308689194
1397 0.00028028741746109395
1399 0.0011817312001973612
1653 0.00589308909816034
1655 0.0005791825675166354
1781 0.0005644974486379127
2014 0.0006877613496108782
2027 0.0013939674485500902
2172 0.0006758309323565803
2541 0.0014768949178551047
2603 0.0018546549829318141
2845 0.0007031836599018376
3033 0.0004737399020075509
3690 0.0013516618647131605
4128 0.001117410468530901
4203 0.000505900267840781
5853 0.0007031836599018376
6197 0.0036922372946377622
6841 0.0007881489921597373
8122 0.000873114324417637