9 0.00013633301269468968
13 0.000019487324150714776
16 0.00030183326610153013
21 0.0001430533573344265
22 0.0008050415334898633
34 0.00017375506102007999
36 0.00004148193135099767
38 0.00002030576186834168
39 0.000009267556912609724
40 0.000012008345186710319
41 0.000007426561074872202
43 0.000020607687896278735
45 0.00012982121229608657
49 0.0001664826957563729
51 0.00004686777384075253
61 0.00035285287846540845
63 0.0000094638296692681
65 0.00001773141897136357
67 0.00004203784642398019
76 0.0006679213267959556
85 0.00048714592340005404
135 0.0008941598834407718
144 0.0018605660920183382
154 0.0003314569809760339
159 0.000533051014253833
160 0.0007209499771171522
171 0.0001368611790876869
180 0.00017047293659553015
193 0.0002936355528176933
196 0.0005027425024560568
230 0.0002958245228348551
245 0.000545910268177986
255 0.0006909212322087341
286 0.0005963257347588951
287 0.00025810086072372616
294 0.0003985861298959538
309 0.0003003233420124021
310 0.00048680093312278375
356 0.00040649720137641123
357 0.0006877613496108782
377 0.0003188377153162591
396 0.0005758906338193962
401 0.00036220146137676994
415 0.0006037805934374678
416 0.00248874643778231
433 0.003545193600592084
493 0.00046908078101438134
494 0.0015625766816255546
497 0.0008842204275447508
555 0.0009830217436539973
576 0.0003086168757797243
613 0.0005194705449015992
622 0.0019557741026444944
850 0.0015842345479227535
851 0.00016371410424462487
876 0.0007823096410577976
904 0.0011817312001973612
928 0.00040116683707882124
1182 0.00045217938883475555
1208 0.0028328121147357913
1285 0.0018166116543511955
1330 0.0003960586369806884
1395 0.0006958000411585592
1449 0.0005685167944117531
1524 0.0005791825675166354
1785 0.0006099871709657873
1934 0.0005188152611795682
2155 0.00048355146215385347
3159 0.0006345864806991627
3719 0.0017088896782901184
4127 0.0024151223737498713
4216 0.0029995176912544688
4245 0.0006345864806991627
5286 0.0007384474589275524
5427 0.0007031836599018376
7028 0.0015762979843194746
7656 0.0015762979843194746
7920 0.0007881489921597373
8128 0.002619342973252911
8129 0.00611180027092346
8130 0.013096714866264555
8131 0.001746228648835274
8132 0.001746228648835274