1 0.0001309668193588762
2 0.00017273030805218352
9 0.00027266602538937937
13 0.000012991549433809848
14 0.0017678231648694301
15 0.0017954156852717004
16 0.00007545831652538253
18 0.00047449886069093585
22 0.0002683471778299544
34 0.00017375506102007999
36 0.0002074096567549884
38 0.000011603292496195242
39 0.000027802670737829172
40 0.00000900625889003274
41 0.000007426561074872202
42 0.000051443803059355216
43 0.000008243075158511493
44 0.00027271107075059654
46 0.0005502923919206719
47 0.0004965540757811133
49 0.00012486202181727967
55 0.00019400951426952473
56 0.00019433189464916796
57 0.0002501368139214302
63 0.0000094638296692681
64 0.00018731984297588175
65 0.00005319425691409072
67 0.00012611353927194057
84 0.0004261759244447152
89 0.00019011459890734794
94 0.0004785475402955236
100 0.0004589124519785678
113 0.0002226669674373353
115 0.0002059878583080766
123 0.000188234616351904
124 0.00009942778247685315
130 0.0005454834171728783
134 0.0003672140565768559
139 0.00028224872431895635
144 0.001522281348015004
159 0.0001776836714179443
160 0.0003604749885585761
177 0.0004548036138081369
180 0.0002272972487940402
186 0.00025254616640991854
191 0.0005188152611795682
197 0.0002904236905482616
237 0.0003558910215031841
245 0.001455760715141296
261 0.000467744766116719
277 0.00029895135340986733
287 0.0005162017214474523
290 0.0006345864806991627
347 0.0002479774737404859
401 0.00018110073068838497
405 0.0054363895878460945
411 0.00022304017535425432
412 0.00028729384230050906
428 0.0004603543550640608
462 0.000618218327643938
538 0.0005705016212312678
546 0.0004120699366150429
556 0.000505900267840781
558 0.0007550417726806894
572 0.00033907303651746636
613 0.0002597352724507996
622 0.0003911548205288988
634 0.0015564457835387047
636 0.0007031836599018376
638 0.00040116683707882124
645 0.0005908656000986806
687 0.0005258216860189834
707 0.0005908656000986806
709 0.00027274170858643915
711 0.002864763321005853
753 0.0002783569986123394
764 0.0005332529953860384
835 0.004054985594139482
851 0.0004092852606115622
874 0.0006534821266696528
894 0.008707191781117299
1001 0.0006147943470845361
1328 0.0003541015143419739
1397 0.00028028741746109395
1446 0.005033705176761118
1767 0.0006534821266696528
2070 0.0007881489921597373
2163 0.0005411640668664958
2603 0.000618218327643938
3022 0.000499919615209078
3033 0.0004737399020075509
3163 0.003545193600592084
3846 0.0015762979843194746
3919 0.0007881489921597373
4254 0.0006534821266696528
5014 0.0007384474589275524
5534 0.0007031836599018376
5717 0.011034085890236325
5806 0.0005908656000986806
6008 0.0007031836599018376
6261 0.0012691729613983254
7654 0.0015762979843194746
8133 0.002619342973252911
8134 0.005238685946505822
8135 0.000873114324417637
8136 0.000873114324417637