9 0.00017041626586836213
13 0.000012991549433809848
14 0.0005050923328198371
16 0.00037729158262691273
22 0.00040252076674493167
33 0.00011331060825040136
34 0.00026063259153012
36 0.00012444579405299303
38 0.000014504115620244055
39 0.000013901335368914586
40 0.000012008345186710319
41 0.000011139841612308305
43 0.00002472922547553448
44 0.00020453330306294742
46 0.0003210038952870586
47 0.00036113023693171874
49 0.000041620673939093223
55 0.00009700475713476236
56 0.00019433189464916796
57 0.0001250684069607151
61 0.00035285287846540845
63 0.00000567829780156086
64 0.00018731984297588175
65 0.00001773141897136357
67 0.00008407569284796038
88 0.00024872719512041187
89 0.00009505729945367397
102 0.0005066488975853823
114 0.0004228251917335939
124 0.00009942778247685315
130 0.00027274170858643915
150 0.0005343168922353136
154 0.0006629139619520678
160 0.0003604749885585761
177 0.00015160120460271228
180 0.00017047293659553015
217 0.002582948329949638
219 0.004633460540133083
226 0.0002049311356991152
247 0.0005211214476182807
261 0.000467744766116719
283 0.00041790813825628515
347 0.0002479774737404859
350 0.000499919615209078
366 0.00034225708731462997
401 0.00036220146137676994
412 0.00028729384230050906
452 0.0002764565099464942
467 0.00034552605606704003
496 0.0002464916487181342
638 0.0008023336741576425
687 0.0005258216860189834
693 0.00045217938883475555
851 0.00008185705212231243
861 0.00521113892208306
898 0.0003014743275909555
942 0.00043730308863810597
1024 0.000505900267840781
1057 0.0004338499289216686
1070 0.0003541015143419739
1141 0.0012537244147688554
1175 0.0007384474589275524
1235 0.0010516433720379667
1634 0.000549621148441263
1650 0.00041790813825628515
2034 0.0005258216860189834
2042 0.0037327709677022693
2056 0.0006345864806991627
2160 0.0006758309323565803
2627 0.002164656267465983
2636 0.0022225785101327544
2836 0.0014212197060226527
4567 0.0006345864806991627
5625 0.0006758309323565803
6261 0.0006345864806991627
8137 0.000873114324417637
8138 0.000873114324417637