9 0.00020449951904203455
13 0.000019487324150714776
16 0.00007545831652538253
22 0.0002683471778299544
36 0.00008296386270199534
38 0.000008702469372146433
39 0.000004633778456304862
40 0.000012008345186710319
41 0.000011139841612308305
42 0.00010288760611871043
43 0.00004121537579255747
44 0.00027271107075059654
45 0.00012982121229608657
46 0.0003668615946137812
47 0.00031598895731525394
49 0.000041620673939093223
55 0.00048502378567381193
61 0.00017642643923270423
63 0.00000567829780156086
65 0.00003546283794272714
76 0.0002671685307183822
89 0.00019011459890734794
100 0.00015297081732618925
104 0.00032827690028667443
124 0.00009942778247685315
154 0.0009943709429281018
159 0.0001776836714179443
160 0.00018023749427928805
180 0.00005682431219851005
183 0.000416258063524805
245 0.000181970089392662
401 0.00018110073068838497
622 0.0003911548205288988
634 0.0005188152611795682
753 0.0002783569986123394
780 0.001132562659021034
851 0.00008185705212231243
1057 0.0004338499289216686
1060 0.0002852508106156339
1173 0.00041790813825628515
1446 0.0007191007395373025
1596 0.0009207087101281216
2085 0.0003672140565768559
2202 0.00046465581618336337
2203 0.0004603543550640608
2204 0.005258216860189835
4236 0.0004942172352587358
4747 0.0006345864806991627
4753 0.0007031836599018376
8139 0.003492457297670548
8140 0.001746228648835274
8141 0.000873114324417637
8142 0.000873114324417637
8143 0.00873114324417637
8144 0.003492457297670548
8145 0.000873114324417637
8146 0.000873114324417637