1 0.0002619336387177524
9 0.00017041626586836213
13 0.00003247887358452463
34 0.00008687753051003999
38 0.000005801646248097621
39 0.000013901335368914586
40 0.00000900625889003274
41 0.000011139841612308305
42 0.00010288760611871043
43 0.00002472922547553448
44 0.00013635553537529827
46 0.0003210038952870586
47 0.00031598895731525394
51 0.00004686777384075253
55 0.00009700475713476236
56 0.00012955459643277864
57 0.0001250684069607151
63 0.0000037855318677072396
65 0.00001773141897136357
66 0.00018628059697440975
67 0.00008407569284796038
72 0.0008821321961635212
73 0.0003858275493267621
87 0.0001891562677877985
89 0.00019011459890734794
100 0.0003059416346523785
104 0.0004924153504300117
113 0.00011133348371866765
122 0.00018417084982617462
125 0.0005365022616985512
144 0.0006765694880066684
150 0.00017810563074510452
159 0.0001776836714179443
180 0.00005682431219851005
277 0.00009965045113662244
289 0.000742466804701393
292 0.0002914849877710017
310 0.00016226697770759457
494 0.00019532208520319432
497 0.00017684408550895013
669 0.00012589385831905585
711 0.0008185038060016722
790 0.0004887683798320584
851 0.00008185705212231243
858 0.0012287771795674966
898 0.0003014743275909555
1173 0.0008358162765125703
1235 0.0005258216860189834
1395 0.0001739500102896398
1413 0.0004149542829511784
1504 0.0005332529953860384
1586 0.001132562659021034
1596 0.0004603543550640608
1705 0.0004149542829511784
3928 0.0007507780456123224
4497 0.000618218327643938