1 0.0002619336387177524
9 0.00017041626586836213
13 0.00003247887358452463
34 0.00008687753051003999
38 0.000005801646248097621
39 0.000013901335368914586
40 0.00000900625889003274
41 0.000011139841612308305
42 0.00010288760611871043
43 0.00002472922547553448
44 0.00013635553537529827
46 0.00027514619596033594
47 0.00027084767769878907
49 0.000041620673939093223
51 0.00004686777384075253
55 0.00009700475713476236
56 0.00012955459643277864
57 0.0001250684069607151
63 0.0000037855318677072396
65 0.00001773141897136357
67 0.00004203784642398019
72 0.00035285287846540845
73 0.0003858275493267621
89 0.00009505729945367397
100 0.0003059416346523785
104 0.0004924153504300117
113 0.00011133348371866765
114 0.00021141259586679695
125 0.0002682511308492756
144 0.0008457118600083356
150 0.00017810563074510452
159 0.0001776836714179443
180 0.00005682431219851005
277 0.00009965045113662244
289 0.0003712334023506965
292 0.0002914849877710017
310 0.00016226697770759457
494 0.00019532208520319432
497 0.00017684408550895013
643 0.000505900267840781
669 0.00012589385831905585
711 0.0008185038060016722
790 0.0004887683798320584
851 0.00008185705212231243
858 0.0004915108718269986
898 0.0003014743275909555
1173 0.0008358162765125703
1235 0.0005258216860189834
1395 0.0001739500102896398
1413 0.0004149542829511784
1479 0.00038643965984885517
1504 0.0005332529953860384
1586 0.001132562659021034
1596 0.0004603543550640608
3928 0.0011261670684184837