1 0.0015716018323065145
9 0.00023858277221570697
13 0.00003247887358452463
21 0.0001430533573344265
22 0.0001341735889149772
37 0.0004195196388193289
38 0.000005801646248097621
39 0.000018535113825219447
40 0.000012008345186710319
41 0.000014853122149744404
42 0.00010288760611871043
43 0.00002472922547553448
44 0.00013635553537529827
46 0.0004127192939405039
47 0.00040627151654818366
49 0.00012486202181727967
51 0.00004686777384075253
55 0.00009700475713476236
56 0.00006477729821638932
57 0.0001250684069607151
59 0.000602379158534602
63 0.0000037855318677072396
65 0.00001773141897136357
67 0.00008407569284796038
71 0.00025123617956186376
81 0.0005472212755932213
84 0.0023439675844459337
124 0.00009942778247685315
125 0.0008047533925478269
135 0.00029805329448025724
171 0.0001368611790876869
180 0.0001136486243970201
196 0.0001675808341520189
243 0.000264773477364449
282 0.004964689280922524
286 0.0001987752449196317
297 0.00034888459666376895
442 0.0003242865707429365
520 0.00016189608767124534
669 0.00012589385831905585
851 0.00008185705212231243
858 0.0002457554359134993
879 0.002070771659843986
898 0.0003014743275909555
912 0.0011370335888235062
3353 0.0005332529953860384
3465 0.0006534821266696528
3601 0.0007344281131537118
3713 0.0005587052342654505
6008 0.0007031836599018376
6825 0.0006758309323565803
8147 0.000873114324417637
8148 0.000873114324417637
8149 0.001746228648835274
8150 0.000873114324417637
8151 0.003492457297670548
8152 0.000873114324417637
8153 0.011350486217429281
8154 0.000873114324417637
8155 0.000873114324417637