9 0.00013633301269468968
13 0.000006495774716904924
16 0.00007545831652538253
21 0.0001430533573344265
26 0.0002468679904672833
29 0.00026649997158873667
34 0.00013031629576506
38 0.000005801646248097621
39 0.000009267556912609724
40 0.00001801251778006548
41 0.000018566402687180508
42 0.000051443803059355216
43 0.000020607687896278735
44 0.00006817776768764914
45 0.00025964242459217314
46 0.00013757309798016797
47 0.00013542383884939454
52 0.00014497369525357328
61 0.00035285287846540845
63 0.00000567829780156086
82 0.0014162063638310035
85 0.00024357296170002702
89 0.0003802291978146959
277 0.00009965045113662244
287 0.00025810086072372616
310 0.00032453395541518913
376 0.0006813094475963223
391 0.0005548061422499166
394 0.0004942172352587358
412 0.0008618815269015273
413 0.0007242860005275694
475 0.001717608420556781
487 0.00043049138832493966
491 0.00031109330472278875
492 0.001518761935701855
505 0.0016798480166249088
506 0.0014959153171579206
508 0.0002682511308492756
1397 0.0008408622523832819
1693 0.0005908656000986806
1745 0.0007881489921597373
2218 0.00045619873460859607
2219 0.000873114324417637
2220 0.0007881489921597373
2221 0.0007384474589275524