1 0.0001309668193588762
9 0.00010224975952101728
13 0.000012991549433809848
16 0.00015091663305076506
34 0.000043438765255019996
38 0.000005801646248097621
39 0.000004633778456304862
40 0.000006004172593355159
41 0.000007426561074872202
42 0.000051443803059355216
43 0.000020607687896278735
44 0.00013635553537529827
46 0.0001834307973068906
47 0.00018056511846585937
51 0.00004686777384075253
52 0.00014497369525357328
55 0.00009700475713476236
56 0.00006477729821638932
57 0.0001250684069607151
63 0.0000037855318677072396
65 0.00001773141897136357
89 0.00009505729945367397
100 0.00015297081732618925
104 0.0004924153504300117
124 0.00009942778247685315
144 0.0006765694880066684
226 0.0002049311356991152
264 0.00021085919057695548
467 0.00034552605606704003
551 0.0002832412727662006
573 0.0001652752038556845
669 0.00012589385831905585
851 0.00008185705212231243
868 0.0002709256892452844
1062 0.00025810086072372616
1705 0.0004149542829511784
2085 0.0003672140565768559
2830 0.001772596800296042
3502 0.0007266446617404781
3928 0.0007507780456123224
4449 0.0007881489921597373
8156 0.001746228648835274
8157 0.000873114324417637