13 0.000045470423018334476
27 0.00033751149866781817
30 0.00022182651134558653
34 0.000043438765255019996
36 0.00004148193135099767
38 0.000008702469372146433
39 0.000004633778456304862
40 0.00000900625889003274
41 0.000014853122149744404
42 0.000051443803059355216
43 0.00001236461273776724
49 0.000041620673939093223
51 0.00004686777384075253
52 0.00014497369525357328
63 0.00000567829780156086
64 0.00018731984297588175
65 0.00001773141897136357
66 0.00009314029848720488
67 0.00004203784642398019
68 0.0005829699755420034
113 0.00011133348371866765
114 0.00021141259586679695
118 0.0021184535620361504
123 0.000188234616351904
124 0.00009942778247685315
130 0.00027274170858643915
167 0.00045217938883475555
192 0.0003242865707429365
193 0.0002936355528176933
264 0.00021085919057695548
283 0.002089540691281426
304 0.00026056072380914035
347 0.0002479774737404859
411 0.00022304017535425432
430 0.00022365154352182467
445 0.00023123617256302196
457 0.0002936355528176933
507 0.0005454834171728783
515 0.0005258216860189834
545 0.0007971722597919076
546 0.0004120699366150429
555 0.0002457554359134993
557 0.001696153475101464
593 0.0030189029671873397
730 0.00044828766312813873
771 0.0005258216860189834
782 0.00036142184220439385
893 0.0007550417726806894
1095 0.0004120699366150429
1304 0.0006037805934374678
1343 0.0005258216860189834
1397 0.00028028741746109395
1674 0.0004338499289216686
1713 0.0004120699366150429
1753 0.0021865154431905303
2222 0.0007881489921597373
2223 0.0006758309323565803
2224 0.000618218327643938
2225 0.000873114324417637
2226 0.002619342973252911
2227 0.0007881489921597373
2228 0.000873114324417637
2229 0.000873114324417637
2230 0.0007384474589275524
2231 0.000873114324417637
2232 0.000873114324417637
2233 0.000873114324417637
2234 0.000873114324417637
2235 0.000873114324417637
2236 0.000873114324417637
2237 0.000873114324417637
2238 0.0007881489921597373