13 0.000019487324150714776
16 0.00007545831652538253
17 0.00018869457585405535
19 0.0002642464683900639
34 0.00017375506102007999
38 0.0000029008231240488105
39 0.000009267556912609724
40 0.000012008345186710319
41 0.00002227968322461661
42 0.00010288760611871043
43 0.000008243075158511493
45 0.00012982121229608657
46 0.00013757309798016797
47 0.00027084767769878907
49 0.00012486202181727967
51 0.00004686777384075253
56 0.00006477729821638932
63 0.0000018927659338536198
67 0.00004203784642398019
71 0.00025123617956186376
81 0.0018240709186440709
100 0.00015297081732618925
134 0.0003672140565768559
150 0.00035621126149020904
167 0.00045217938883475555
198 0.0004691137279473833
247 0.00026056072380914035
259 0.0007767460276426184
347 0.0004959549474809718
412 0.00028729384230050906
430 0.00022365154352182467
484 0.00043049138832493966
613 0.0002597352724507996
1001 0.00030739717354226806
1034 0.00034065472379816113
1486 0.00046465581618336337
1855 0.0006037805934374678
2007 0.0004408563537610837
2239 0.0029537898357102094
2240 0.000873114324417637
2241 0.000873114324417637
2242 0.0006758309323565803
2243 0.000873114324417637
2244 0.000873114324417637
2245 0.000873114324417637
2246 0.000873114324417637
2247 0.000873114324417637
2248 0.0007384474589275524
2249 0.000873114324417637
2250 0.000873114324417637
2251 0.000873114324417637