0 0.00019243773886705868
1 0.0001309668193588762
2 0.00017273030805218352
3 0.00037969048392546374
4 0.00035233775638020634
5 0.0002365665368606119
6 0.0002400196965770493
7 0.000233207996263883
8 0.00028224872431895635
9 0.00013633301269468968
13 0.00003247887358452463
16 0.00007545831652538253
20 0.0007394749461544028
21 0.0001430533573344265
22 0.00040252076674493167
27 0.0006750229973356363
34 0.000043438765255019996
36 0.0002074096567549884
38 0.000008702469372146433
39 0.000009267556912609724
40 0.000012008345186710319
41 0.000014853122149744404
42 0.00010288760611871043
43 0.000016486150317022987
44 0.00013635553537529827
45 0.00012982121229608657
46 0.00027514619596033594
47 0.00040627151654818366
48 0.00013154366307515625
49 0.00008324134787818645
51 0.00004686777384075253
52 0.00028994739050714656
55 0.00019400951426952473
56 0.00019433189464916796
57 0.0002501368139214302
58 0.0008237551125322549
59 0.00040158610568973463
60 0.0002572917550567303
61 0.00035285287846540845
63 0.0000018927659338536198
64 0.00018731984297588175
65 0.00003546283794272714
66 0.00027942089546161464
67 0.00004203784642398019
73 0.00019291377466338104
81 0.00018240709186440708
82 0.0011329650910648025
84 0.0002130879622223576
85 0.00048714592340005404
88 0.0004974543902408237
113 0.0002226669674373353
122 0.0005525125494785239
123 0.000188234616351904
124 0.0001988555649537063
150 0.00035621126149020904
171 0.0006843058954384346
196 0.0015082275073681705
255 0.00017273030805218352
277 0.00019930090227324488
279 0.00022929556638299245
314 0.000618218327643938
341 0.00945384960157889
437 0.00032153186911851154
497 0.00035368817101790026
520 0.0003237921753424907
595 0.0008890314040531017
596 0.00043049138832493966
650 0.000549621148441263
669 0.00012589385831905585
671 0.0002597352724507996
678 0.0004603543550640608
788 0.0004149542829511784
805 0.0009382274558947666
845 0.00043730308863810597
873 0.00037969048392546374
1031 0.00042093493558288133
1060 0.0002852508106156339
1120 0.0023578012133405124
1154 0.0007921172739613768
1613 0.0015997589861581152
1617 0.0006345864806991627
1769 0.003499437306463547
1773 0.0014997588456272344
1827 0.00041790813825628515
2156 0.0005332529953860384
2252 0.00611180027092346
2253 0.016589172163935104
2254 0.002619342973252911
2255 0.000873114324417637
2256 0.001746228648835274
2257 0.000873114324417637
2258 0.0005791825675166354
2259 0.0007881489921597373
2260 0.00045619873460859607
2261 0.001746228648835274
2262 0.0006037805934374678
2263 0.000873114324417637
2264 0.000873114324417637
2265 0.001746228648835274
2266 0.000873114324417637