9 0.00013633301269468968
13 0.000012991549433809848
17 0.0024530294861027195
18 0.0018979954427637434
19 0.0002642464683900639
20 0.0004929832974362684
23 0.0015961308271462834
29 0.0005329999431774733
34 0.000043438765255019996
36 0.00008296386270199534
38 0.000005801646248097621
39 0.000009267556912609724
40 0.000015010431483387899
41 0.000025992963762052712
42 0.000051443803059355216
43 0.000008243075158511493
44 0.00006817776768764914
45 0.0005192848491843463
46 0.00027514619596033594
47 0.00013542383884939454
49 0.000041620673939093223
51 0.00004686777384075253
52 0.00014497369525357328
55 0.00009700475713476236
56 0.00019433189464916796
57 0.0001250684069607151
61 0.00035285287846540845
63 0.0000018927659338536198
64 0.00018731984297588175
66 0.0004657014924360244
72 0.00035285287846540845
76 0.0004007527960775733
107 0.0002049311356991152
115 0.0002059878583080766
123 0.000188234616351904
124 0.00009942778247685315
154 0.0006629139619520678
158 0.00028424192373937554
171 0.0001368611790876869
179 0.0012344675031188972
197 0.0005808473810965232
212 0.0008023336741576425
226 0.0002049311356991152
229 0.0005121877518304292
245 0.000181970089392662
249 0.0011593189795465655
251 0.00022002825322499402
259 0.0005178306850950789
263 0.0002338723830583595
264 0.00042171838115391097
277 0.00029895135340986733
279 0.0004585911327659849
307 0.00022550415909059743
310 0.00016226697770759457
360 0.00019339166635443979
362 0.0006758309323565803
371 0.0004408563537610837
376 0.00034065472379816113
396 0.0005758906338193962
412 0.00028729384230050906
413 0.00024142866684252312
430 0.00022365154352182467
449 0.0008609827766498793
468 0.0003136207976380542
479 0.0020752610447182726
497 0.00017684408550895013
551 0.0002832412727662006
563 0.0005685167944117531
596 0.0008609827766498793
613 0.0002597352724507996
649 0.0003960586369806884
669 0.0002517877166381117
728 0.000618218327643938
735 0.0005791825675166354
741 0.00035233775638020634
841 0.0004338499289216686
911 0.0004120699366150429
915 0.0006458029636839771
919 0.0028127346396073505
1029 0.00047449886069093585
1089 0.0006758309323565803
1120 0.0008841754550026923
1178 0.0004338499289216686
1196 0.0003841483956894837
1242 0.0028127346396073505
1290 0.00031109330472278875
1301 0.002965303411552415
1409 0.0005908656000986806
1591 0.0004691137279473833
1676 0.0007881489921597373
1699 0.0007881489921597373
2128 0.0013119092659143181
2175 0.0007031836599018376
2267 0.003492457297670548
2268 0.000873114324417637
2269 0.0012691729613983254
2270 0.0007384474589275524
2271 0.000873114324417637
2272 0.002619342973252911
2273 0.0005587052342654505
2274 0.000873114324417637
2275 0.000873114324417637
2276 0.000873114324417637
2277 0.001746228648835274
2278 0.000873114324417637
2279 0.000873114324417637
2280 0.0006037805934374678
2281 0.006984914595341096
2282 0.003492457297670548
2283 0.001746228648835274
2284 0.001746228648835274
2285 0.000873114324417637
2286 0.000873114324417637
2287 0.0007384474589275524
2288 0.000873114324417637
2289 0.000873114324417637
2290 0.000873114324417637
2291 0.000873114324417637
2292 0.000873114324417637
2293 0.000873114324417637