0 0.00019243773886705868
1 0.0001309668193588762
2 0.00034546061610436703
5 0.0002365665368606119
6 0.0002400196965770493
7 0.000233207996263883
13 0.00003247887358452463
28 0.00025332444879269114
33 0.00011331060825040136
36 0.00004148193135099767
38 0.000008702469372146433
39 0.000004633778456304862
40 0.000006004172593355159
41 0.000007426561074872202
42 0.000051443803059355216
43 0.000008243075158511493
45 0.00012982121229608657
46 0.00013757309798016797
47 0.00013542383884939454
52 0.00014497369525357328
63 0.0000037855318677072396
64 0.00018731984297588175
65 0.00003546283794272714
88 0.00024872719512041187
118 0.0009079086694440643
186 0.00025254616640991854
210 0.0003201773905469762
272 0.0004737399020075509
308 0.0005258216860189834
320 0.00029472515166756405
497 0.00017684408550895013
594 0.0003438806748054391
665 0.0004887683798320584
691 0.0003038092374917516
698 0.0008890314040531017
759 0.0010731211225330165
780 0.0018876044317017236
920 0.0012448628488535354
1374 0.002705820334332479
1436 0.0014506543864615605
1815 0.0007384474589275524
1934 0.0005188152611795682
2294 0.0023644469764792122
2295 0.006984914595341096
2296 0.000873114324417637
2297 0.0006758309323565803
2298 0.0014768949178551047
2299 0.0005587052342654505