0 0.00019243773886705868
1 0.0002619336387177524
2 0.00017273030805218352
5 0.0002365665368606119
6 0.0002400196965770493
7 0.000233207996263883
13 0.000019487324150714776
16 0.00022637494957614764
17 0.0005660837275621661
19 0.0002642464683900639
20 0.0007394749461544028
23 0.00045603737918465233
26 0.00012343399523364164
30 0.00022182651134558653
33 0.00022662121650080273
34 0.00030407135678514
36 0.00012444579405299303
38 0.000008702469372146433
39 0.000009267556912609724
40 0.00001801251778006548
41 0.00003341952483692492
42 0.000051443803059355216
43 0.00002472922547553448
45 0.00025964242459217314
46 0.0004127192939405039
47 0.00027084767769878907
49 0.000041620673939093223
51 0.00009373554768150506
52 0.00028994739050714656
55 0.00019400951426952473
56 0.0003886637892983359
57 0.0003752052208821453
58 0.0010983401500430064
59 0.0008031722113794693
60 0.0002572917550567303
61 0.00035285287846540845
63 0.0000037855318677072396
64 0.00018731984297588175
67 0.00004203784642398019
74 0.00030499358548289365
84 0.0006392638866670728
85 0.00048714592340005404
88 0.00024872719512041187
89 0.00028517189836102194
113 0.00011133348371866765
160 0.00018023749427928805
196 0.0001675808341520189
249 0.005023715578035117
250 0.000742466804701393
284 0.0007384474589275524
307 0.00045100831818119485
360 0.0005801749990633194
367 0.0002673724241223067
369 0.0014063673198036752
371 0.001322569061283251
377 0.0003188377153162591
474 0.000873114324417637
475 0.002003876490649578
476 0.0013685962038257882
477 0.001903759442097488
478 0.0007881489921597373
479 0.0005188152611795682
480 0.0003672140565768559
481 0.0007384474589275524
482 0.0006037805934374678
483 0.000618218327643938