0 0.00019243773886705868
1 0.0001309668193588762
2 0.00017273030805218352
5 0.0002365665368606119
6 0.0002400196965770493
8 0.00028224872431895635
9 0.00013633301269468968
12 0.000769463865116443
13 0.000006495774716904924
16 0.00007545831652538253
20 0.0002464916487181342
21 0.000286106714668853
22 0.0001341735889149772
34 0.000043438765255019996
36 0.00004148193135099767
37 0.0004195196388193289
38 0.000008702469372146433
39 0.000009267556912609724
40 0.000015010431483387899
41 0.000014853122149744404
42 0.00010288760611871043
43 0.00002885076305479023
44 0.00013635553537529827
45 0.00025964242459217314
46 0.0003668615946137812
47 0.00036113023693171874
48 0.00013154366307515625
49 0.00008324134787818645
51 0.00004686777384075253
52 0.00028994739050714656
55 0.0005820285428085743
56 0.0003238864910819466
57 0.0005002736278428604
58 0.0008237551125322549
59 0.00020079305284486732
60 0.0002572917550567303
61 0.00035285287846540845
63 0.0000018927659338536198
66 0.00009314029848720488
85 0.00048714592340005404
97 0.00023454039050719067
99 0.0003271046043571432
101 0.0017375477025499064
124 0.00009942778247685315
136 0.0008776666622473353
148 0.0018113417803124036
159 0.0001776836714179443
237 0.0003558910215031841
245 0.000363940178785324
267 0.0002783569986123394
270 0.001438201479074605
271 0.0008975491902947523
274 0.0020256005229969706
279 0.00022929556638299245
396 0.0007678541784258615
486 0.0008746061772762119
552 0.00048355146215385347
739 0.0006037805934374678
902 0.0007507780456123224
1036 0.0003732936031739842
1060 0.0002852508106156339
1070 0.0003541015143419739
1186 0.0006037805934374678
1330 0.0003960586369806884
1396 0.00036920725599727517
2007 0.0004408563537610837
2300 0.003492457297670548
2301 0.000873114324417637
2302 0.000873114324417637
2303 0.0014063673198036752
2304 0.000873114324417637
2305 0.000873114324417637
2306 0.000873114324417637
2307 0.0007881489921597373
2308 0.003940744960798687
2309 0.000873114324417637
2310 0.000873114324417637
2311 0.0007881489921597373