1 0.0002619336387177524
13 0.000019487324150714776
17 0.0007547783034162214
18 0.0007117482910364039
19 0.0002642464683900639
23 0.00022801868959232616
33 0.00011331060825040136
36 0.00004148193135099767
38 0.000008702469372146433
39 0.000004633778456304862
40 0.0000030020862966775796
41 0.000003713280537436101
43 0.00001236461273776724
44 0.00013635553537529827
45 0.00012982121229608657
46 0.00004585769932672265
47 0.00031598895731525394
49 0.000041620673939093223
51 0.00004686777384075253
55 0.00009700475713476236
56 0.00012955459643277864
60 0.000771875265170191
61 0.00035285287846540845
63 0.0000037855318677072396
65 0.00003546283794272714
87 0.0001891562677877985
89 0.00009505729945367397
97 0.00046908078101438134
124 0.00009942778247685315
129 0.00045619873460859607
159 0.0012437856999256104
196 0.0001675808341520189
206 0.00044451570202655086
210 0.0003201773905469762
243 0.000264773477364449
259 0.0015534920552852367
277 0.00019930090227324488
310 0.0006490679108303783
313 0.0004338499289216686
348 0.0004272224195725296
360 0.00038678333270887957
405 0.0009884344705174716
428 0.0009207087101281216
444 0.001099242296882526
470 0.0022781429035527824
484 0.001291474164974819
520 0.00016189608767124534
543 0.0003960586369806884
646 0.000742466804701393
657 0.001117410468530901
682 0.0003753890228061612
730 0.002241438315640694
741 0.0007046755127604127
852 0.0003887745697496512
873 0.00037969048392546374
1052 0.0010516433720379667
1162 0.00030263622314802144
1196 0.0007682967913789674
1315 0.00044828766312813873
1332 0.0007881489921597373
1346 0.0011583651350332708
1450 0.0006513749791479525
1486 0.00046465581618336337
1499 0.000393582208037624
1585 0.0007031836599018376
1603 0.00040116683707882124
1642 0.0006345864806991627
1702 0.000618218327643938
1713 0.0004120699366150429
1873 0.0006037805934374678
2312 0.0036922372946377622
2313 0.000873114324417637
2314 0.000873114324417637
2315 0.0007881489921597373
2316 0.001746228648835274
2317 0.0007881489921597373
2318 0.000618218327643938
2319 0.000549621148441263
2320 0.0006758309323565803
2321 0.000873114324417637
2322 0.0005685167944117531
2323 0.0006758309323565803
2324 0.001746228648835274
2325 0.0013069642533393056
2326 0.000873114324417637
2327 0.000873114324417637
2328 0.000873114324417637
2329 0.000873114324417637
2330 0.000873114324417637
2331 0.000873114324417637
2332 0.000873114324417637
2333 0.000873114324417637
2334 0.000873114324417637
2335 0.000873114324417637