13 0.00003247887358452463
19 0.00013212323419503196
20 0.0004929832974362684
29 0.00026649997158873667
34 0.000043438765255019996
36 0.00008296386270199534
38 0.000008702469372146433
39 0.000004633778456304862
40 0.000012008345186710319
41 0.000018566402687180508
42 0.000051443803059355216
43 0.000008243075158511493
45 0.0006491060614804328
49 0.0001664826957563729
51 0.00009373554768150506
52 0.00014497369525357328
56 0.00012955459643277864
63 0.00000567829780156086
64 0.0003746396859517635
65 0.00003546283794272714
67 0.00004203784642398019
71 0.00012561808978093188
76 0.0001335842653591911
84 0.0002130879622223576
88 0.00024872719512041187
89 0.00009505729945367397
97 0.000703621171521572
100 0.000611883269304757
102 0.00025332444879269114
104 0.00032827690028667443
113 0.00011133348371866765
122 0.00018417084982617462
146 0.000264773477364449
159 0.0003553673428358886
160 0.00018023749427928805
180 0.00005682431219851005
191 0.0005188152611795682
226 0.0002049311356991152
245 0.000545910268177986
246 0.0008129944027528225
250 0.000742466804701393
261 0.000467744766116719
273 0.000549621148441263
287 0.00025810086072372616
293 0.0009856148818737803
304 0.00026056072380914035
315 0.0004785475402955236
332 0.0006345864806991627
348 0.0004272224195725296
360 0.00019339166635443979
411 0.00044608035070850863
468 0.0009408623929141627
480 0.0003672140565768559
484 0.002582948329949638
496 0.0002464916487181342
520 0.0003237921753424907
550 0.00025332444879269114
622 0.0003911548205288988
669 0.00012589385831905585
788 0.0012448628488535354
826 0.0004272224195725296
850 0.0003960586369806884
1063 0.0005188152611795682
1066 0.000424038368775366
1196 0.006146374331031739
1298 0.0005685167944117531
1339 0.0010376305223591363
1396 0.00036920725599727517
1399 0.003545193600592084
1497 0.002613928506678611
1608 0.0005908656000986806
1698 0.0014768949178551047
1830 0.000499919615209078
1893 0.03152913470984084
2063 0.00040116683707882124
2064 0.0011370335888235062
2187 0.0006758309323565803
2320 0.0006758309323565803
2339 0.003492457297670548
2340 0.000873114324417637
2341 0.0014768949178551047
2342 0.0005587052342654505
2343 0.01222360054184692
2344 0.0006758309323565803
2345 0.0005908656000986806
2346 0.00044828766312813873
2347 0.0007384474589275524
2348 0.000873114324417637
2349 0.002619342973252911
2350 0.0023644469764792122
2351 0.000873114324417637
2352 0.000873114324417637
2353 0.00611180027092346
2354 0.000618218327643938
2355 0.000873114324417637
2356 0.000873114324417637
2357 0.003492457297670548
2358 0.004430684753565315
2359 0.000873114324417637
2360 0.000873114324417637
2361 0.002619342973252911
2362 0.000873114324417637
2363 0.000873114324417637