0 0.00019243773886705868
1 0.0001309668193588762
2 0.00017273030805218352
5 0.0002365665368606119
6 0.0002400196965770493
7 0.000233207996263883
13 0.000025983098867619697
16 0.00007545831652538253
26 0.00012343399523364164
30 0.0006654795340367597
33 0.00022662121650080273
34 0.000043438765255019996
38 0.000008702469372146433
39 0.000013901335368914586
40 0.000012008345186710319
41 0.000011139841612308305
42 0.00010288760611871043
43 0.000020607687896278735
46 0.00027514619596033594
47 0.00027084767769878907
48 0.00013154366307515625
49 0.000041620673939093223
51 0.00004686777384075253
52 0.00014497369525357328
63 0.0000037855318677072396
65 0.00001773141897136357
74 0.00030499358548289365
81 0.00018240709186440708
82 0.000849723818298602
89 0.00019011459890734794
97 0.00023454039050719067
104 0.00016413845014333722
113 0.0002226669674373353
123 0.000188234616351904
124 0.00009942778247685315
160 0.00018023749427928805
171 0.0001368611790876869
221 0.0033522314055927033
247 0.00026056072380914035
250 0.0011137002070520895
252 0.000549621148441263
272 0.0004737399020075509
277 0.00029895135340986733
350 0.004999196152090782
360 0.00038678333270887957
379 0.0003438806748054391
401 0.00036220146137676994
402 0.0014997588456272344
497 0.00017684408550895013
520 0.0004856882630137361
590 0.0003672140565768559
591 0.00044451570202655086
694 0.0004887683798320584
716 0.0003136207976380542
772 0.0005194705449015992
820 0.0018586232647334535
821 0.0025383459227966507
915 0.00032290148184198857
1052 0.0010516433720379667
1305 0.0004691137279473833
1315 0.00044828766312813873
1325 0.0009370516107240867
1326 0.0006534821266696528
1327 0.0006534821266696528
1328 0.002478710600393818
1330 0.0007921172739613768
2367 0.002613928506678611
2368 0.001746228648835274