0 0.00019243773886705868
1 0.0001309668193588762
2 0.00017273030805218352
4 0.00035233775638020634
5 0.0002365665368606119
6 0.0002400196965770493
7 0.000233207996263883
8 0.00028224872431895635
9 0.00013633301269468968
10 0.0004691137279473833
13 0.00005196619773523939
16 0.00015091663305076506
22 0.0002683471778299544
26 0.00012343399523364164
34 0.000043438765255019996
37 0.0004195196388193289
38 0.000011603292496195242
39 0.000013901335368914586
40 0.000012008345186710319
41 0.000014853122149744404
42 0.00015433140917806565
43 0.000016486150317022987
44 0.00013635553537529827
46 0.00045857699326722653
47 0.00045141279616464847
48 0.00013154366307515625
49 0.000041620673939093223
51 0.00004686777384075253
52 0.00014497369525357328
55 0.00009700475713476236
56 0.00012955459643277864
61 0.00035285287846540845
63 0.0000037855318677072396
64 0.00018731984297588175
66 0.00018628059697440975
67 0.00008407569284796038
71 0.00012561808978093188
84 0.0008523518488894304
115 0.0002059878583080766
118 0.004842179570368343
122 0.0007366833993046985
123 0.000188234616351904
124 0.00009942778247685315
125 0.0002682511308492756
130 0.00027274170858643915
134 0.0011016421697305678
139 0.00028224872431895635
144 0.0005074271160050014
150 0.0005343168922353136
158 0.00028424192373937554
159 0.0001776836714179443
165 0.00022550415909059743
171 0.0001368611790876869
180 0.00005682431219851005
196 0.0001675808341520189
210 0.0003201773905469762
220 0.003920892760017917
277 0.00009965045113662244
309 0.0006006466840248042
316 0.0005411640668664958
335 0.000505900267840781
356 0.0012194916041292337
371 0.0004408563537610837
375 0.00025891534254753946
393 0.00033907303651746636
415 0.0006037805934374678
428 0.0004603543550640608
437 0.0009645956073555347
467 0.00034552605606704003
471 0.00045619873460859607
472 0.0006534821266696528
549 0.0012114091427224763
573 0.0001652752038556845
646 0.0003712334023506965
682 0.0003753890228061612
721 0.00044828766312813873
768 0.003459520646811151
833 0.0007881489921597373
836 0.001648863445323789
1283 0.00033907303651746636
1310 0.005086512632183348
1713 0.0004120699366150429
1873 0.0006037805934374678
1878 0.0015365935827579347
1890 0.0072453671212496145
1894 0.000549621148441263
2184 0.002027492797069741
2369 0.001746228648835274
2370 0.0007031836599018376
2371 0.0006534821266696528
2372 0.0007031836599018376
2373 0.000873114324417637
2374 0.0007031836599018376
2375 0.0006758309323565803
2376 0.001746228648835274
2377 0.0007881489921597373
2378 0.0003003233420124021
2379 0.0015762979843194746
2380 0.000873114324417637
2381 0.000618218327643938