9 0.00020449951904203455
12 0.0002564879550388143
13 0.000019487324150714776
20 0.0007394749461544028
21 0.0001430533573344265
29 0.00026649997158873667
34 0.000043438765255019996
36 0.00012444579405299303
38 0.000008702469372146433
39 0.000013901335368914586
40 0.00001801251778006548
41 0.000014853122149744404
42 0.00010288760611871043
43 0.00001236461273776724
44 0.00013635553537529827
45 0.00012982121229608657
46 0.00022928849663361327
47 0.00027084767769878907
48 0.00013154366307515625
49 0.00008324134787818645
51 0.00004686777384075253
52 0.00014497369525357328
55 0.00009700475713476236
56 0.00012955459643277864
57 0.0001250684069607151
63 0.0000037855318677072396
64 0.00018731984297588175
65 0.00005319425691409072
67 0.00004203784642398019
84 0.0002130879622223576
85 0.00048714592340005404
88 0.00024872719512041187
102 0.00025332444879269114
122 0.00018417084982617462
124 0.00009942778247685315
136 0.0008776666622473353
143 0.0019799337041596734
144 0.0006765694880066684
150 0.0007124225229804181
152 0.0005587052342654505
159 0.0003553673428358886
171 0.0002737223581753738
217 0.004304913883249397
223 0.0008890314040531017
224 0.006345864806991628
226 0.0002049311356991152
255 0.00017273030805218352
270 0.0010786511093059537
271 0.00029918306343158405
274 0.0005787430065705628
311 0.0004887683798320584
347 0.0004959549474809718
394 0.0014826517057762074
507 0.0005454834171728783
520 0.00016189608767124534
534 0.0005908656000986806
666 0.00032568748957397626
669 0.00012589385831905585
716 0.0003136207976380542
779 0.00030263622314802144
786 0.001615212190296635
850 0.0007921172739613768
946 0.0004785475402955236
1251 0.0012691729613983254
1288 0.0007881489921597373
1413 0.0004149542829511784
1514 0.0018113417803124036
1724 0.0007881489921597373
2085 0.0003672140565768559
2382 0.001746228648835274
2383 0.000873114324417637
2384 0.0015762979843194746
2385 0.0031525959686389492
2386 0.0006758309323565803
2387 0.0063051919372778984
2388 0.003267410633348264
2389 0.0007881489921597373
2390 0.0006534821266696528
2391 0.000873114324417637
2392 0.000873114324417637