0 0.00019243773886705868
1 0.0001309668193588762
2 0.00017273030805218352
3 0.00037969048392546374
4 0.00035233775638020634
5 0.0002365665368606119
6 0.0002400196965770493
7 0.000233207996263883
8 0.00028224872431895635
9 0.00010224975952101728
13 0.000012991549433809848
16 0.00007545831652538253
20 0.0012324582435906714
21 0.000572213429337706
22 0.00040252076674493167
35 0.0003887745697496512
36 0.00004148193135099767
37 0.0004195196388193289
38 0.000008702469372146433
39 0.000004633778456304862
40 0.000015010431483387899
41 0.000014853122149744404
42 0.000051443803059355216
43 0.000016486150317022987
49 0.000041620673939093223
51 0.00004686777384075253
52 0.00014497369525357328
55 0.00009700475713476236
56 0.00006477729821638932
61 0.00035285287846540845
63 0.0000018927659338536198
66 0.00009314029848720488
74 0.00030499358548289365
84 0.0006392638866670728
85 0.0007307188851000811
114 0.00021141259586679695
128 0.0022809936730429805
131 0.0004092519030008361
139 0.00028224872431895635
146 0.000264773477364449
160 0.0003604749885585761
165 0.00022550415909059743
179 0.0003086168757797243
253 0.0002472323099654942
261 0.0002338723830583595
279 0.00022929556638299245
310 0.00016226697770759457
375 0.00025891534254753946
393 0.00033907303651746636
396 0.0007678541784258615
435 0.0004603543550640608
552 0.00048355146215385347
657 0.0005587052342654505
667 0.0009123974692171921
739 0.0006037805934374678
770 0.0004785475402955236
776 0.0010243755036608584
841 0.0004338499289216686
847 0.002368699510037755
852 0.0003887745697496512
902 0.0003753890228061612
967 0.0011583651350332708
1037 0.0002709256892452844
1150 0.0006345864806991627
1224 0.0008965753262562775
1299 0.0006758309323565803
1367 0.0007384474589275524
1370 0.004430684753565315
1373 0.006345864806991628
1395 0.0003479000205792796
1401 0.0007031836599018376
1403 0.00034552605606704003
1670 0.000618218327643938
1672 0.0011583651350332708
1710 0.0007384474589275524
2393 0.002619342973252911
2394 0.002619342973252911
2395 0.0007384474589275524
2396 0.000873114324417637
2397 0.000873114324417637
2398 0.0008965753262562775
2399 0.000873114324417637
2400 0.000873114324417637
2401 0.0007881489921597373
2402 0.000873114324417637
2403 0.000873114324417637
2404 0.000873114324417637
2405 0.000873114324417637