0 0.00019243773886705868
1 0.0001309668193588762
2 0.00017273030805218352
5 0.0002365665368606119
6 0.0002400196965770493
7 0.000233207996263883
13 0.000006495774716904924
26 0.00012343399523364164
33 0.00011331060825040136
36 0.00008296386270199534
37 0.00020975981940966445
38 0.0000029008231240488105
39 0.000004633778456304862
40 0.000012008345186710319
41 0.000003713280537436101
43 0.00001236461273776724
46 0.00013757309798016797
47 0.00013542383884939454
49 0.000041620673939093223
51 0.00004686777384075253
52 0.00014497369525357328
58 0.0005491700750215032
59 0.00040158610568973463
61 0.00035285287846540845
63 0.0000037855318677072396
64 0.00018731984297588175
66 0.00009314029848720488
72 0.00035285287846540845
82 0.0002832412727662006
88 0.00024872719512041187
89 0.00019011459890734794
146 0.000264773477364449
310 0.00016226697770759457
347 0.0002479774737404859
360 0.00019339166635443979
376 0.00034065472379816113
431 0.00037969048392546374
440 0.00048355146215385347
452 0.0002764565099464942
484 0.00043049138832493966
485 0.0014768949178551047
486 0.0017492123545524239
487 0.00043049138832493966
488 0.000873114324417637
489 0.0007384474589275524