12 0.003334343415504586
13 0.0000779492966028591
14 0.0010101846656396741
16 0.00007545831652538253
34 0.00008687753051003999
36 0.00024889158810598606
38 0.000005801646248097621
39 0.000032436449194134037
40 0.000012008345186710319
41 0.000011139841612308305
42 0.00010288760611871043
43 0.00001236461273776724
45 0.00012982121229608657
46 0.0001834307973068906
47 0.00022570639808232424
49 0.00012486202181727967
52 0.00014497369525357328
56 0.00012955459643277864
61 0.00035285287846540845
63 0.00000567829780156086
65 0.00001773141897136357
66 0.00018628059697440975
78 0.0017055503832352594
95 0.0004272224195725296
98 0.000505900267840781
107 0.0004098622713982304
115 0.0002059878583080766
125 0.0005365022616985512
149 0.0003732936031739842
159 0.0001776836714179443
165 0.00022550415909059743
171 0.0002737223581753738
176 0.00033751149866781817
177 0.00030320240920542457
180 0.0001136486243970201
196 0.0001675808341520189
210 0.0003201773905469762
212 0.00040116683707882124
214 0.00109463963244782
222 0.0003841483956894837
225 0.00042093493558288133
226 0.0002049311356991152
250 0.0003712334023506965
251 0.00044005650644998804
252 0.000549621148441263
253 0.0002472323099654942
270 0.003955054067455163
271 0.003889379824610593
274 0.0005787430065705628
277 0.0005979027068197347
287 0.00025810086072372616
288 0.00022801868959232616
304 0.0005211214476182807
307 0.00022550415909059743
320 0.003241976668343205
321 0.00048355146215385347
327 0.001980293184903442
334 0.0005791825675166354
356 0.0008129944027528225
375 0.0007767460276426184
377 0.0006376754306325182
412 0.0005745876846010181
413 0.00048285733368504623
430 0.00044730308704364933
431 0.00037969048392546374
439 0.0016572849048801697
441 0.0006877613496108782
452 0.0002764565099464942
455 0.00041790813825628515
469 0.0005332529953860384
470 0.00037969048392546374
497 0.00017684408550895013
515 0.0005258216860189834
520 0.00016189608767124534
542 0.000499919615209078
545 0.0003985861298959538
546 0.0004120699366150429
549 0.00040380304757415875
551 0.0002832412727662006
599 0.000618218327643938
608 0.0003438806748054391
622 0.0003911548205288988
639 0.0005587052342654505
654 0.005290276245133004
703 0.0002862680700927968
715 0.0004092519030008361
752 0.0033848602350769748
759 0.0010731211225330165
774 0.000618218327643938
805 0.0037529098235790665
823 0.00045217938883475555
876 0.0019557741026444944
988 0.0012537244147688554
1086 0.0005258216860189834
1112 0.0003672140565768559
1120 0.00029472515166756405
1162 0.00030263622314802144
1176 0.0004785475402955236
1214 0.000424038368775366
1283 0.0020344382191047985
1303 0.0007881489921597373
1310 0.00036332233087023905
1417 0.0015646192821155952
1653 0.0037884144202459326
1666 0.0005791825675166354
1674 0.0004338499289216686
1742 0.000499919615209078
1796 0.0012075611868749357
1803 0.0004942172352587358
1880 0.0005587052342654505
2012 0.000549621148441263
2013 0.0005908656000986806
2027 0.00046465581618336337
2035 0.0007384474589275524
2082 0.013886953649061761
2083 0.0006534821266696528
2342 0.0005587052342654505
2406 0.0006758309323565803
2407 0.0005908656000986806
2408 0.0007384474589275524
2409 0.0006345864806991627
2410 0.000873114324417637
2411 0.0007881489921597373
2412 0.0006534821266696528
2413 0.0005791825675166354
2414 0.0005411640668664958
2415 0.0007881489921597373
2416 0.0006534821266696528
2417 0.000873114324417637
2418 0.0007384474589275524
2419 0.000873114324417637
2420 0.0007881489921597373
2421 0.0007384474589275524
2422 0.000873114324417637
2423 0.000873114324417637