9 0.00006816650634734484
13 0.00003247887358452463
16 0.00022637494957614764
38 0.000005801646248097621
39 0.000009267556912609724
40 0.000006004172593355159
41 0.000018566402687180508
42 0.00010288760611871043
43 0.000008243075158511493
44 0.00006817776768764914
45 0.00012982121229608657
46 0.0000917153986534453
47 0.00009028255923292969
49 0.000041620673939093223
52 0.00014497369525357328
56 0.00006477729821638932
61 0.00017642643923270423
63 0.0000037855318677072396
68 0.0011659399510840069
85 0.00024357296170002702
99 0.0003271046043571432
122 0.00018417084982617462
123 0.000188234616351904
124 0.00009942778247685315
144 0.0003382847440033342
179 0.0006172337515594486
214 0.000273659908111955
219 0.00521264310764972
255 0.00034546061610436703
320 0.0005894503033351281
366 0.00034225708731462997
375 0.00025891534254753946
391 0.0002774030711249583
411 0.00022304017535425432
468 0.0003136207976380542
533 0.0019141901611820944
648 0.0003201773905469762
672 0.0004942172352587358
868 0.0005418513784905688
954 0.0023634624003947224
1001 0.00030739717354226806
1037 0.0002709256892452844
2424 0.001746228648835274
2425 0.000873114324417637
2426 0.000873114324417637
2427 0.0005332529953860384
2428 0.000873114324417637
2429 0.0007881489921597373
2430 0.000873114324417637
2431 0.000873114324417637
2432 0.000873114324417637
2433 0.0007881489921597373