0 0.00019243773886705868
1 0.0002619336387177524
2 0.00017273030805218352
5 0.0002365665368606119
6 0.0002400196965770493
7 0.000233207996263883
12 0.0002564879550388143
13 0.000006495774716904924
14 0.00025254616640991854
15 0.0002564879550388143
32 0.0005188152611795682
36 0.00004148193135099767
38 0.000008702469372146433
39 0.000018535113825219447
40 0.000015010431483387899
41 0.000018566402687180508
42 0.00010288760611871043
43 0.000020607687896278735
47 0.00004514127961646484
52 0.00028994739050714656
56 0.00006477729821638932
58 0.0016475102250645098
59 0.0010039652642243367
60 0.0002572917550567303
63 0.0000037855318677072396
64 0.00018731984297588175
65 0.00003546283794272714
66 0.00027942089546161464
67 0.00004203784642398019
69 0.00023724943034546792
71 0.00012561808978093188
81 0.00018240709186440708
82 0.000849723818298602
85 0.0007307188851000811
89 0.00019011459890734794
102 0.00025332444879269114
103 0.0009043587776695111
107 0.0002049311356991152
110 0.000505900267840781
114 0.00021141259586679695
118 0.0015131811157401073
123 0.000188234616351904
127 0.00041790813825628515
143 0.0006599779013865577
150 0.00017810563074510452
159 0.0001776836714179443
180 0.00005682431219851005
217 0.00043049138832493966
220 0.003267410633348264
237 0.0003558910215031841
245 0.000181970089392662
250 0.0018561670117534827
252 0.001099242296882526
267 0.0005567139972246788
277 0.00019930090227324488
291 0.0003887745697496512
292 0.0002914849877710017
357 0.0003438806748054391
358 0.0040542779726164485
393 0.00033907303651746636
497 0.00017684408550895013
595 0.0008890314040531017
598 0.001117410468530901
682 0.0003753890228061612
722 0.002793526171327253
765 0.0015997589861581152
785 0.0006345864806991627
788 0.0004149542829511784
826 0.0004272224195725296
898 0.000602948655181911
957 0.0007384474589275524
979 0.0004338499289216686
1111 0.0006037805934374678
1154 0.0007921172739613768
1325 0.00031235053690802886
1354 0.0005587052342654505
1368 0.00045217938883475555
1476 0.002613928506678611
1622 0.00043049138832493966
2441 0.00886136950713063
2442 0.0007881489921597373
2443 0.000618218327643938
2444 0.000873114324417637
2445 0.0007031836599018376
2446 0.002027492797069741
2447 0.0003985861298959538
2448 0.000873114324417637
2449 0.000873114324417637
2450 0.000873114324417637
2451 0.000873114324417637