0 0.00019243773886705868
13 0.00007145352188595418
16 0.00007545831652538253
19 0.00039636970258509594
34 0.00008687753051003999
38 0.000005801646248097621
39 0.000009267556912609724
40 0.00001801251778006548
41 0.00003341952483692492
43 0.000004121537579255747
44 0.00013635553537529827
46 0.0001834307973068906
47 0.00018056511846585937
52 0.00014497369525357328
56 0.00019433189464916796
61 0.00035285287846540845
63 0.000007571063735414479
64 0.00018731984297588175
65 0.00001773141897136357
67 0.00008407569284796038
76 0.0002671685307183822
89 0.00019011459890734794
97 0.00023454039050719067
102 0.0005066488975853823
183 0.000416258063524805
236 0.003585314262813005
239 0.0006758309323565803
242 0.0005908656000986806
249 0.0015457586393954207
296 0.0004887683798320584
445 0.00023123617256302196
468 0.0003136207976380542
576 0.0003086168757797243
609 0.0008746061772762119
670 0.0003329428059983855
779 0.0012105448925920858
781 0.0013939674485500902
1388 0.0003753890228061612
1662 0.0005587052342654505
2452 0.000873114324417637
2453 0.002619342973252911
2454 0.0007031836599018376
2455 0.000873114324417637