1 0.0001309668193588762
13 0.00007145352188595418
14 0.00025254616640991854
15 0.0002564879550388143
16 0.00007545831652538253
34 0.000043438765255019996
38 0.000011603292496195242
39 0.000004633778456304862
40 0.00000900625889003274
41 0.000011139841612308305
42 0.000051443803059355216
43 0.000020607687896278735
45 0.00012982121229608657
46 0.0001834307973068906
47 0.00031598895731525394
48 0.00013154366307515625
49 0.00008324134787818645
51 0.00004686777384075253
52 0.00014497369525357328
56 0.00006477729821638932
59 0.00020079305284486732
63 0.00000567829780156086
64 0.00018731984297588175
65 0.00007092567588545428
85 0.00024357296170002702
89 0.00019011459890734794
98 0.000505900267840781
102 0.00025332444879269114
104 0.00032827690028667443
113 0.00011133348371866765
122 0.00018417084982617462
123 0.000188234616351904
124 0.00029828334743055946
130 0.00027274170858643915
146 0.000264773477364449
158 0.0005684838474787511
159 0.0003553673428358886
165 0.00022550415909059743
171 0.0001368611790876869
177 0.00015160120460271228
196 0.0001675808341520189
245 0.000363940178785324
250 0.0003712334023506965
260 0.0003818991754555788
294 0.0003985861298959538
310 0.0006490679108303783
324 0.0003753890228061612
357 0.0003438806748054391
360 0.00019339166635443979
371 0.0004408563537610837
411 0.00044608035070850863
471 0.00045619873460859607
480 0.0003672140565768559
484 0.00043049138832493966
493 0.00023454039050719067
496 0.0007394749461544028
552 0.00048355146215385347
573 0.0001652752038556845
622 0.0003911548205288988
642 0.0003887745697496512
645 0.0005908656000986806
689 0.00043049138832493966
780 0.0018876044317017236
788 0.0004149542829511784
842 0.0005258216860189834
845 0.00043730308863810597
898 0.0003014743275909555
1029 0.0007117482910364039
1032 0.0005332529953860384
1037 0.0002709256892452844
1064 0.000618218327643938
1085 0.000393582208037624
1086 0.0005258216860189834
1101 0.00046465581618336337
1141 0.00041790813825628515
1143 0.0005791825675166354
1172 0.0004887683798320584
1173 0.002507448829537711
1283 0.00033907303651746636
1596 0.0004603543550640608
1702 0.000618218327643938
1719 0.0007031836599018376
1842 0.0007384474589275524
1873 0.0006037805934374678
1971 0.000618218327643938
2199 0.0004785475402955236
2440 0.0006534821266696528
2456 0.0014063673198036752
2457 0.001746228648835274
2458 0.000873114324417637
2459 0.0007881489921597373
2460 0.003492457297670548
2461 0.002619342973252911
2462 0.0007881489921597373
2463 0.000873114324417637
2464 0.0005908656000986806
2465 0.0021095509797055133
2466 0.0015762979843194746
2467 0.006984914595341096
2468 0.000873114324417637
2469 0.0007031836599018376
2470 0.000873114324417637
2471 0.000873114324417637