0 0.00019243773886705868
1 0.0001309668193588762
2 0.00017273030805218352
5 0.0002365665368606119
6 0.0002400196965770493
7 0.000233207996263883
8 0.00028224872431895635
13 0.00003247887358452463
16 0.00007545831652538253
19 0.00066061617097516
30 0.00044365302269117307
33 0.00011331060825040136
34 0.000043438765255019996
36 0.00008296386270199534
38 0.000008702469372146433
39 0.000013901335368914586
40 0.00002101460407674306
41 0.00002227968322461661
42 0.00015433140917806565
43 0.000020607687896278735
45 0.0007789272737765194
46 0.0001834307973068906
47 0.00027084767769878907
48 0.00013154366307515625
49 0.0001664826957563729
52 0.00014497369525357328
56 0.00006477729821638932
58 0.0010983401500430064
59 0.0010039652642243367
63 0.00000567829780156086
64 0.00018731984297588175
65 0.00003546283794272714
66 0.00018628059697440975
67 0.00004203784642398019
85 0.00048714592340005404
102 0.00025332444879269114
113 0.00011133348371866765
114 0.00021141259586679695
115 0.0002059878583080766
118 0.0006052724462960429
122 0.00018417084982617462
123 0.000188234616351904
125 0.0002682511308492756
128 0.0009123974692171921
132 0.0003985861298959538
143 0.0023099226548529525
150 0.00017810563074510452
158 0.00028424192373937554
160 0.00018023749427928805
167 0.00045217938883475555
171 0.0001368611790876869
186 0.00025254616640991854
192 0.0003242865707429365
218 0.0005332529953860384
226 0.0002049311356991152
250 0.0011137002070520895
277 0.00009965045113662244
279 0.00022929556638299245
357 0.0003438806748054391
360 0.00019339166635443979
374 0.001011800535681562
375 0.00025891534254753946
393 0.00033907303651746636
402 0.0014997588456272344
403 0.001117410468530901
416 0.0018665598283367326
430 0.00022365154352182467
442 0.0003242865707429365
459 0.00048355146215385347
461 0.0007971722597919076
476 0.0013685962038257882
520 0.00016189608767124534
542 0.000999839230418156
556 0.000505900267840781
572 0.00033907303651746636
637 0.0005587052342654505
646 0.0003712334023506965
708 0.00035955036976865123
709 0.0008182251257593176
748 0.0006037805934374678
779 0.00030263622314802144
825 0.000505900267840781
852 0.0003887745697496512
861 0.0004737399020075509
876 0.0003911548205288988
884 0.0024151223737498713
907 0.0012691729613983254
908 0.0007305054994379872
913 0.0007031836599018376
928 0.0008023336741576425
951 0.000549621148441263
1042 0.0005332529953860384
1095 0.0004120699366150429
1236 0.000549621148441263
1279 0.009457787905916849
1424 0.0005188152611795682
1484 0.0029537898357102094
1662 0.0005587052342654505
1667 0.0017375477025499064
1957 0.0012691729613983254
2041 0.007735020258920215
2143 0.0006758309323565803
2472 0.000873114324417637
2473 0.000873114324417637
2474 0.000873114324417637
2475 0.0007384474589275524
2476 0.000873114324417637
2477 0.00611180027092346
2478 0.0014063673198036752
2479 0.0031525959686389492
2480 0.0007881489921597373
2481 0.0028127346396073505
2482 0.0006758309323565803
2483 0.0005587052342654505
2484 0.0007881489921597373
2485 0.0005332529953860384
2486 0.0006758309323565803
2487 0.0007384474589275524
2488 0.0007384474589275524
2489 0.0007384474589275524