0 0.00019243773886705868
1 0.0001309668193588762
2 0.00017273030805218352
5 0.0002365665368606119
6 0.0002400196965770493
7 0.000233207996263883
13 0.00003247887358452463
26 0.0002468679904672833
34 0.000043438765255019996
36 0.00012444579405299303
37 0.00020975981940966445
38 0.000005801646248097621
39 0.000009267556912609724
40 0.000015010431483387899
41 0.000018566402687180508
42 0.00010288760611871043
43 0.000020607687896278735
45 0.0003894636368882597
46 0.0001834307973068906
47 0.00018056511846585937
48 0.000526174652300625
49 0.00008324134787818645
56 0.00006477729821638932
63 0.00000567829780156086
65 0.00001773141897136357
66 0.00018628059697440975
67 0.00004203784642398019
71 0.00012561808978093188
82 0.000849723818298602
84 0.0008523518488894304
88 0.00024872719512041187
89 0.00009505729945367397
100 0.00015297081732618925
110 0.000505900267840781
112 0.0007031836599018376
115 0.0004119757166161532
124 0.0001988555649537063
125 0.0002682511308492756
131 0.0004092519030008361
132 0.0007971722597919076
151 0.0003359696033249817
159 0.0007107346856717773
165 0.00022550415909059743
171 0.0002737223581753738
173 0.0005411640668664958
186 0.00025254616640991854
212 0.00040116683707882124
245 0.000181970089392662
250 0.0011137002070520895
252 0.000549621148441263
253 0.0002472323099654942
255 0.00034546061610436703
263 0.0002338723830583595
275 0.0004120699366150429
277 0.0004982522556831122
292 0.0002914849877710017
304 0.0005211214476182807
310 0.00016226697770759457
311 0.0004887683798320584
315 0.0004785475402955236
357 0.0003438806748054391
374 0.000505900267840781
376 0.00034065472379816113
377 0.0006376754306325182
441 0.0006877613496108782
445 0.0009249446902520878
464 0.000393582208037624
497 0.0005305322565268504
520 0.0003237921753424907
551 0.0002832412727662006
596 0.00043049138832493966
648 0.0003201773905469762
664 0.0013685962038257882
666 0.00032568748957397626
671 0.0002597352724507996
769 0.0009123974692171921
794 0.0037327709677022693
832 0.00048355146215385347
843 0.003172932403495814
960 0.0005411640668664958
972 0.0006534821266696528
1117 0.0005332529953860384
1123 0.0013516618647131605
1141 0.00041790813825628515
1310 0.0018166116543511955
1475 0.0006534821266696528
1510 0.0006345864806991627
1594 0.001648863445323789
1636 0.0004603543550640608
1719 0.0007031836599018376
1759 0.0006037805934374678
1971 0.000618218327643938
2009 0.0006037805934374678
2033 0.0005908656000986806
2038 0.0007384474589275524
2091 0.000618218327643938
2177 0.0007031836599018376
2199 0.0004785475402955236
2490 0.002619342973252911
2491 0.0005332529953860384
2492 0.000618218327643938
2493 0.000873114324417637
2494 0.003492457297670548
2495 0.0007881489921597373
2496 0.000873114324417637
2497 0.000424038368775366
2498 0.0007881489921597373
2499 0.0006037805934374678
2500 0.000873114324417637
2501 0.005517042945118162
2502 0.0007881489921597373
2503 0.000873114324417637
2504 0.0073844745892755245
2505 0.00886136950713063
2506 0.000873114324417637
2507 0.0012075611868749357
2508 0.0006345864806991627
2509 0.0006534821266696528
2510 0.000873114324417637
2511 0.0007881489921597373
2512 0.00457437488668757
2513 0.0006345864806991627
2514 0.0007881489921597373
2515 0.000873114324417637
2516 0.0007384474589275524
2517 0.0007881489921597373
2518 0.0007881489921597373
2519 0.002619342973252911
2520 0.001746228648835274
2521 0.0007881489921597373
2522 0.000873114324417637
2523 0.000873114324417637
2524 0.000873114324417637
2525 0.0007881489921597373