1 0.0001309668193588762
13 0.000012991549433809848
16 0.00007545831652538253
26 0.00012343399523364164
33 0.00011331060825040136
34 0.000043438765255019996
38 0.000005801646248097621
39 0.000009267556912609724
40 0.000015010431483387899
41 0.000011139841612308305
43 0.00002472922547553448
51 0.00009373554768150506
52 0.00014497369525357328
63 0.0000037855318677072396
64 0.00018731984297588175
65 0.00001773141897136357
67 0.00004203784642398019
72 0.00035285287846540845
82 0.0002832412727662006
84 0.0002130879622223576
87 0.000756625071151194
89 0.00009505729945367397
107 0.0002049311356991152
124 0.00009942778247685315
250 0.0003712334023506965
261 0.0007016171491750785
468 0.0003136207976380542
666 0.00032568748957397626
735 0.0005791825675166354
852 0.0003887745697496512
1693 0.0005908656000986806