0 0.00019243773886705868
1 0.0001309668193588762
2 0.00017273030805218352
3 0.00037969048392546374
4 0.00035233775638020634
5 0.0002365665368606119
6 0.0002400196965770493
7 0.000233207996263883
8 0.00028224872431895635
9 0.00017041626586836213
13 0.000025983098867619697
16 0.00007545831652538253
20 0.0002464916487181342
21 0.0001430533573344265
22 0.0001341735889149772
34 0.00008687753051003999
36 0.00004148193135099767
37 0.0004195196388193289
38 0.000011603292496195242
39 0.000009267556912609724
40 0.000015010431483387899
41 0.000018566402687180508
42 0.00010288760611871043
43 0.000020607687896278735
44 0.00013635553537529827
45 0.0005192848491843463
46 0.0001834307973068906
47 0.00018056511846585937
48 0.00013154366307515625
49 0.00012486202181727967
51 0.00004686777384075253
52 0.00028994739050714656
55 0.00009700475713476236
58 0.0005491700750215032
59 0.00040158610568973463
60 0.0002572917550567303
61 0.00035285287846540845
63 0.0000037855318677072396
66 0.00009314029848720488
67 0.00004203784642398019
82 0.000849723818298602
85 0.0007307188851000811
91 0.0005188152611795682
114 0.00021141259586679695
124 0.00009942778247685315
144 0.0001691423720016671
146 0.000264773477364449
193 0.0002936355528176933
196 0.0003351616683040378
245 0.000363940178785324
264 0.00042171838115391097
307 0.00022550415909059743
310 0.00048680093312278375
439 0.0003314569809760339
490 0.0008676998578433372
491 0.001244373218891155
492 0.00303752387140371
493 0.00046908078101438134
494 0.00039064417040638865
495 0.0007507780456123224
496 0.0002464916487181342
497 0.00017684408550895013
498 0.0003558910215031841
499 0.000618218327643938
500 0.001903759442097488
501 0.0006758309323565803
502 0.001746228648835274
503 0.0007881489921597373
504 0.0007384474589275524
505 0.0006719392066499634
506 0.0005983661268631681
507 0.00027274170858643915
508 0.0002682511308492756
509 0.000873114324417637
510 0.0005685167944117531
511 0.0005908656000986806
512 0.00031751252334467103