0 0.00019243773886705868
1 0.0001309668193588762
2 0.00017273030805218352
5 0.0002365665368606119
6 0.0002400196965770493
7 0.000233207996263883
8 0.00028224872431895635
13 0.00003247887358452463
14 0.00025254616640991854
26 0.0002468679904672833
33 0.00011331060825040136
34 0.000043438765255019996
36 0.00016592772540399069
38 0.000011603292496195242
39 0.000013901335368914586
40 0.000012008345186710319
41 0.000018566402687180508
42 0.000051443803059355216
43 0.00002885076305479023
45 0.00012982121229608657
46 0.00013757309798016797
47 0.00022570639808232424
49 0.00012486202181727967
52 0.00028994739050714656
56 0.00006477729821638932
58 0.0013729251875537582
59 0.0008031722113794693
60 0.0002572917550567303
63 0.00000567829780156086
64 0.00018731984297588175
65 0.00005319425691409072
66 0.00018628059697440975
67 0.00004203784642398019
85 0.00024357296170002702
97 0.00023454039050719067
102 0.0010132977951707645
107 0.0004098622713982304
115 0.0012359271498484598
118 0.003934270900924279
122 0.00036834169965234924
123 0.000188234616351904
131 0.0004092519030008361
138 0.0003775208863403447
150 0.00035621126149020904
154 0.0003314569809760339
165 0.00022550415909059743
171 0.0001368611790876869
180 0.00005682431219851005
196 0.0005027425024560568
214 0.0008209797243358649
221 0.002793526171327253
222 0.0003841483956894837
245 0.000181970089392662
251 0.00022002825322499402
255 0.0005181909241565506
263 0.000467744766116719
267 0.0005567139972246788
272 0.0004737399020075509
277 0.00039860180454648976
286 0.0001987752449196317
287 0.0005162017214474523
294 0.0031886890391676303
304 0.00026056072380914035
307 0.00022550415909059743
319 0.00045619873460859607
320 0.003241976668343205
321 0.00048355146215385347
352 0.0002958245228348551
353 0.0003753890228061612
356 0.00650395522202258
360 0.00038678333270887957
361 0.0006758309323565803
368 0.00018686500362842702
406 0.000505900267840781
413 0.00024142866684252312
452 0.0002764565099464942
457 0.0002936355528176933
471 0.00045619873460859607
490 0.0004338499289216686
491 0.0006221866094455775
497 0.00017684408550895013
514 0.00043049138832493966
520 0.0003237921753424907
539 0.00045217938883475555
546 0.0004120699366150429
549 0.00040380304757415875
551 0.0002832412727662006
638 0.00040116683707882124
662 0.0004408563537610837
669 0.00012589385831905585
690 0.0004942172352587358
693 0.016278457998051204
746 0.0007344281131537118
767 0.0011583651350332708
770 0.0004785475402955236
779 0.00030263622314802144
826 0.0004272224195725296
866 0.0004272224195725296
881 0.0006037805934374678
899 0.0008965753262562775
988 0.00041790813825628515
1057 0.0004338499289216686
1078 0.0004408563537610837
1247 0.00046465581618336337
1271 0.0003652527497189936
1310 0.002543256316091674
1331 0.000549621148441263
1368 0.0009043587776695111
1383 0.0005685167944117531
1416 0.0005411640668664958
1472 0.00043730308863810597
1486 0.0013939674485500902
1492 0.0014768949178551047
1493 0.0006534821266696528
1655 0.0005791825675166354
1843 0.000393582208037624
2212 0.00632865293911654
2485 0.0010665059907720767
2534 0.0006534821266696528
2535 0.0005332529953860384
2536 0.001746228648835274
2537 0.0024151223737498713
2538 0.0007881489921597373
2539 0.0007881489921597373
2540 0.001236436655287876
2541 0.0007384474589275524
2542 0.0006534821266696528
2543 0.000873114324417637
2544 0.003411100766470519
2545 0.000873114324417637