0 0.00019243773886705868
1 0.0001309668193588762
2 0.00017273030805218352
5 0.0002365665368606119
6 0.0002400196965770493
7 0.000233207996263883
13 0.000019487324150714776
26 0.00012343399523364164
34 0.00008687753051003999
38 0.000005801646248097621
39 0.000004633778456304862
40 0.000006004172593355159
41 0.000007426561074872202
43 0.000004121537579255747
49 0.000041620673939093223
52 0.00014497369525357328
55 0.00009700475713476236
56 0.00006477729821638932
63 0.0000037855318677072396
65 0.00001773141897136357
66 0.00009314029848720488
72 0.00035285287846540845
89 0.00009505729945367397
97 0.00023454039050719067
177 0.0004548036138081369
287 0.00025810086072372616
411 0.00022304017535425432
468 0.0009408623929141627
484 0.00043049138832493966
485 0.0007384474589275524
641 0.000393582208037624
774 0.000618218327643938
1084 0.00036920725599727517
1325 0.0006247010738160577
2115 0.0012075611868749357
2230 0.0007384474589275524
2546 0.0007881489921597373
2547 0.000873114324417637
2548 0.000873114324417637
2549 0.000873114324417637
2550 0.000873114324417637
2551 0.000873114324417637
2552 0.000873114324417637
2553 0.000873114324417637
2554 0.001746228648835274
2555 0.0007031836599018376
2556 0.000873114324417637
2557 0.000873114324417637
2558 0.000873114324417637
2559 0.000873114324417637
2560 0.000873114324417637
2561 0.000873114324417637
2562 0.000873114324417637
2563 0.000873114324417637
2564 0.000873114324417637
2565 0.000873114324417637
2566 0.000873114324417637
2567 0.000873114324417637
2568 0.0007881489921597373