1 0.0002619336387177524
9 0.00017041626586836213
13 0.000012991549433809848
16 0.00022637494957614764
19 0.00013212323419503196
34 0.000043438765255019996
35 0.0003887745697496512
36 0.00016592772540399069
37 0.0010487990970483223
38 0.000005801646248097621
39 0.000018535113825219447
40 0.00000900625889003274
41 0.000011139841612308305
42 0.000051443803059355216
43 0.00001236461273776724
44 0.00013635553537529827
45 0.00012982121229608657
46 0.0000917153986534453
47 0.00009028255923292969
52 0.00014497369525357328
55 0.0005820285428085743
56 0.00006477729821638932
60 0.0002572917550567303
61 0.00035285287846540845
63 0.00000567829780156086
64 0.00018731984297588175
67 0.00004203784642398019
72 0.0012349850746289296
75 0.0036174351106780444
82 0.0011329650910648025
87 0.0011349376067267911
118 0.00030263622314802144
124 0.0001988555649537063
177 0.00015160120460271228
180 0.0001136486243970201
197 0.0005808473810965232
210 0.0003201773905469762
251 0.00022002825322499402
260 0.0003818991754555788
277 0.00009965045113662244
310 0.00032453395541518913
350 0.000499919615209078
412 0.00028729384230050906
439 0.0013258279239041356
441 0.0003438806748054391
468 0.0009408623929141627
555 0.0002457554359134993
691 0.0003038092374917516
813 0.002703323729426321
875 0.0003841483956894837
879 0.0002958245228348551
898 0.0003014743275909555
979 0.0004338499289216686
1029 0.0007117482910364039
1058 0.00044828766312813873
1124 0.0007881489921597373
1315 0.00044828766312813873
1794 0.0006534821266696528
1843 0.000393582208037624
1894 0.001648863445323789
1917 0.0007384474589275524
2111 0.0007384474589275524
2569 0.002619342973252911
2570 0.0006345864806991627
2571 0.000873114324417637