0 0.00019243773886705868
1 0.0001309668193588762
2 0.00017273030805218352
5 0.0002365665368606119
6 0.0002400196965770493
7 0.000233207996263883
8 0.00028224872431895635
13 0.000045470423018334476
16 0.00015091663305076506
20 0.0007394749461544028
34 0.00013031629576506
36 0.00012444579405299303
38 0.000008702469372146433
39 0.000013901335368914586
40 0.000015010431483387899
41 0.00003341952483692492
42 0.00010288760611871043
43 0.000020607687896278735
45 0.00012982121229608657
46 0.00013757309798016797
47 0.00022570639808232424
48 0.00013154366307515625
49 0.00008324134787818645
51 0.00004686777384075253
52 0.0004349210857607199
58 0.0010983401500430064
59 0.000602379158534602
60 0.0002572917550567303
61 0.00035285287846540845
63 0.0000018927659338536198
64 0.00018731984297588175
65 0.00005319425691409072
66 0.0003725611939488195
67 0.00004203784642398019
71 0.00012561808978093188
81 0.0010944425511864426
84 0.0008523518488894304
85 0.0007307188851000811
100 0.00015297081732618925
105 0.0003314569809760339
110 0.000505900267840781
123 0.000188234616351904
130 0.00027274170858643915
160 0.00018023749427928805
171 0.0001368611790876869
176 0.00033751149866781817
196 0.0003351616683040378
219 0.01042528621529944
251 0.00022002825322499402
255 0.00034546061610436703
267 0.0008350709958370184
277 0.00019930090227324488
279 0.00022929556638299245
286 0.0001987752449196317
307 0.00022550415909059743
352 0.0002958245228348551
353 0.0011261670684184837
411 0.00044608035070850863
437 0.0006430637382370231
468 0.0003136207976380542
479 0.0010376305223591363
497 0.00017684408550895013
520 0.00016189608767124534
531 0.000618218327643938
550 0.00025332444879269114
551 0.0002832412727662006
572 0.00033907303651746636
588 0.0007031836599018376
642 0.0003887745697496512
664 0.00045619873460859607
691 0.0003038092374917516
717 0.000393582208037624
765 0.0005332529953860384
771 0.0005258216860189834
786 0.00040380304757415875
815 0.0004737399020075509
858 0.0002457554359134993
915 0.0006458029636839771
980 0.0007266446617404781
1062 0.00025810086072372616
1084 0.00036920725599727517
1396 0.00036920725599727517
1410 0.0005685167944117531
1416 0.0005411640668664958
1436 0.0019342058486154139
1566 0.0007384474589275524
1667 0.0005791825675166354
1742 0.000999839230418156
1920 0.0019604463800089586
2015 0.000499919615209078
2298 0.0007384474589275524
2427 0.0021330119815441534
2572 0.003940744960798687
2573 0.000873114324417637
2574 0.0005791825675166354
2575 0.000873114324417637
2576 0.0007031836599018376
2577 0.0006758309323565803
2578 0.011815159342840838
2579 0.0007031836599018376
2580 0.0006758309323565803
2581 0.0007031836599018376
2582 0.0007881489921597373