9 0.00013633301269468968
13 0.00003247887358452463
14 0.0007576384992297557
15 0.000769463865116443
16 0.00015091663305076506
20 0.0004929832974362684
29 0.00026649997158873667
30 0.0008873060453823461
33 0.00011331060825040136
34 0.00008687753051003999
36 0.00012444579405299303
38 0.000008702469372146433
39 0.000013901335368914586
40 0.00000900625889003274
41 0.000007426561074872202
42 0.00010288760611871043
43 0.000004121537579255747
44 0.00006817776768764914
45 0.00012982121229608657
46 0.0000917153986534453
47 0.00009028255923292969
49 0.000041620673939093223
52 0.00014497369525357328
61 0.00017642643923270423
63 0.0000037855318677072396
66 0.00009314029848720488
67 0.00004203784642398019
68 0.0008744549633130053
81 0.00036481418372881415
89 0.00019011459890734794
100 0.0003059416346523785
102 0.00025332444879269114
127 0.0012537244147688554
130 0.00027274170858643915
146 0.000264773477364449
159 0.000533051014253833
180 0.00005682431219851005
187 0.0015997589861581152
198 0.0004691137279473833
253 0.0004944646199309884
277 0.00009965045113662244
353 0.0003753890228061612
411 0.00044608035070850863
468 0.0012544831905522168
538 0.0002852508106156339
633 0.00040649720137641123
649 0.0003960586369806884
772 0.0010389410898031983
826 0.0008544448391450592
859 0.001772596800296042
1087 0.0006037805934374678
1300 0.000505900267840781
1328 0.0014164060573678956
1436 0.0009671029243077069
1506 0.0006534821266696528
1636 0.0009207087101281216
1742 0.000999839230418156
1894 0.002198484593765052
2434 0.008669638913757112
2532 0.0007384474589275524
2583 0.005238685946505822
2584 0.000873114324417637