0 0.00019243773886705868
1 0.0001309668193588762
2 0.00017273030805218352
5 0.0002365665368606119
6 0.0002400196965770493
7 0.000233207996263883
13 0.000025983098867619697
16 0.00007545831652538253
26 0.00012343399523364164
30 0.00022182651134558653
34 0.00008687753051003999
38 0.000008702469372146433
39 0.000013901335368914586
40 0.000012008345186710319
41 0.000011139841612308305
42 0.000051443803059355216
43 0.000020607687896278735
46 0.00027514619596033594
47 0.00022570639808232424
49 0.000041620673939093223
52 0.00014497369525357328
61 0.00035285287846540845
63 0.00000567829780156086
64 0.00018731984297588175
66 0.00018628059697440975
67 0.00004203784642398019
68 0.0002914849877710017
85 0.00024357296170002702
89 0.00019011459890734794
102 0.00025332444879269114
113 0.00011133348371866765
124 0.00009942778247685315
130 0.00027274170858643915
171 0.0001368611790876869
310 0.00032453395541518913
411 0.00022304017535425432
413 0.00024142866684252312
464 0.000393582208037624
490 0.0008676998578433372
491 0.0006221866094455775
492 0.0022781429035527824
507 0.00027274170858643915
508 0.0002682511308492756
512 0.00031751252334467103
573 0.0001652752038556845
609 0.00043730308863810597
669 0.00012589385831905585
682 0.0011261670684184837
709 0.00027274170858643915
772 0.0002597352724507996
868 0.0002709256892452844
1024 0.000505900267840781
1636 0.0004603543550640608
1910 0.0010376305223591363
2014 0.0003438806748054391
2115 0.0006037805934374678
2346 0.00044828766312813873
2627 0.0005411640668664958
2628 0.0007384474589275524
2629 0.0006345864806991627
2630 0.0007384474589275524