0 0.00019243773886705868
1 0.0001309668193588762
2 0.00017273030805218352
3 0.00037969048392546374
4 0.00035233775638020634
5 0.0002365665368606119
6 0.0002400196965770493
7 0.000233207996263883
8 0.00028224872431895635
9 0.00017041626586836213
13 0.000019487324150714776
20 0.0004929832974362684
21 0.0001430533573344265
26 0.00012343399523364164
29 0.00026649997158873667
34 0.00008687753051003999
36 0.00004148193135099767
38 0.000008702469372146433
39 0.000004633778456304862
40 0.000012008345186710319
41 0.000014853122149744404
42 0.000051443803059355216
43 0.00002472922547553448
45 0.00025964242459217314
49 0.000041620673939093223
51 0.00004686777384075253
52 0.00028994739050714656
58 0.0002745850375107516
59 0.000602379158534602
60 0.0002572917550567303
61 0.00035285287846540845
63 0.0000037855318677072396
64 0.00018731984297588175
67 0.00004203784642398019
68 0.0008744549633130053
85 0.0007307188851000811
89 0.00009505729945367397
91 0.0010376305223591363
105 0.0006629139619520678
114 0.00021141259586679695
118 0.0009079086694440643
123 0.000188234616351904
130 0.00027274170858643915
146 0.000264773477364449
171 0.0001368611790876869
245 0.000363940178785324
310 0.00032453395541518913
401 0.000543302192065155
411 0.00044608035070850863
439 0.0033145698097603394
445 0.00023123617256302196
483 0.000618218327643938
487 0.001291474164974819
491 0.0021776531330595216
492 0.0022781429035527824
496 0.0002464916487181342
499 0.000618218327643938
505 0.0006719392066499634
506 0.0005983661268631681
508 0.002950762439342032
510 0.0005685167944117531
868 0.0002709256892452844
967 0.0005791825675166354
1024 0.000505900267840781
1062 0.00025810086072372616
1070 0.0007082030286839478
1263 0.0005188152611795682
1391 0.0006534821266696528
1395 0.0001739500102896398
1442 0.0004338499289216686
1548 0.0003985861298959538
2365 0.0007031836599018376
2631 0.0012362098098451287
2632 0.0006345864806991627
2633 0.000873114324417637
2634 0.0007384474589275524