0 0.00019243773886705868
1 0.0001309668193588762
2 0.00017273030805218352
4 0.00035233775638020634
5 0.0002365665368606119
6 0.0002400196965770493
8 0.00028224872431895635
9 0.00023858277221570697
13 0.000025983098867619697
16 0.00015091663305076506
20 0.0004929832974362684
21 0.000572213429337706
34 0.000043438765255019996
36 0.00016592772540399069
38 0.000011603292496195242
39 0.000013901335368914586
40 0.00002101460407674306
41 0.000025992963762052712
42 0.00010288760611871043
43 0.00002885076305479023
44 0.00013635553537529827
45 0.0003894636368882597
46 0.00022928849663361327
47 0.00022570639808232424
48 0.00013154366307515625
49 0.00012486202181727967
51 0.00004686777384075253
52 0.00014497369525357328
55 0.00019400951426952473
56 0.00012955459643277864
57 0.0002501368139214302
59 0.00020079305284486732
61 0.00035285287846540845
63 0.0000037855318677072396
66 0.00009314029848720488
67 0.00004203784642398019
69 0.00023724943034546792
71 0.00012561808978093188
76 0.0001335842653591911
82 0.000849723818298602
85 0.0007307188851000811
89 0.00028517189836102194
95 0.0004272224195725296
105 0.0003314569809760339
110 0.000505900267840781
118 0.0018158173388881287
180 0.00005682431219851005
183 0.0002081290317624025
193 0.0008809066584530799
196 0.0005027425024560568
197 0.0002904236905482616
245 0.000363940178785324
286 0.0003975504898392634
287 0.0007743025821711785
307 0.00022550415909059743
309 0.0006006466840248042
357 0.0003438806748054391
359 0.0005258216860189834
391 0.0011096122844998333
475 0.0022901445607423744
495 0.0003753890228061612
506 0.0008975491902947523
507 0.00027274170858643915
508 0.0002682511308492756
538 0.0005705016212312678
557 0.000424038368775366
580 0.0004408563537610837
593 0.0006037805934374678
595 0.00044451570202655086
598 0.006704462811185407
646 0.0003712334023506965
670 0.0003329428059983855
671 0.0002597352724507996
725 0.003267410633348264
726 0.002234820937061802
765 0.0010665059907720767
769 0.0022809936730429805
782 0.00036142184220439385
786 0.004038030475741588
788 0.0004149542829511784
895 0.0005332529953860384
1089 0.0006758309323565803
1093 0.00036920725599727517
1095 0.0004120699366150429
1668 0.0005685167944117531
1753 0.00043730308863810597
1843 0.000393582208037624
2220 0.0007881489921597373
2492 0.0018546549829318141
2635 0.0007881489921597373
2636 0.0008890314040531017
2637 0.00043049138832493966
2638 0.0005332529953860384
2639 0.000873114324417637
2640 0.00043730308863810597
2641 0.003492457297670548
2642 0.000873114324417637
2643 0.0007881489921597373
2644 0.001746228648835274
2645 0.001746228648835274
2646 0.000873114324417637
2647 0.000873114324417637