13 0.000025983098867619697
16 0.00007545831652538253
26 0.00012343399523364164
34 0.00008687753051003999
35 0.0003887745697496512
36 0.00012444579405299303
38 0.000008702469372146433
39 0.000013901335368914586
40 0.000015010431483387899
41 0.000014853122149744404
42 0.000051443803059355216
43 0.000016486150317022987
46 0.00013757309798016797
47 0.00013542383884939454
57 0.0001250684069607151
61 0.00035285287846540845
63 0.00000567829780156086
65 0.00001773141897136357
67 0.00008407569284796038
82 0.0005664825455324013
84 0.0002130879622223576
85 0.00048714592340005404
88 0.00024872719512041187
89 0.00009505729945367397
95 0.0004272224195725296
104 0.00032827690028667443
107 0.0002049311356991152
113 0.00011133348371866765
115 0.0002059878583080766
123 0.000188234616351904
159 0.0001776836714179443
160 0.00018023749427928805
165 0.00045100831818119485
171 0.0001368611790876869
177 0.00015160120460271228
197 0.0002904236905482616
198 0.0056293647353686
204 0.0005258216860189834
214 0.001915619356783685
222 0.0003841483956894837
245 0.000181970089392662
255 0.0005181909241565506
261 0.0002338723830583595
263 0.0002338723830583595
277 0.00029895135340986733
293 0.0003285382939579267
307 0.00022550415909059743
313 0.0004338499289216686
327 0.010693583198478587
360 0.0005801749990633194
379 0.0003438806748054391
410 0.0005685167944117531
430 0.00022365154352182467
437 0.00032153186911851154
490 0.0004338499289216686
538 0.0002852508106156339
580 0.0004408563537610837
590 0.0003672140565768559
591 0.00044451570202655086
594 0.0003438806748054391
642 0.0003887745697496512
658 0.0003841483956894837
715 0.0004092519030008361
752 0.0019342058486154139
759 0.0014308281633773554
760 0.0029682685814275624
823 0.00045217938883475555
841 0.0004338499289216686
869 0.0005188152611795682
920 0.002489725697707071
961 0.0007031836599018376
966 0.007263168045450857
969 0.0013516618647131605
1037 0.0002709256892452844
1073 0.00046465581618336337
1074 0.000618218327643938
1083 0.0006345864806991627
1120 0.0011789006066702562
1129 0.0036922372946377622
1133 0.00048355146215385347
1138 0.0005791825675166354
1251 0.0012691729613983254
1285 0.00036332233087023905
1330 0.0003960586369806884
1376 0.0004942172352587358
1482 0.0028127346396073505
1529 0.0003818991754555788
1551 0.0015365632554912878
1629 0.00043049138832493966
1713 0.0004120699366150429
1892 0.0010516433720379667
1981 0.0014826517057762074
2108 0.0005791825675166354
2156 0.0005332529953860384
2342 0.0005587052342654505
2407 0.0005908656000986806
2416 0.0006534821266696528
2509 0.0006534821266696528
2648 0.004365571622088185
2649 0.003940744960798687
2650 0.0006037805934374678
2651 0.000873114324417637
2652 0.000873114324417637
2653 0.0007031836599018376
2654 0.0009570950805910472
2655 0.0005791825675166354
2656 0.0007881489921597373
2657 0.011350486217429281
2658 0.000873114324417637
2659 0.0007881489921597373
2660 0.0006758309323565803
2661 0.000618218327643938