9 0.00020449951904203455
13 0.00003247887358452463
25 0.006345864806991628
26 0.00012343399523364164
36 0.00012444579405299303
38 0.000005801646248097621
39 0.000018535113825219447
40 0.000015010431483387899
41 0.000018566402687180508
42 0.00020577521223742086
43 0.000016486150317022987
44 0.00020453330306294742
45 0.00012982121229608657
46 0.0001834307973068906
47 0.00018056511846585937
48 0.00013154366307515625
49 0.000041620673939093223
52 0.00014497369525357328
56 0.00019433189464916796
61 0.00017642643923270423
63 0.00000567829780156086
64 0.00018731984297588175
66 0.00009314029848720488
67 0.00012611353927194057
69 0.0007117482910364039
71 0.00037685426934279566
84 0.0002130879622223576
85 0.00048714592340005404
88 0.00024872719512041187
107 0.0002049311356991152
113 0.0002226669674373353
118 0.0006052724462960429
122 0.00018417084982617462
123 0.000188234616351904
139 0.00028224872431895635
150 0.00035621126149020904
158 0.00028424192373937554
171 0.00041058353726306076
176 0.0006750229973356363
196 0.0013406466732161513
220 0.005227857013357222
226 0.0002049311356991152
255 0.00034546061610436703
292 0.0002914849877710017
356 0.00040649720137641123
376 0.00034065472379816113
377 0.0003188377153162591
393 0.0006781460730349327
394 0.0009884344705174716
457 0.0002936355528176933
513 0.002619342973252911
514 0.00043049138832493966
515 0.0005258216860189834
516 0.008438203918822053
517 0.0007031836599018376
518 0.0013069642533393056
519 0.003515918299509189
520 0.0021046491397261895
521 0.004430684753565315
522 0.001746228648835274
523 0.0007384474589275524
524 0.0006345864806991627
525 0.013292054260695945
526 0.011822234882396062
527 0.0005908656000986806
528 0.004430684753565315
529 0.0007881489921597373
530 0.006182183276439381
531 0.001236436655287876
532 0.0024151223737498713
533 0.006699665564137332
534 0.003545193600592084
535 0.0014768949178551047
536 0.000873114324417637
537 0.001980293184903442
538 0.0002852508106156339
539 0.00045217938883475555
540 0.0003471938241542892
541 0.000873114324417637
542 0.000499919615209078
543 0.0007921172739613768
544 0.0004785475402955236
545 0.0007971722597919076
546 0.0008241398732300858
547 0.0007384474589275524
548 0.0005791825675166354
549 0.00040380304757415875
550 0.00025332444879269114
551 0.0002832412727662006
552 0.00048355146215385347
553 0.0006345864806991627
554 0.0007971722597919076
555 0.0002457554359134993