0 0.00019243773886705868
1 0.0002619336387177524
2 0.00017273030805218352
5 0.0002365665368606119
6 0.0002400196965770493
7 0.000233207996263883
8 0.00028224872431895635
13 0.000019487324150714776
14 0.00025254616640991854
15 0.0002564879550388143
24 0.010801819093823311
26 0.00012343399523364164
27 0.00033751149866781817
34 0.00008687753051003999
36 0.00024889158810598606
38 0.000005801646248097621
39 0.000004633778456304862
40 0.00000900625889003274
41 0.000007426561074872202
42 0.00010288760611871043
43 0.000016486150317022987
45 0.00012982121229608657
47 0.00004514127961646484
49 0.00008324134787818645
52 0.00028994739050714656
58 0.0010983401500430064
59 0.000602379158534602
60 0.0002572917550567303
61 0.00035285287846540845
63 0.00000567829780156086
64 0.00018731984297588175
65 0.00001773141897136357
84 0.0002130879622223576
89 0.00009505729945367397
113 0.0002226669674373353
118 0.0030263622314802147
122 0.00018417084982617462
138 0.0003775208863403447
143 0.00032998895069327885
149 0.0007465872063479684
158 0.00028424192373937554
165 0.0011275207954529872
171 0.0001368611790876869
186 0.00025254616640991854
197 0.0002904236905482616
237 0.0014235640860127364
263 0.0007016171491750785
277 0.00019930090227324488
283 0.00041790813825628515
292 0.0002914849877710017
305 0.0007031836599018376
307 0.00022550415909059743
324 0.0018769451140308064
357 0.0003438806748054391
360 0.00019339166635443979
367 0.0002673724241223067
492 0.00037969048392546374
493 0.00046908078101438134
494 0.00039064417040638865
508 0.0026825113084927564
512 0.0006350250466893421
520 0.00016189608767124534
538 0.0005705016212312678
609 0.0034984247091048477
671 0.0002597352724507996
682 0.0003753890228061612
708 0.00035955036976865123
746 0.0003672140565768559
823 0.0009043587776695111
825 0.000505900267840781
858 0.0012287771795674966
891 0.0004785475402955236
899 0.00044828766312813873
1001 0.00030739717354226806
1069 0.0006534821266696528
1120 0.0011789006066702562
1142 0.0005188152611795682
1285 0.0014532893234809562
1371 0.0012691729613983254
1374 0.007035132869264445
1417 0.0007823096410577976
1496 0.0006758309323565803
1925 0.0006758309323565803
2129 0.0005188152611795682
2163 0.0010823281337329915
2180 0.0005908656000986806
2346 0.00044828766312813873
2420 0.0007881489921597373
2487 0.0007384474589275524
2662 0.002619342973252911
2663 0.0007384474589275524
2664 0.0007031836599018376
2665 0.0013069642533393056
2666 0.0007384474589275524
2667 0.002619342973252911
2668 0.000873114324417637
2669 0.000873114324417637
2670 0.0007384474589275524
2671 0.000873114324417637
2672 0.000873114324417637
2673 0.003492457297670548
2674 0.003492457297670548
2675 0.000873114324417637
2676 0.003492457297670548
2677 0.001746228648835274
2678 0.000873114324417637