9 0.00013633301269468968
13 0.000006495774716904924
16 0.00007545831652538253
19 0.0002642464683900639
34 0.00017375506102007999
36 0.00012444579405299303
37 0.0008390392776386578
38 0.000005801646248097621
39 0.000009267556912609724
40 0.00000900625889003274
41 0.000011139841612308305
43 0.000008243075158511493
44 0.00006817776768764914
45 0.00012982121229608657
46 0.00027514619596033594
47 0.00036113023693171874
49 0.0001664826957563729
55 0.00009700475713476236
56 0.00006477729821638932
57 0.0001250684069607151
61 0.00035285287846540845
63 0.0000037855318677072396
64 0.00018731984297588175
66 0.00027942089546161464
67 0.00004203784642398019
72 0.0012349850746289296
73 0.00019291377466338104
76 0.0002671685307183822
81 0.0005472212755932213
82 0.000849723818298602
85 0.00024357296170002702
87 0.0001891562677877985
90 0.000499919615209078
124 0.00009942778247685315
130 0.00027274170858643915
135 0.00029805329448025724
146 0.000264773477364449
171 0.0001368611790876869
179 0.0024689350062377944
180 0.00005682431219851005
279 0.00022929556638299245
289 0.001484933609402786
296 0.0004887683798320584
309 0.0006006466840248042
310 0.0009736018662455675
391 0.0011096122844998333
396 0.00038392708921293077
401 0.000543302192065155
403 0.0016761157027963517
438 0.002516852588380559
452 0.0002764565099464942
496 0.0002464916487181342
613 0.0002597352724507996
662 0.0004408563537610837
669 0.00012589385831905585
803 0.0002597352724507996
902 0.0003753890228061612
1015 0.0005685167944117531
1034 0.00034065472379816113
1057 0.0004338499289216686
1448 0.0004603543550640608
1781 0.0005644974486379127
2679 0.001746228648835274
2680 0.000873114324417637
2681 0.000873114324417637
2682 0.000873114324417637
2683 0.000873114324417637
2684 0.018335400812770377
2685 0.010477371893011645
2686 0.000873114324417637
2687 0.000873114324417637
2688 0.0006758309323565803
2689 0.000873114324417637
2690 0.002619342973252911
2691 0.002619342973252911
2692 0.002619342973252911
2693 0.0012721151063260982
2694 0.001746228648835274