9 0.00017041626586836213
13 0.000012991549433809848
16 0.00015091663305076506
21 0.0004291600720032795
28 0.0005066488975853823
33 0.00022662121650080273
34 0.000043438765255019996
37 0.00020975981940966445
38 0.000005801646248097621
39 0.000027802670737829172
40 0.00002101460407674306
41 0.000003713280537436101
42 0.00015433140917806565
43 0.000016486150317022987
45 0.0006491060614804328
46 0.0000917153986534453
47 0.00009028255923292969
51 0.00023433886920376268
52 0.00014497369525357328
55 0.00009700475713476236
56 0.00006477729821638932
57 0.0002501368139214302
63 0.0000037855318677072396
64 0.00018731984297588175
67 0.00016815138569592077
71 0.00012561808978093188
72 0.0014114115138616338
74 0.00030499358548289365
89 0.00019011459890734794
102 0.0005066488975853823
107 0.0002049311356991152
118 0.0006052724462960429
122 0.0005525125494785239
135 0.0014902664724012863
136 0.0002925555540824451
149 0.0003732936031739842
158 0.0005684838474787511
159 0.0001776836714179443
165 0.00022550415909059743
179 0.0024689350062377944
180 0.00005682431219851005
196 0.0001675808341520189
198 0.0004691137279473833
250 0.0003712334023506965
251 0.00022002825322499402
255 0.00034546061610436703
263 0.0002338723830583595
264 0.00021085919057695548
277 0.00039860180454648976
293 0.0003285382939579267
300 0.0004120699366150429
309 0.0006006466840248042
310 0.0008113348885379729
393 0.00033907303651746636
399 0.0002969338431976791
404 0.003807518884194976
416 0.00248874643778231
475 0.0022901445607423744
486 0.00043730308863810597
493 0.00046908078101438134
494 0.0007812883408127773
500 0.0025383459227966507
538 0.0002852508106156339
545 0.0003985861298959538
550 0.00025332444879269114
552 0.0019342058486154139
555 0.0002457554359134993
587 0.0004942172352587358
596 0.00043049138832493966
703 0.0008588042102783905
749 0.0009207087101281216
765 0.0031995179723162304
791 0.0006758309323565803
826 0.0004272224195725296
871 0.0003960586369806884
876 0.0007823096410577976
897 0.0005587052342654505
898 0.000602948655181911
906 0.0023634624003947224
912 0.0005685167944117531
1062 0.0005162017214474523
1067 0.0004408563537610837
1475 0.0006534821266696528
1552 0.0007881489921597373
1671 0.0038473480390888415
1796 0.0006037805934374678
2213 0.00044451570202655086
2319 0.000549621148441263
2464 0.001772596800296042
2631 0.0016482797464601716
2636 0.003556125616212407
2637 0.00043049138832493966
2654 0.0004785475402955236
2695 0.003492457297670548
2696 0.0007384474589275524
2697 0.00040116683707882124
2698 0.000873114324417637
2699 0.000873114324417637
2700 0.00040380304757415875
2701 0.0004603543550640608
2702 0.00046465581618336337
2703 0.00045217938883475555
2704 0.0007881489921597373
2705 0.0012691729613983254