9 0.00020449951904203455
12 0.0005129759100776286
13 0.000012991549433809848
14 0.00025254616640991854
15 0.0002564879550388143
17 0.00018869457585405535
19 0.0005284929367801278
21 0.0001430533573344265
23 0.00022801868959232616
26 0.00012343399523364164
33 0.00011331060825040136
34 0.00008687753051003999
36 0.00008296386270199534
37 0.0004195196388193289
38 0.000008702469372146433
39 0.000009267556912609724
40 0.00002101460407674306
41 0.00002227968322461661
42 0.00010288760611871043
43 0.000016486150317022987
44 0.00013635553537529827
45 0.00025964242459217314
46 0.0003210038952870586
47 0.00031598895731525394
48 0.00013154366307515625
49 0.00012486202181727967
51 0.00009373554768150506
52 0.00014497369525357328
55 0.00009700475713476236
56 0.00006477729821638932
57 0.0001250684069607151
61 0.00035285287846540845
63 0.0000037855318677072396
64 0.00018731984297588175
66 0.00018628059697440975
78 0.002842583972058766
81 0.00036481418372881415
84 0.0004261759244447152
85 0.00048714592340005404
99 0.0009813138130714298
102 0.00025332444879269114
113 0.00011133348371866765
118 0.0033289984546282358
124 0.00009942778247685315
136 0.0023404444326595606
144 0.0006765694880066684
159 0.0003553673428358886
171 0.0001368611790876869
180 0.00005682431219851005
192 0.0003242865707429365
222 0.0003841483956894837
230 0.0005916490456697102
270 0.001438201479074605
271 0.0005983661268631681
274 0.00983863111169957
279 0.00022929556638299245
288 0.00045603737918465233
309 0.0006006466840248042
350 0.0029995176912544688
357 0.0013755226992217563
360 0.00019339166635443979
393 0.0006781460730349327
394 0.0024710861762936792
412 0.00028729384230050906
461 0.0003985861298959538
468 0.0003136207976380542
479 0.0020752610447182726
497 0.0008842204275447508
534 0.0005908656000986806
669 0.0002517877166381117
751 0.002762126130384365
753 0.0002783569986123394
788 0.0004149542829511784
823 0.0022608969441737783
915 0.00032290148184198857
980 0.00036332233087023905
1001 0.00030739717354226806
1060 0.0002852508106156339
1397 0.0033634490095331275
1417 0.0003911548205288988
1769 0.0014997588456272344
2085 0.0003672140565768559
2390 0.0013069642533393056
2718 0.0063051919372778984
2719 0.005238685946505822
2720 0.0036922372946377622
2721 0.003940744960798687
2722 0.00041790813825628515
2723 0.0015762979843194746
2724 0.000873114324417637
2725 0.000873114324417637