0 0.00019243773886705868
1 0.0001309668193588762
2 0.00017273030805218352
7 0.000233207996263883
13 0.000025983098867619697
16 0.0006791248487284429
17 0.0018869457585405536
23 0.00022801868959232616
24 0.0005685167944117531
27 0.00033751149866781817
38 0.000011603292496195242
39 0.000009267556912609724
40 0.000012008345186710319
41 0.000011139841612308305
42 0.00010288760611871043
43 0.00001236461273776724
45 0.00025964242459217314
46 0.00027514619596033594
47 0.00036113023693171874
48 0.0002630873261503125
49 0.000041620673939093223
51 0.00004686777384075253
52 0.00014497369525357328
56 0.00006477729821638932
58 0.0008237551125322549
59 0.000602379158534602
61 0.00017642643923270423
63 0.00000567829780156086
64 0.00018731984297588175
65 0.00001773141897136357
67 0.00004203784642398019
89 0.00019011459890734794
118 0.0006052724462960429
139 0.00028224872431895635
150 0.00017810563074510452
171 0.00041058353726306076
176 0.00033751149866781817
192 0.0003242865707429365
236 0.0025609387591521465
243 0.000264773477364449
249 0.0027050776189419864
277 0.00009965045113662244
282 0.0003818991754555788
368 0.00018686500362842702
413 0.00024142866684252312
428 0.0004603543550640608
449 0.00043049138832493966
540 0.0003471938241542892
545 0.0003985861298959538
659 0.0007031836599018376
688 0.000549621148441263
690 0.0004942172352587358
826 0.0008544448391450592
922 0.00043730308863810597
1063 0.0005188152611795682
1120 0.00029472515166756405
1301 0.0009884344705174716
1603 0.0008023336741576425
1769 0.0014997588456272344
2262 0.0012075611868749357
2381 0.000618218327643938
2613 0.0007881489921597373
2726 0.000873114324417637
2727 0.000873114324417637
2728 0.000873114324417637