13 0.00003897464830142955
26 0.0002468679904672833
30 0.00022182651134558653
34 0.00008687753051003999
37 0.0004195196388193289
38 0.000005801646248097621
39 0.000004633778456304862
40 0.00000900625889003274
41 0.000014853122149744404
43 0.000020607687896278735
45 0.0003894636368882597
47 0.00004514127961646484
52 0.00028994739050714656
56 0.00006477729821638932
58 0.0010983401500430064
59 0.000602379158534602
60 0.0002572917550567303
63 0.00000567829780156086
64 0.00018731984297588175
65 0.00003546283794272714
66 0.00009314029848720488
74 0.00030499358548289365
100 0.0003059416346523785
107 0.0004098622713982304
123 0.000188234616351904
132 0.0031886890391676303
159 0.0001776836714179443
165 0.00022550415909059743
167 0.0009043587776695111
171 0.0001368611790876869
177 0.00015160120460271228
180 0.00005682431219851005
192 0.0003242865707429365
250 0.0003712334023506965
261 0.0002338723830583595
264 0.0006325775717308665
277 0.00009965045113662244
288 0.00022801868959232616
357 0.0006877613496108782
402 0.0014997588456272344
441 0.0003438806748054391
495 0.0003753890228061612
537 0.0003960586369806884
538 0.0008557524318469018
554 0.0003985861298959538
555 0.0002457554359134993
557 0.0029682685814275624
679 0.003379154661782902
680 0.0006758309323565803
692 0.002703323729426321
701 0.0005685167944117531
782 0.0018071092110219695
786 0.0024228182854449526
905 0.0004942172352587358
940 0.0012691729613983254
1073 0.00046465581618336337
1115 0.00043730308863810597
1397 0.0008408622523832819
1468 0.0004120699366150429
1650 0.00041790813825628515
1654 0.0011817312001973612
1855 0.0006037805934374678
2127 0.0006345864806991627
2729 0.009273274914659072
2730 0.001746228648835274
2731 0.0007384474589275524
2732 0.0007881489921597373
2733 0.0006758309323565803