0 0.00038487547773411737
1 0.0001309668193588762
2 0.00017273030805218352
7 0.000233207996263883
13 0.00005196619773523939
26 0.00012343399523364164
30 0.00044365302269117307
33 0.00011331060825040136
34 0.00008687753051003999
36 0.00004148193135099767
38 0.000008702469372146433
39 0.000013901335368914586
40 0.000015010431483387899
41 0.000018566402687180508
42 0.00010288760611871043
43 0.00001236461273776724
45 0.00025964242459217314
46 0.00022928849663361327
47 0.00045141279616464847
48 0.0002630873261503125
49 0.000041620673939093223
52 0.00014497369525357328
56 0.00006477729821638932
63 0.00000567829780156086
64 0.00018731984297588175
65 0.00007092567588545428
68 0.0002914849877710017
89 0.00009505729945367397
104 0.00032827690028667443
123 0.000188234616351904
124 0.0001988555649537063
138 0.001132562659021034
146 0.000264773477364449
177 0.00030320240920542457
180 0.00005682431219851005
247 0.00026056072380914035
309 0.0003003233420124021
310 0.00032453395541518913
404 0.001903759442097488
430 0.00022365154352182467
441 0.0010316420244163174
442 0.0003242865707429365
487 0.005596388048224216
491 0.0015554665236139438
493 0.00023454039050719067
494 0.0007812883408127773
496 0.0002464916487181342
497 0.0005305322565268504
508 0.0024142601776434808
569 0.00042093493558288133
632 0.0007384474589275524
672 0.0004942172352587358
709 0.0019091919601050744
716 0.0003136207976380542
761 0.0031525959686389492
762 0.0014768949178551047
772 0.0005194705449015992
787 0.0004737399020075509
852 0.0003887745697496512
917 0.0006534821266696528
940 0.0012691729613983254
1007 0.001180746624112872
1029 0.00047449886069093585
1085 0.000393582208037624
1101 0.00046465581618336337
1196 0.0003841483956894837
1343 0.0010516433720379667
1397 0.0011211496698443758
1548 0.0003985861298959538
1654 0.0011817312001973612
2631 0.0024724196196902574
2734 0.004922285619312864
2735 0.000873114324417637
2736 0.000873114324417637
2737 0.000873114324417637
2738 0.0007031836599018376
2739 0.0007384474589275524
2740 0.0007881489921597373