0 0.00019243773886705868
1 0.0001309668193588762
2 0.00017273030805218352
3 0.00037969048392546374
4 0.00035233775638020634
5 0.0002365665368606119
6 0.0002400196965770493
7 0.000233207996263883
8 0.00028224872431895635
9 0.00013633301269468968
13 0.000012991549433809848
20 0.0002464916487181342
21 0.0004291600720032795
26 0.000370301985700925
30 0.00022182651134558653
34 0.00017375506102007999
36 0.00004148193135099767
38 0.000005801646248097621
39 0.000009267556912609724
40 0.00001801251778006548
41 0.00002227968322461661
42 0.00010288760611871043
43 0.00002472922547553448
44 0.00013635553537529827
45 0.00025964242459217314
46 0.0001834307973068906
47 0.00022570639808232424
48 0.00013154366307515625
49 0.000041620673939093223
51 0.00004686777384075253
52 0.00028994739050714656
58 0.0005491700750215032
59 0.00040158610568973463
60 0.0002572917550567303
61 0.00035285287846540845
63 0.0000018927659338536198
64 0.00018731984297588175
65 0.00001773141897136357
66 0.00009314029848720488
85 0.0009742918468001081
91 0.0005188152611795682
100 0.00015297081732618925
107 0.0002049311356991152
113 0.00011133348371866765
120 0.0006345864806991627
121 0.0024151223737498713
122 0.00018417084982617462
123 0.000188234616351904
124 0.00009942778247685315
125 0.0002682511308492756
128 0.0018247949384343843
139 0.00028224872431895635
143 0.00032998895069327885
150 0.00035621126149020904
158 0.00028424192373937554
160 0.00018023749427928805
165 0.00022550415909059743
167 0.00045217938883475555
171 0.0001368611790876869
179 0.0006172337515594486
186 0.00025254616640991854
335 0.000505900267840781
366 0.00034225708731462997
376 0.00034065472379816113
389 0.0013335471060796527
392 0.0005938676863953582
393 0.0013562921460698654
410 0.0005685167944117531
437 0.00032153186911851154
505 0.0006719392066499634
506 0.0005983661268631681
507 0.0010909668343457566
520 0.0003237921753424907
525 0.005169132212492868
535 0.0036922372946377622
538 0.0002852508106156339
549 0.0012114091427224763
555 0.0002457554359134993
557 0.0025442302126521964
562 0.0006037805934374678
569 0.00042093493558288133
657 0.0005587052342654505
667 0.0027371924076515764
782 0.00036142184220439385
847 0.0004737399020075509
864 0.000549621148441263
895 0.0005332529953860384
903 0.0006758309323565803
959 0.0007384474589275524
1082 0.0069968494182096955
1114 0.0011583651350332708
1331 0.000549621148441263
1542 0.004442105364894139
1635 0.0007384474589275524
1672 0.0005791825675166354
1753 0.0021865154431905303
1822 0.0006037805934374678
1827 0.00041790813825628515
2016 0.001011800535681562
2108 0.0005791825675166354
2429 0.0007881489921597373
2446 0.0006758309323565803
2447 0.0003985861298959538
2528 0.0007031836599018376
2636 0.0008890314040531017
2638 0.0021330119815441534
2733 0.0006758309323565803
2741 0.000873114324417637
2742 0.000873114324417637
2743 0.0007881489921597373
2744 0.000873114324417637
2745 0.000873114324417637
2746 0.0005188152611795682
2747 0.0007384474589275524
2748 0.000873114324417637
2749 0.000873114324417637
2750 0.003940744960798687
2751 0.000873114324417637
2752 0.000873114324417637
2753 0.000873114324417637
2754 0.000873114324417637
2755 0.000873114324417637
2756 0.000873114324417637
2757 0.000873114324417637
2758 0.000873114324417637