0 0.00019243773886705868
1 0.0001309668193588762
2 0.00017273030805218352
5 0.0002365665368606119
6 0.0002400196965770493
7 0.000233207996263883
13 0.00005196619773523939
34 0.00008687753051003999
35 0.0003887745697496512
38 0.000008702469372146433
39 0.00002316889228152431
40 0.00000900625889003274
41 0.000011139841612308305
43 0.000016486150317022987
45 0.00025964242459217314
46 0.0001834307973068906
47 0.00018056511846585937
48 0.00013154366307515625
49 0.00012486202181727967
52 0.00014497369525357328
59 0.00020079305284486732
63 0.000007571063735414479
65 0.00001773141897136357
67 0.00008407569284796038
83 0.000505900267840781
89 0.00028517189836102194
98 0.000505900267840781
104 0.00016413845014333722
129 0.0018247949384343843
177 0.00015160120460271228
214 0.00054731981622391
255 0.00017273030805218352
272 0.0009474798040151018
286 0.0001987752449196317
288 0.001140093447961631
320 0.0005894503033351281
324 0.0003753890228061612
327 0.003168469095845507
352 0.0005916490456697102
366 0.00034225708731462997
375 0.00025891534254753946
393 0.00033907303651746636
431 0.00037969048392546374
497 0.00017684408550895013
544 0.0004785475402955236
576 0.0003086168757797243
587 0.0004942172352587358
633 0.00040649720137641123
641 0.001180746624112872
642 0.0007775491394993024
666 0.00032568748957397626
689 0.00043049138832493966
780 0.0003775208863403447
875 0.001152445187068451
876 0.0007823096410577976
920 0.0012448628488535354
980 0.0007266446617404781
998 0.0013069642533393056
1001 0.00030739717354226806
1283 0.00033907303651746636
1319 0.001236436655287876
1320 0.001648863445323789
1396 0.0018460362799863762
1425 0.0004691137279473833
1621 0.0004338499289216686
1834 0.00521264310764972
2027 0.0009293116323667267
2085 0.0003672140565768559
2115 0.0036226835606248072
2202 0.00046465581618336337
2203 0.0004603543550640608
2759 0.0007384474589275524
2760 0.0005908656000986806
2761 0.000873114324417637
2762 0.000873114324417637