0 0.00019243773886705868
1 0.0001309668193588762
2 0.00017273030805218352
5 0.0002365665368606119
6 0.0002400196965770493
7 0.000233207996263883
8 0.00028224872431895635
12 0.0002564879550388143
13 0.000019487324150714776
19 0.00013212323419503196
20 0.0002464916487181342
26 0.00012343399523364164
30 0.00022182651134558653
34 0.000043438765255019996
36 0.00012444579405299303
38 0.000008702469372146433
39 0.00005097156301935349
40 0.00001801251778006548
41 0.00002227968322461661
42 0.00015433140917806565
43 0.000016486150317022987
45 0.0003894636368882597
46 0.0001834307973068906
47 0.00022570639808232424
48 0.00013154366307515625
49 0.000041620673939093223
51 0.00004686777384075253
52 0.00028994739050714656
58 0.0008237551125322549
60 0.0002572917550567303
61 0.00035285287846540845
63 0.0000018927659338536198
64 0.00018731984297588175
65 0.00001773141897136357
67 0.0003783406178158218
71 0.00012561808978093188
82 0.0005664825455324013
84 0.0002130879622223576
85 0.00048714592340005404
89 0.00009505729945367397
100 0.00015297081732618925
102 0.00025332444879269114
105 0.0003314569809760339
107 0.0002049311356991152
115 0.0002059878583080766
118 0.0012105448925920858
134 0.0007344281131537118
160 0.00018023749427928805
175 0.0007507780456123224
176 0.00033751149866781817
177 0.00030320240920542457
192 0.0003242865707429365
196 0.0010054850049121137
197 0.0002904236905482616
250 0.0003712334023506965
277 0.00009965045113662244
289 0.0003712334023506965
355 0.0004887683798320584
360 0.00019339166635443979
375 0.0023302380829278552
379 0.0003438806748054391
437 0.0006430637382370231
537 0.0003960586369806884
538 0.0002852508106156339
555 0.0002457554359134993
556 0.000505900267840781
557 0.000848076737550732
558 0.001132562659021034
559 0.0006345864806991627
560 0.016876407837644106
561 0.0007031836599018376
562 0.019924759583436442
563 0.002842583972058766
564 0.0014826517057762074
565 0.0006534821266696528
566 0.001746228648835274
567 0.000873114324417637
568 0.001746228648835274
569 0.00042093493558288133
570 0.002703323729426321
571 0.003492457297670548
572 0.0023735112556222647
573 0.0001652752038556845
574 0.0006758309323565803
575 0.002023601071363124
576 0.0003086168757797243
577 0.000549621148441263
578 0.0005258216860189834
579 0.0004942172352587358
580 0.0004408563537610837
581 0.0007384474589275524
582 0.000873114324417637
583 0.002619342973252911
584 0.003940744960798687
585 0.0003911548205288988
586 0.0006037805934374678
587 0.0004942172352587358
588 0.0007031836599018376
589 0.0004737399020075509
590 0.0003672140565768559
591 0.00044451570202655086