13 0.000019487324150714776
14 0.00025254616640991854
15 0.0002564879550388143
16 0.00007545831652538253
26 0.00012343399523364164
29 0.00026649997158873667
30 0.00044365302269117307
36 0.00012444579405299303
38 0.000005801646248097621
39 0.000009267556912609724
40 0.0000900625889003274
41 0.000011139841612308305
42 0.000051443803059355216
43 0.000020607687896278735
46 0.0000917153986534453
47 0.00009028255923292969
49 0.000041620673939093223
52 0.00014497369525357328
63 0.0000037855318677072396
64 0.00018731984297588175
66 0.00018628059697440975
72 0.00035285287846540845
79 0.000549621148441263
81 0.0014592567349152566
82 0.0002832412727662006
102 0.00025332444879269114
110 0.000505900267840781
111 0.0007031836599018376
124 0.00009942778247685315
146 0.000264773477364449
150 0.0005343168922353136
151 0.0003359696033249817
171 0.00041058353726306076
180 0.00005682431219851005
193 0.0005872711056353866
196 0.0001675808341520189
210 0.0003201773905469762
223 0.00044451570202655086
245 0.000181970089392662
246 0.00040649720137641123
251 0.00022002825322499402
263 0.0002338723830583595
277 0.00009965045113662244
286 0.0001987752449196317
287 0.004387714632303346
288 0.00022801868959232616
292 0.0008744549633130053
297 0.00034888459666376895
309 0.0006006466840248042
313 0.0004338499289216686
353 0.0003753890228061612
376 0.00034065472379816113
393 0.001695365182587332
406 0.000505900267840781
430 0.00044730308704364933
437 0.00032153186911851154
452 0.0008293695298394827
457 0.0008809066584530799
467 0.00034552605606704003
468 0.0003136207976380542
527 0.006499521601085487
664 0.00045619873460859607
765 0.0005332529953860384
791 0.0006758309323565803
850 0.0003960586369806884
876 0.0003911548205288988
1010 0.0005121877518304292
1062 0.00025810086072372616
1112 0.0003672140565768559
1271 0.0003652527497189936
1325 0.00031235053690802886
1356 0.0007384474589275524
1410 0.002842583972058766
1819 0.008669638913757112
1873 0.0006037805934374678
1920 0.002613928506678611
2012 0.001648863445323789
2013 0.001772596800296042
2381 0.000618218327643938
2445 0.0007031836599018376
2763 0.000873114324417637
2764 0.001236436655287876
2765 0.005238685946505822
2766 0.000873114324417637
2767 0.000873114324417637
2768 0.007858028919758734
2769 0.0007031836599018376
2770 0.0010376305223591363
2771 0.000873114324417637
2772 0.0007384474589275524
2773 0.000873114324417637
2774 0.0006758309323565803