0 0.00019243773886705868
1 0.0001309668193588762
2 0.00017273030805218352
3 0.00037969048392546374
4 0.00035233775638020634
5 0.0002365665368606119
6 0.0002400196965770493
7 0.000233207996263883
8 0.00028224872431895635
9 0.00017041626586836213
13 0.000006495774716904924
16 0.00007545831652538253
26 0.00012343399523364164
29 0.00026649997158873667
34 0.00013031629576506
36 0.00008296386270199534
38 0.000008702469372146433
39 0.000009267556912609724
40 0.00000900625889003274
41 0.000011139841612308305
42 0.00010288760611871043
43 0.00002472922547553448
45 0.00012982121229608657
51 0.00004686777384075253
52 0.00028994739050714656
58 0.0002745850375107516
59 0.000602379158534602
60 0.0002572917550567303
61 0.00035285287846540845
63 0.0000037855318677072396
64 0.00018731984297588175
67 0.00004203784642398019
81 0.00018240709186440708
85 0.00024357296170002702
89 0.00009505729945367397
91 0.0005188152611795682
104 0.00016413845014333722
105 0.0003314569809760339
118 0.0024210897851841716
124 0.00009942778247685315
144 0.0006765694880066684
146 0.000264773477364449
157 0.000618218327643938
159 0.0003553673428358886
171 0.0001368611790876869
179 0.0003086168757797243
193 0.0002936355528176933
226 0.0002049311356991152
230 0.0002958245228348551
255 0.00017273030805218352
261 0.0002338723830583595
272 0.0004737399020075509
307 0.00022550415909059743
310 0.00048680093312278375
376 0.00034065472379816113
379 0.0003438806748054391
391 0.000832209213374875
411 0.000669120526062763
475 0.002003876490649578
497 0.00017684408550895013
520 0.00016189608767124534
550 0.00025332444879269114
573 0.0001652752038556845
598 0.00782187327971631
604 0.002613928506678611
725 0.002613928506678611
726 0.003910936639858155
841 0.0004338499289216686
916 0.0004942172352587358
1010 0.0005121877518304292
1200 0.0007384474589275524
1315 0.0013448629893844162
1446 0.001438201479074605
1637 0.0005332529953860384
1934 0.0005188152611795682
1936 0.0013516618647131605
2204 0.0005258216860189834
2693 0.000424038368775366
2775 0.002619342973252911
2776 0.000873114324417637
2777 0.000873114324417637