9 0.00027266602538937937
26 0.00012343399523364164
34 0.00017375506102007999
36 0.00016592772540399069
38 0.000008702469372146433
39 0.000004633778456304862
40 0.00000900625889003274
41 0.000007426561074872202
42 0.000051443803059355216
43 0.00001236461273776724
45 0.00025964242459217314
51 0.00004686777384075253
52 0.00014497369525357328
55 0.00019400951426952473
61 0.00017642643923270423
63 0.0000037855318677072396
64 0.00018731984297588175
84 0.0004261759244447152
85 0.00024357296170002702
97 0.00046908078101438134
113 0.00011133348371866765
123 0.000188234616351904
124 0.00009942778247685315
139 0.00028224872431895635
175 0.00900933654734787
191 0.0005188152611795682
255 0.00034546061610436703
261 0.0002338723830583595
264 0.0006325775717308665
309 0.0006006466840248042
324 0.0003753890228061612
334 0.0005791825675166354
389 0.0008890314040531017
394 0.0014826517057762074
412 0.00028729384230050906
413 0.00024142866684252312
505 0.001007908809974945
506 0.0008975491902947523
507 0.00027274170858643915
510 0.0005685167944117531
544 0.0004785475402955236
550 0.00025332444879269114
552 0.0009671029243077069
553 0.0006345864806991627
576 0.0003086168757797243
633 0.00040649720137641123
672 0.0004942172352587358
764 0.0015997589861581152
826 0.0004272224195725296
895 0.0005332529953860384
1093 0.00036920725599727517
1133 0.0009671029243077069
1162 0.00030263622314802144
1397 0.00028028741746109395
1398 0.00040380304757415875
1412 0.0005188152611795682
1478 0.000499919615209078
1511 0.0004408563537610837
1514 0.0006037805934374678
1630 0.0005587052342654505
1753 0.0008746061772762119
1837 0.000499919615209078
2607 0.0006758309323565803
2778 0.0007384474589275524
2779 0.0007881489921597373
2780 0.0007384474589275524
2781 0.000873114324417637
2782 0.0047308165264960626
2783 0.000873114324417637
2784 0.000873114324417637
2785 0.0006345864806991627
2786 0.011034085890236325
2787 0.0007384474589275524
2788 0.0007031836599018376
2789 0.00611180027092346
2790 0.0007881489921597373
2791 0.000873114324417637
2792 0.004365571622088185
2793 0.0047288939529584245
2794 0.0005685167944117531
2795 0.0006534821266696528
2796 0.000873114324417637
2797 0.000873114324417637
2798 0.000873114324417637
2799 0.0005908656000986806
2800 0.0023644469764792122
2801 0.000873114324417637
2802 0.000873114324417637
2803 0.0007384474589275524
2804 0.000873114324417637
2805 0.0007384474589275524
2806 0.000873114324417637
2807 0.000873114324417637