1 0.0001309668193588762
2 0.00017273030805218352
13 0.00005846197245214433
16 0.00007545831652538253
34 0.00017375506102007999
37 0.0010487990970483223
38 0.000008702469372146433
39 0.000009267556912609724
40 0.000015010431483387899
41 0.000011139841612308305
42 0.00010288760611871043
43 0.000008243075158511493
45 0.00012982121229608657
46 0.00027514619596033594
47 0.00027084767769878907
52 0.00028994739050714656
55 0.0008730428142128615
56 0.00006477729821638932
61 0.00035285287846540845
63 0.0000037855318677072396
64 0.0003746396859517635
66 0.00027942089546161464
67 0.00008407569284796038
68 0.0002914849877710017
82 0.0005664825455324013
87 0.000378312535575597
88 0.00024872719512041187
89 0.00028517189836102194
104 0.00016413845014333722
113 0.0002226669674373353
114 0.00021141259586679695
124 0.0001988555649537063
146 0.000264773477364449
151 0.0003359696033249817
180 0.00005682431219851005
225 0.0012628048067486442
277 0.00039860180454648976
290 0.0006345864806991627
307 0.00022550415909059743
324 0.0007507780456123224
406 0.000505900267840781
412 0.00028729384230050906
413 0.00024142866684252312
428 0.0004603543550640608
445 0.0013874170353781318
486 0.005684940152295378
622 0.0007823096410577976
666 0.00032568748957397626
691 0.0003038092374917516
721 0.00044828766312813873
780 0.0007550417726806894
803 0.0007792058173523988
826 0.0004272224195725296
845 0.00043730308863810597
1030 0.0004338499289216686
1032 0.0005332529953860384
1062 0.00025810086072372616
1417 0.0003911548205288988
2085 0.0003672140565768559
2812 0.005169132212492868
2813 0.0007881489921597373