0 0.00019243773886705868
1 0.0001309668193588762
2 0.00017273030805218352
3 0.00037969048392546374
4 0.00035233775638020634
5 0.0002365665368606119
6 0.0002400196965770493
7 0.000233207996263883
8 0.00028224872431895635
9 0.00023858277221570697
13 0.000012991549433809848
16 0.00007545831652538253
17 0.0003773891517081107
19 0.00013212323419503196
20 0.0007394749461544028
21 0.000286106714668853
22 0.0005366943556599089
23 0.00022801868959232616
26 0.00012343399523364164
29 0.00026649997158873667
33 0.00011331060825040136
34 0.0002171938262751
38 0.000008702469372146433
39 0.000013901335368914586
40 0.00001801251778006548
41 0.00002227968322461661
42 0.00010288760611871043
43 0.00002472922547553448
44 0.00013635553537529827
45 0.0003894636368882597
46 0.00027514619596033594
47 0.00036113023693171874
48 0.00013154366307515625
49 0.00012486202181727967
51 0.00004686777384075253
52 0.00014497369525357328
55 0.00019400951426952473
56 0.00012955459643277864
57 0.0002501368139214302
61 0.00035285287846540845
63 0.0000037855318677072396
64 0.00018731984297588175
65 0.00003546283794272714
81 0.0005472212755932213
82 0.000849723818298602
85 0.0009742918468001081
89 0.00009505729945367397
149 0.0003732936031739842
165 0.00022550415909059743
179 0.0003086168757797243
212 0.00040116683707882124
217 0.0017219655532997587
307 0.00022550415909059743
367 0.0005347448482446134
368 0.00018686500362842702
391 0.0011096122844998333
401 0.00036220146137676994
475 0.0011450722803711872
491 0.0006221866094455775
504 0.0007384474589275524
505 0.0006719392066499634
506 0.0005983661268631681
507 0.0005454834171728783
510 0.0005685167944117531
511 0.0005908656000986806
557 0.0012721151063260982
558 0.0003775208863403447
593 0.0006037805934374678
693 0.00045217938883475555
750 0.0006688937249145976
786 0.0068646518087607
852 0.0003887745697496512
1115 0.00043730308863810597
1162 0.00030263622314802144
1178 0.0026030995735300115
1188 0.0005587052342654505
1206 0.0006534821266696528
1214 0.000424038368775366
1397 0.0028028741746109398
1781 0.0005644974486379127
2638 0.0005332529953860384
2819 0.000873114324417637
2820 0.000873114324417637
2821 0.0030189029671873397
2822 0.001746228648835274
2823 0.002619342973252911
2824 0.000873114324417637
2825 0.000873114324417637
2826 0.000873114324417637
2827 0.0007384474589275524
2828 0.000873114324417637
2829 0.0015762979843194746