0 0.00019243773886705868
1 0.0001309668193588762
2 0.00017273030805218352
3 0.00037969048392546374
4 0.00035233775638020634
5 0.0002365665368606119
6 0.0002400196965770493
7 0.000233207996263883
8 0.00028224872431895635
9 0.00010224975952101728
13 0.00003247887358452463
16 0.00015091663305076506
17 0.00018869457585405535
20 0.0002464916487181342
21 0.0001430533573344265
30 0.00022182651134558653
34 0.000043438765255019996
36 0.00008296386270199534
38 0.000008702469372146433
39 0.000009267556912609724
40 0.000012008345186710319
41 0.000014853122149744404
42 0.00015433140917806565
43 0.00002472922547553448
44 0.00013635553537529827
45 0.00012982121229608657
46 0.00022928849663361327
47 0.00031598895731525394
48 0.00013154366307515625
49 0.000041620673939093223
51 0.00004686777384075253
52 0.00028994739050714656
55 0.00009700475713476236
56 0.00012955459643277864
57 0.0001250684069607151
58 0.0005491700750215032
59 0.00040158610568973463
60 0.0002572917550567303
61 0.00035285287846540845
63 0.0000018927659338536198
65 0.00003546283794272714
66 0.00027942089546161464
67 0.00004203784642398019
79 0.000549621148441263
81 0.0005472212755932213
82 0.0005664825455324013
83 0.001011800535681562
85 0.00024357296170002702
87 0.0001891562677877985
91 0.0005188152611795682
104 0.00016413845014333722
113 0.00011133348371866765
136 0.0002925555540824451
146 0.000264773477364449
158 0.00028424192373937554
177 0.00015160120460271228
179 0.0003086168757797243
180 0.00005682431219851005
185 0.0002656336848489608
230 0.0002958245228348551
245 0.000181970089392662
255 0.00017273030805218352
438 0.001438201479074605
452 0.0002764565099464942
550 0.00025332444879269114
652 0.0004737399020075509
1010 0.0025609387591521465
1276 0.00048355146215385347
1289 0.0007881489921597373
1321 0.0003271046043571432
1325 0.0012494021476321155
1400 0.0009474798040151018
1442 0.0013015497867650057
1922 0.0007384474589275524
2640 0.0008746061772762119
2830 0.0005908656000986806
2831 0.0007881489921597373
2832 0.000873114324417637
2833 0.000873114324417637
2834 0.000873114324417637
2835 0.000873114324417637