0 0.00019243773886705868
1 0.0001309668193588762
2 0.00017273030805218352
5 0.0002365665368606119
7 0.000233207996263883
8 0.00028224872431895635
9 0.00013633301269468968
13 0.00003897464830142955
16 0.00015091663305076506
21 0.000286106714668853
26 0.00012343399523364164
29 0.00026649997158873667
34 0.00008687753051003999
36 0.00004148193135099767
37 0.0004195196388193289
38 0.000005801646248097621
39 0.000009267556912609724
40 0.000012008345186710319
41 0.000014853122149744404
42 0.00010288760611871043
43 0.000016486150317022987
44 0.00013635553537529827
45 0.0003894636368882597
46 0.0003210038952870586
47 0.00031598895731525394
49 0.000041620673939093223
51 0.00004686777384075253
52 0.00028994739050714656
56 0.00006477729821638932
57 0.0001250684069607151
58 0.0005491700750215032
59 0.00040158610568973463
60 0.0002572917550567303
61 0.00035285287846540845
63 0.0000037855318677072396
64 0.00018731984297588175
84 0.0004261759244447152
85 0.00024357296170002702
89 0.00028517189836102194
100 0.0003059416346523785
143 0.0026399116055462308
146 0.000794320432093347
150 0.0007124225229804181
245 0.000181970089392662
253 0.0004944646199309884
279 0.00022929556638299245
292 0.0008744549633130053
309 0.0006006466840248042
310 0.0008113348885379729
391 0.0011096122844998333
394 0.0009884344705174716
430 0.00022365154352182467
475 0.0008588042102783905
480 0.0007344281131537118
490 0.0013015497867650057
491 0.0055996794850101984
492 0.007973500162434739
505 0.0006719392066499634
506 0.0005983661268631681
508 0.0005365022616985512
550 0.0005066488975853823
552 0.00048355146215385347
590 0.0007344281131537118
628 0.0024177573107692675
669 0.00012589385831905585
852 0.0007775491394993024
1328 0.0035410151434197394
1397 0.0005605748349221879
1403 0.0006910521121340801
1519 0.0023232790809168172
2836 0.0009474798040151018
2837 0.000873114324417637
2838 0.000873114324417637
2839 0.000873114324417637