0 0.00019243773886705868
1 0.0001309668193588762
2 0.00017273030805218352
5 0.0002365665368606119
6 0.0002400196965770493
7 0.000233207996263883
8 0.00028224872431895635
13 0.000012991549433809848
28 0.00025332444879269114
30 0.00022182651134558653
34 0.000043438765255019996
38 0.000008702469372146433
39 0.000009267556912609724
40 0.000006004172593355159
41 0.000007426561074872202
43 0.000008243075158511493
46 0.0001834307973068906
47 0.00013542383884939454
49 0.000041620673939093223
51 0.00004686777384075253
52 0.00014497369525357328
58 0.0010983401500430064
59 0.000602379158534602
60 0.0002572917550567303
63 0.0000037855318677072396
65 0.00001773141897136357
72 0.00017642643923270423
82 0.0005664825455324013
83 0.000505900267840781
88 0.00024872719512041187
89 0.00019011459890734794
102 0.00025332444879269114
124 0.00009942778247685315
130 0.00027274170858643915
411 0.00044608035070850863
412 0.00028729384230050906
413 0.00024142866684252312
739 0.0006037805934374678
1184 0.0022153423767826575
1839 0.002027492797069741
2115 0.0006037805934374678
2204 0.0005258216860189834