13 0.000012991549433809848
16 0.00015091663305076506
26 0.00012343399523364164
28 0.00025332444879269114
34 0.000043438765255019996
37 0.0004195196388193289
38 0.000005801646248097621
39 0.000009267556912609724
40 0.00000900625889003274
41 0.00002227968322461661
42 0.000051443803059355216
43 0.000004121537579255747
46 0.00022928849663361327
47 0.00027084767769878907
52 0.00014497369525357328
55 0.00048502378567381193
56 0.0002591091928655573
63 0.00000567829780156086
64 0.00018731984297588175
65 0.00003546283794272714
66 0.00018628059697440975
67 0.00004203784642398019
84 0.0002130879622223576
85 0.00024357296170002702
115 0.0008239514332323064
118 0.002723726008332193
124 0.00009942778247685315
132 0.0007971722597919076
159 0.0001776836714179443
173 0.0005411640668664958
177 0.00030320240920542457
180 0.00005682431219851005
277 0.00029895135340986733
279 0.00022929556638299245
282 0.0026732942281890515
304 0.00026056072380914035
310 0.00016226697770759457
352 0.0002958245228348551
393 0.001695365182587332
411 0.00022304017535425432
413 0.00024142866684252312
431 0.001518761935701855
501 0.0013516618647131605
540 0.0003471938241542892
598 0.008939283748247208
600 0.0013516618647131605
604 0.012416160406723404
622 0.0003911548205288988
639 0.001117410468530901
649 0.0003960586369806884
663 0.0037327709677022693
665 0.0004887683798320584
667 0.00045619873460859607
703 0.0002862680700927968
708 0.0007191007395373025
811 0.0009043587776695111
823 0.00045217938883475555
842 0.004732395174170851
1301 0.0004942172352587358
1957 0.0025383459227966507
2785 0.010153383691186603
2840 0.0015762979843194746
2841 0.0007881489921597373
2842 0.0007384474589275524
2843 0.0007881489921597373
2844 0.0007881489921597373
2845 0.0007031836599018376
2846 0.000873114324417637
2847 0.0007384474589275524
2848 0.0007384474589275524
2849 0.000873114324417637
2850 0.005169132212492868
2851 0.00611180027092346
2852 0.000873114324417637