9 0.00010224975952101728
13 0.000006495774716904924
16 0.00007545831652538253
19 0.00013212323419503196
33 0.00011331060825040136
34 0.00008687753051003999
36 0.00016592772540399069
37 0.0004195196388193289
38 0.000011603292496195242
39 0.000009267556912609724
40 0.00001801251778006548
41 0.000018566402687180508
42 0.000051443803059355216
43 0.000020607687896278735
44 0.00013635553537529827
45 0.0003894636368882597
46 0.0003210038952870586
47 0.00036113023693171874
48 0.00013154366307515625
49 0.000041620673939093223
52 0.00014497369525357328
61 0.00035285287846540845
63 0.0000037855318677072396
64 0.00018731984297588175
67 0.00004203784642398019
71 0.00012561808978093188
72 0.00017642643923270423
73 0.00019291377466338104
76 0.0001335842653591911
82 0.0019826889093634047
85 0.0007307188851000811
87 0.000378312535575597
88 0.00024872719512041187
124 0.00009942778247685315
125 0.0008047533925478269
144 0.0001691423720016671
152 0.0005587052342654505
183 0.0002081290317624025
210 0.0003201773905469762
247 0.0010422428952365614
255 0.00017273030805218352
261 0.0002338723830583595
287 0.00025810086072372616
309 0.0006006466840248042
310 0.00032453395541518913
429 0.0005258216860189834
441 0.0003438806748054391
482 0.0006037805934374678
497 0.00017684408550895013
664 0.0027371924076515764
698 0.0013335471060796527
1015 0.0005685167944117531
1016 0.0006758309323565803
1618 0.00040380304757415875
1774 0.0007881489921597373
2853 0.000873114324417637
2854 0.000873114324417637
2855 0.000873114324417637
2856 0.0015762979843194746
2857 0.000873114324417637
2858 0.001746228648835274
2859 0.000873114324417637
2860 0.0007384474589275524