0 0.00019243773886705868
1 0.0001309668193588762
2 0.00017273030805218352
5 0.0002365665368606119
6 0.0002400196965770493
7 0.000233207996263883
8 0.00028224872431895635
13 0.000019487324150714776
15 0.0005129759100776286
16 0.00007545831652538253
19 0.00013212323419503196
21 0.0001430533573344265
26 0.0002468679904672833
34 0.000043438765255019996
37 0.0008390392776386578
38 0.000014504115620244055
39 0.000004633778456304862
40 0.00002101460407674306
41 0.000011139841612308305
42 0.000051443803059355216
43 0.000016486150317022987
45 0.0003894636368882597
46 0.00004585769932672265
47 0.00004514127961646484
49 0.00012486202181727967
51 0.00004686777384075253
52 0.00028994739050714656
55 0.00009700475713476236
56 0.00012955459643277864
58 0.0008237551125322549
59 0.0008031722113794693
60 0.0002572917550567303
61 0.00017642643923270423
63 0.0000037855318677072396
64 0.00018731984297588175
65 0.00005319425691409072
66 0.00027942089546161464
102 0.00025332444879269114
118 0.002723726008332193
122 0.00018417084982617462
123 0.000188234616351904
124 0.00009942778247685315
138 0.0007550417726806894
146 0.000264773477364449
160 0.00018023749427928805
171 0.0002737223581753738
180 0.00005682431219851005
217 0.0008609827766498793
246 0.0008129944027528225
250 0.0003712334023506965
252 0.000549621148441263
294 0.0003985861298959538
296 0.0004887683798320584
360 0.00019339166635443979
376 0.00034065472379816113
412 0.0005745876846010181
413 0.00048285733368504623
427 0.00044451570202655086
435 0.0009207087101281216
461 0.0003985861298959538
466 0.000549621148441263
495 0.0007507780456123224
524 0.0012691729613983254
537 0.0003960586369806884
539 0.00045217938883475555
542 0.000499919615209078
638 0.00040116683707882124
641 0.000787164416075248
666 0.00032568748957397626
674 0.01265730587823308
703 0.0002862680700927968
708 0.00035955036976865123
709 0.00027274170858643915
776 0.0005121877518304292
788 0.0004149542829511784
820 0.00046465581618336337
832 0.00048355146215385347
841 0.0004338499289216686
850 0.0003960586369806884
870 0.0013448629893844162
1068 0.0014663051394961752
1072 0.0014063673198036752
1112 0.0003672140565768559
1115 0.00043730308863810597
1178 0.0004338499289216686
1236 0.000549621148441263
1320 0.005496211484412631
1371 0.0006345864806991627
1416 0.0005411640668664958
1425 0.0004691137279473833
1490 0.0006534821266696528
1526 0.000505900267840781
1596 0.0004603543550640608
1716 0.002472873310575752
2042 0.0015997589861581152
2061 0.0005908656000986806
2152 0.0004942172352587358
2164 0.0006345864806991627
2165 0.004430684753565315
2385 0.0023644469764792122
2406 0.0006758309323565803
2427 0.0010665059907720767
2537 0.0006037805934374678
2540 0.000618218327643938
2861 0.001746228648835274
2862 0.0007384474589275524
2863 0.000618218327643938
2864 0.001746228648835274
2865 0.001746228648835274
2866 0.0006534821266696528
2867 0.0036922372946377622
2868 0.005238685946505822
2869 0.003492457297670548
2870 0.000873114324417637