0 0.00019243773886705868
1 0.0001309668193588762
2 0.00017273030805218352
5 0.0002365665368606119
6 0.0002400196965770493
7 0.000233207996263883
8 0.00028224872431895635
13 0.00009743662075357388
34 0.00008687753051003999
36 0.00016592772540399069
38 0.000008702469372146433
39 0.000009267556912609724
40 0.000012008345186710319
41 0.000014853122149744404
42 0.00015433140917806565
43 0.000016486150317022987
45 0.0003894636368882597
46 0.00022928849663361327
47 0.00036113023693171874
48 0.00013154366307515625
49 0.000041620673939093223
52 0.00014497369525357328
55 0.00009700475713476236
56 0.00006477729821638932
63 0.00000567829780156086
64 0.00018731984297588175
65 0.00008865709485681788
66 0.00009314029848720488
67 0.00004203784642398019
82 0.0002832412727662006
85 0.00024357296170002702
100 0.0003059416346523785
102 0.00025332444879269114
113 0.00011133348371866765
123 0.000188234616351904
124 0.00009942778247685315
138 0.0007550417726806894
165 0.00022550415909059743
171 0.0002737223581753738
180 0.00005682431219851005
214 0.000273659908111955
277 0.00009965045113662244
298 0.0005908656000986806
371 0.0004408563537610837
393 0.0010172191095523992
441 0.0010316420244163174
442 0.000648573141485873
445 0.00023123617256302196
514 0.00043049138832493966
666 0.00032568748957397626
670 0.0003329428059983855
703 0.0002862680700927968
754 0.004266023963088307
769 0.00045619873460859607
820 0.00046465581618336337
823 0.0022608969441737783
888 0.000505900267840781
1120 0.0011789006066702562
1630 0.0005587052342654505
1653 0.0025256096134972884
2007 0.0004408563537610837
2085 0.0011016421697305678
2203 0.0018414174202562431
2242 0.0006758309323565803
2871 0.004365571622088185
2872 0.000873114324417637
2873 0.001746228648835274