0 0.00019243773886705868
1 0.0002619336387177524
2 0.00017273030805218352
3 0.00037969048392546374
4 0.00035233775638020634
5 0.0002365665368606119
6 0.0002400196965770493
7 0.000233207996263883
8 0.00028224872431895635
9 0.00013633301269468968
13 0.000019487324150714776
16 0.00007545831652538253
20 0.0002464916487181342
21 0.0001430533573344265
30 0.00022182651134558653
34 0.000043438765255019996
38 0.000008702469372146433
39 0.000013901335368914586
40 0.000012008345186710319
41 0.000014853122149744404
42 0.00015433140917806565
43 0.00002885076305479023
44 0.00013635553537529827
45 0.00012982121229608657
46 0.0001834307973068906
47 0.00022570639808232424
48 0.00013154366307515625
49 0.000041620673939093223
51 0.00009373554768150506
52 0.00014497369525357328
56 0.00006477729821638932
61 0.00017642643923270423
63 0.0000018927659338536198
64 0.00018731984297588175
65 0.00001773141897136357
67 0.00004203784642398019
73 0.00019291377466338104
79 0.000549621148441263
80 0.000618218327643938
82 0.0005664825455324013
83 0.001011800535681562
85 0.00048714592340005404
124 0.00009942778247685315
136 0.0002925555540824451
144 0.0001691423720016671
154 0.0009943709429281018
160 0.00018023749427928805
180 0.0001136486243970201
255 0.00017273030805218352
264 0.00021085919057695548
267 0.0002783569986123394
360 0.00019339166635443979
368 0.00018686500362842702
392 0.0014846692159883957
427 0.00044451570202655086
493 0.00023454039050719067
552 0.00048355146215385347
664 0.0009123974692171921
666 0.00032568748957397626
765 0.0010665059907720767
873 0.0007593809678509275
1010 0.0025609387591521465
1067 0.0004408563537610837
1198 0.0013335471060796527
1325 0.003123505369080289
1419 0.0007031836599018376
1618 0.00040380304757415875
1630 0.0005587052342654505
2128 0.0021865154431905303
2445 0.0014063673198036752
2640 0.00043730308863810597
2769 0.0014063673198036752
2874 0.000873114324417637
2875 0.0007881489921597373
2876 0.0006037805934374678
2877 0.000873114324417637