9 0.00010224975952101728
10 0.0004691137279473833
13 0.00003247887358452463
21 0.0001430533573344265
22 0.00040252076674493167
34 0.000043438765255019996
38 0.000008702469372146433
39 0.000009267556912609724
40 0.000012008345186710319
41 0.000011139841612308305
42 0.00010288760611871043
43 0.000016486150317022987
44 0.00013635553537529827
45 0.00025964242459217314
46 0.0001834307973068906
47 0.00018056511846585937
48 0.00013154366307515625
49 0.000041620673939093223
51 0.00004686777384075253
52 0.00014497369525357328
56 0.00006477729821638932
61 0.00017642643923270423
63 0.0000037855318677072396
66 0.00018628059697440975
67 0.00004203784642398019
68 0.0011659399510840069
84 0.0004261759244447152
85 0.00024357296170002702
89 0.00009505729945367397
102 0.00025332444879269114
122 0.00018417084982617462
123 0.000188234616351904
124 0.0001988555649537063
144 0.0003382847440033342
152 0.0005587052342654505
238 0.000549621148441263
251 0.00022002825322499402
288 0.00022801868959232616
335 0.0015177008035223431
357 0.0006877613496108782
411 0.00044608035070850863
412 0.00028729384230050906
413 0.00024142866684252312
437 0.00032153186911851154
451 0.0006534821266696528
464 0.000393582208037624
538 0.0002852508106156339
553 0.0006345864806991627
622 0.0003911548205288988
829 0.0007384474589275524
951 0.000549621148441263
1154 0.0007921172739613768
1893 0.001236436655287876
2169 0.0007031836599018376
2221 0.0007384474589275524
2600 0.0005121877518304292
2878 0.004365571622088185
2879 0.0007031836599018376
2880 0.000873114324417637
2881 0.009599816966058182
2882 0.005238685946505822
2883 0.0007881489921597373
2884 0.000873114324417637
2885 0.0011817312001973612
2886 0.000873114324417637
2887 0.000873114324417637
2888 0.0011817312001973612
2889 0.000873114324417637
2890 0.000873114324417637
2891 0.0007881489921597373
2892 0.000873114324417637