13 0.000006495774716904924
16 0.00015091663305076506
26 0.00012343399523364164
38 0.000005801646248097621
39 0.000018535113825219447
40 0.00000900625889003274
41 0.000003713280537436101
43 0.000020607687896278735
45 0.00025964242459217314
46 0.0001834307973068906
47 0.00022570639808232424
49 0.000041620673939093223
51 0.00009373554768150506
52 0.00014497369525357328
56 0.00006477729821638932
61 0.00035285287846540845
63 0.0000037855318677072396
64 0.00018731984297588175
89 0.00028517189836102194
118 0.0006052724462960429
122 0.00036834169965234924
123 0.000188234616351904
124 0.00009942778247685315
130 0.00027274170858643915
139 0.00028224872431895635
146 0.000264773477364449
222 0.0003841483956894837
250 0.0003712334023506965
294 0.0003985861298959538
297 0.00034888459666376895
306 0.0017219655532997587
310 0.0006490679108303783
348 0.0004272224195725296
402 0.000999839230418156
411 0.00044608035070850863
484 0.001291474164974819
648 0.0003201773905469762
759 0.0007154140816886777
775 0.0007031836599018376
847 0.0004737399020075509
1037 0.0005418513784905688
1120 0.0008841754550026923
1156 0.0010376305223591363
1172 0.0004887683798320584
1173 0.00041790813825628515
1400 0.0009474798040151018
1438 0.0006758309323565803
1622 0.00043049138832493966
2893 0.000873114324417637
2894 0.0007031836599018376
2895 0.000873114324417637
2896 0.003492457297670548
2897 0.000873114324417637
2898 0.01222360054184692
2899 0.0019604463800089586
2900 0.0007881489921597373
2901 0.000873114324417637
2902 0.001746228648835274
2903 0.000873114324417637
2904 0.000873114324417637
2905 0.000873114324417637