9 0.00006816650634734484
13 0.000025983098867619697
26 0.000370301985700925
29 0.00026649997158873667
30 0.00044365302269117307
34 0.000043438765255019996
38 0.000008702469372146433
39 0.000004633778456304862
40 0.00001801251778006548
41 0.000014853122149744404
42 0.00010288760611871043
43 0.000008243075158511493
52 0.00014497369525357328
56 0.00006477729821638932
59 0.00020079305284486732
61 0.00035285287846540845
63 0.00000567829780156086
101 0.0005791825675166354
108 0.000549621148441263
113 0.00011133348371866765
115 0.0002059878583080766
123 0.000564703849055712
132 0.0007971722597919076
160 0.00018023749427928805
171 0.0002737223581753738
177 0.00015160120460271228
180 0.00017047293659553015
223 0.003556125616212407
237 0.0003558910215031841
277 0.00009965045113662244
279 0.00022929556638299245
304 0.00026056072380914035
321 0.00048355146215385347
338 0.000549621148441263
339 0.0007384474589275524
347 0.0007439324212214578
396 0.00038392708921293077
397 0.0012691729613983254
406 0.000505900267840781
412 0.0005745876846010181
413 0.00024142866684252312
540 0.0006943876483085783
542 0.000499919615209078
638 0.0008023336741576425
648 0.0003201773905469762
666 0.00032568748957397626
786 0.00040380304757415875
878 0.0007031836599018376
891 0.0004785475402955236
980 0.00036332233087023905
1148 0.0006345864806991627
1236 0.000549621148441263
1410 0.002842583972058766
1412 0.0005188152611795682
1709 0.0007881489921597373
2031 0.0007384474589275524
2040 0.0007031836599018376
2044 0.0005908656000986806
2054 0.000618218327643938
2577 0.0006758309323565803
2906 0.0007881489921597373
2907 0.000873114324417637
2908 0.0007031836599018376
2909 0.0006534821266696528
2910 0.000873114324417637
2911 0.0007384474589275524
2912 0.0007881489921597373
2913 0.0007384474589275524
2914 0.0007031836599018376
2915 0.000873114324417637
2916 0.000873114324417637
2917 0.002619342973252911
2918 0.003267410633348264
2919 0.000873114324417637
2920 0.0031525959686389492
2921 0.000873114324417637
2922 0.0006534821266696528
2923 0.0006534821266696528
2924 0.0007881489921597373
2925 0.000873114324417637
2926 0.000873114324417637
2927 0.0007881489921597373
2928 0.000873114324417637
2929 0.000873114324417637