0 0.00019243773886705868
1 0.0001309668193588762
2 0.00017273030805218352
3 0.00037969048392546374
4 0.00035233775638020634
5 0.0002365665368606119
6 0.0002400196965770493
7 0.000233207996263883
8 0.00028224872431895635
9 0.00010224975952101728
13 0.000019487324150714776
20 0.0004929832974362684
21 0.000286106714668853
22 0.0001341735889149772
34 0.000043438765255019996
36 0.00016592772540399069
38 0.000008702469372146433
39 0.000009267556912609724
40 0.000012008345186710319
41 0.000014853122149744404
42 0.00015433140917806565
43 0.000016486150317022987
44 0.00013635553537529827
45 0.00012982121229608657
46 0.00027514619596033594
47 0.00040627151654818366
48 0.00013154366307515625
49 0.000041620673939093223
51 0.00004686777384075253
52 0.00028994739050714656
55 0.00019400951426952473
56 0.00012955459643277864
57 0.0002501368139214302
58 0.0008237551125322549
59 0.00040158610568973463
60 0.0002572917550567303
61 0.00035285287846540845
63 0.0000018927659338536198
64 0.00018731984297588175
65 0.00005319425691409072
67 0.00004203784642398019
73 0.00019291377466338104
76 0.0002671685307183822
81 0.002006478010508478
82 0.003115654000428207
85 0.00024357296170002702
86 0.0004408563537610837
87 0.0011349376067267911
88 0.00024872719512041187
89 0.00009505729945367397
90 0.000499919615209078
99 0.0013084184174285728
100 0.00015297081732618925
102 0.0005066488975853823
114 0.00021141259586679695
118 0.0009079086694440643
122 0.00018417084982617462
149 0.0003732936031739842
150 0.00035621126149020904
160 0.00018023749427928805
184 0.00040649720137641123
230 0.0005916490456697102
267 0.0002783569986123394
279 0.00022929556638299245
286 0.0001987752449196317
288 0.00022801868959232616
296 0.0009775367596641168
360 0.00038678333270887957
493 0.00023454039050719067
494 0.001171932511219166
496 0.0002464916487181342
497 0.00035368817101790026
550 0.00025332444879269114
648 0.0019210643432818575
650 0.000549621148441263
753 0.0002783569986123394
858 0.0002457554359134993
1276 0.0009671029243077069
1283 0.00033907303651746636
2816 0.0006345864806991627
2930 0.0007031836599018376