13 0.000025983098867619697
16 0.00007545831652538253
26 0.00012343399523364164
28 0.0005066488975853823
34 0.00008687753051003999
36 0.00008296386270199534
38 0.000011603292496195242
39 0.000013901335368914586
40 0.00000900625889003274
41 0.000007426561074872202
42 0.000051443803059355216
43 0.000008243075158511493
44 0.00020453330306294742
45 0.00025964242459217314
46 0.0000917153986534453
47 0.00018056511846585937
49 0.0001664826957563729
52 0.00014497369525357328
56 0.00006477729821638932
59 0.0010039652642243367
61 0.00035285287846540845
63 0.0000094638296692681
64 0.0003746396859517635
65 0.00003546283794272714
68 0.0014574249388550088
71 0.00012561808978093188
84 0.0006392638866670728
89 0.00009505729945367397
104 0.00016413845014333722
105 0.0003314569809760339
123 0.000188234616351904
130 0.00027274170858643915
151 0.001007908809974945
160 0.00018023749427928805
171 0.0001368611790876869
196 0.0001675808341520189
210 0.0006403547810939524
214 0.0008209797243358649
253 0.0002472323099654942
277 0.00019930090227324488
282 0.0034370925791002093
293 0.0003285382939579267
309 0.0003003233420124021
320 0.0008841754550026923
324 0.0003753890228061612
340 0.005028347108389055
341 0.003545193600592084
401 0.0007244029227535399
520 0.00016189608767124534
623 0.001746228648835274
624 0.0004887683798320584
625 0.00048355146215385347
626 0.000873114324417637
627 0.000873114324417637
628 0.00048355146215385347
629 0.0005685167944117531
630 0.003492457297670548
631 0.004365571622088185
632 0.0007384474589275524
633 0.0012194916041292337
634 0.0010376305223591363
635 0.010245936898076586
636 0.007031836599018378
637 0.0005587052342654505
638 0.00040116683707882124
639 0.001117410468530901
640 0.000873114324417637
641 0.000393582208037624
642 0.0003887745697496512
643 0.000505900267840781
644 0.000618218327643938
645 0.0005908656000986806
646 0.0003712334023506965