0 0.00019243773886705868
1 0.0001309668193588762
2 0.00017273030805218352
7 0.000233207996263883
13 0.000019487324150714776
16 0.00007545831652538253
26 0.0004937359809345666
34 0.00008687753051003999
36 0.00008296386270199534
38 0.000005801646248097621
39 0.000004633778456304862
40 0.00003602503556013096
41 0.000018566402687180508
42 0.00010288760611871043
43 0.00001236461273776724
45 0.0003894636368882597
47 0.00004514127961646484
52 0.00014497369525357328
61 0.00035285287846540845
63 0.000007571063735414479
64 0.00018731984297588175
65 0.00001773141897136357
81 0.00018240709186440708
82 0.0005664825455324013
87 0.0005674688033633956
89 0.00019011459890734794
100 0.0003059416346523785
104 0.00016413845014333722
107 0.0002049311356991152
114 0.0004228251917335939
118 0.005750088239812408
130 0.00027274170858643915
165 0.00022550415909059743
171 0.0001368611790876869
264 0.00021085919057695548
324 0.0003753890228061612
411 0.00022304017535425432
412 0.00028729384230050906
445 0.0006937085176890659
475 0.0008588042102783905
552 0.0019342058486154139
646 0.0003712334023506965
670 0.0003329428059983855
771 0.0005258216860189834
827 0.004054985594139482
866 0.0004272224195725296
1037 0.0002709256892452844
1086 0.0005258216860189834
1123 0.008109971188278964
1659 0.0013516618647131605
1917 0.0007384474589275524
2180 0.0005908656000986806
2412 0.0006534821266696528
2697 0.00040116683707882124
2931 0.0013516618647131605
2932 0.0005587052342654505