1 0.0001309668193588762
13 0.00009094084603666895
17 0.0013208620309783875
19 0.00013212323419503196
36 0.00008296386270199534
38 0.000014504115620244055
39 0.000004633778456304862
40 0.00000900625889003274
41 0.000007426561074872202
42 0.000051443803059355216
43 0.000008243075158511493
49 0.000041620673939093223
52 0.00014497369525357328
63 0.0000094638296692681
65 0.00001773141897136357
96 0.000618218327643938
113 0.00033400045115600295
118 0.0009079086694440643
138 0.001132562659021034
146 0.000264773477364449
154 0.0003314569809760339
158 0.00028424192373937554
165 0.00022550415909059743
176 0.00033751149866781817
226 0.0002049311356991152
249 0.00038643965984885517
253 0.0002472323099654942
277 0.00019930090227324488
307 0.00022550415909059743
352 0.0002958245228348551
609 0.00043730308863810597
689 0.0008609827766498793
716 0.0003136207976380542
780 0.002265125318042068
1037 0.0002709256892452844
1049 0.0007384474589275524
1101 0.00046465581618336337
1178 0.0017353997156866743
1251 0.0006345864806991627
1330 0.0003960586369806884
1368 0.00045217938883475555
1487 0.0007384474589275524
1596 0.0004603543550640608
2197 0.0006534821266696528
2395 0.0007384474589275524
2933 0.000873114324417637
2934 0.000873114324417637
2935 0.000873114324417637