11 0.0004092519030008361
13 0.00009743662075357388
36 0.00004148193135099767
38 0.000005801646248097621
39 0.000004633778456304862
40 0.000006004172593355159
41 0.000007426561074872202
42 0.00020577521223742086
43 0.000008243075158511493
45 0.00025964242459217314
46 0.00013757309798016797
47 0.00027084767769878907
52 0.00014497369525357328
63 0.00000567829780156086
64 0.00018731984297588175
65 0.00007092567588545428
67 0.00012611353927194057
88 0.00024872719512041187
104 0.00032827690028667443
113 0.00011133348371866765
122 0.00018417084982617462
150 0.0005343168922353136
191 0.0010376305223591363
196 0.0006703233366080756
222 0.0003841483956894837
275 0.0004120699366150429
277 0.00009965045113662244
353 0.0022523341368369675
357 0.0017194033740271957
358 0.0011583651350332708
410 0.0005685167944117531
437 0.0006430637382370231
520 0.00016189608767124534
622 0.0007823096410577976
638 0.00040116683707882124
753 0.0002783569986123394
759 0.00035770704084433884
906 0.0005908656000986806
980 0.0007266446617404781
1037 0.0002709256892452844
1111 0.0012075611868749357
1173 0.00041790813825628515
1536 0.0007031836599018376
1839 0.0006758309323565803
2027 0.00046465581618336337
2372 0.0007031836599018376
2879 0.0014063673198036752
2881 0.011076711883913288
2936 0.006984914595341096
2937 0.0007881489921597373
2938 0.0007881489921597373
2939 0.000873114324417637
2940 0.0007881489921597373
2941 0.000873114324417637
2942 0.000873114324417637