0 0.00019243773886705868
1 0.0001309668193588762
2 0.00017273030805218352
3 0.00037969048392546374
4 0.00035233775638020634
5 0.0002365665368606119
6 0.0002400196965770493
7 0.000233207996263883
8 0.00028224872431895635
9 0.00034083253173672426
12 0.002308391595349329
13 0.00003247887358452463
14 0.00025254616640991854
15 0.0002564879550388143
17 0.0005660837275621661
19 0.0002642464683900639
20 0.0012324582435906714
21 0.0004291600720032795
22 0.0008050415334898633
23 0.00022801868959232616
27 0.0010125344960034547
34 0.00008687753051003999
36 0.00012444579405299303
38 0.000011603292496195242
39 0.000018535113825219447
40 0.00001801251778006548
41 0.000025992963762052712
42 0.00010288760611871043
43 0.00001236461273776724
44 0.00013635553537529827
45 0.00025964242459217314
46 0.00022928849663361327
47 0.00031598895731525394
48 0.00013154366307515625
49 0.00012486202181727967
51 0.00004686777384075253
52 0.00014497369525357328
55 0.00009700475713476236
56 0.00019433189464916796
57 0.0001250684069607151
61 0.00035285287846540845
63 0.0000037855318677072396
64 0.00018731984297588175
65 0.00003546283794272714
66 0.00018628059697440975
67 0.00004203784642398019
81 0.00036481418372881415
100 0.0003059416346523785
114 0.0004228251917335939
118 0.0012105448925920858
122 0.00036834169965234924
124 0.0001988555649537063
125 0.0002682511308492756
135 0.00029805329448025724
154 0.0003314569809760339
158 0.00028424192373937554
159 0.0001776836714179443
171 0.00041058353726306076
179 0.0006172337515594486
196 0.0001675808341520189
197 0.0008712710716447848
210 0.0003201773905469762
222 0.0003841483956894837
245 0.000181970089392662
255 0.00017273030805218352
270 0.004314604437223815
271 0.0017950983805895045
274 0.0011574860131411257
279 0.0004585911327659849
286 0.0001987752449196317
288 0.00022801868959232616
292 0.0002914849877710017
307 0.00045100831818119485
309 0.0003003233420124021
367 0.0002673724241223067
401 0.00018110073068838497
430 0.00022365154352182467
461 0.0003985861298959538
493 0.0009381615620287627
494 0.0009766104260159718
495 0.0003753890228061612
496 0.0002464916487181342
497 0.00017684408550895013
518 0.003267410633348264
552 0.0009671029243077069
555 0.0002457554359134993
573 0.0001652752038556845
590 0.0007344281131537118
613 0.0002597352724507996
697 0.0004691137279473833
709 0.00027274170858643915
715 0.0004092519030008361
746 0.0003672140565768559
927 0.001648863445323789
934 0.0007881489921597373
1060 0.0002852508106156339
1085 0.000787164416075248
1236 0.000549621148441263
1280 0.0006513749791479525
1424 0.0015564457835387047
1617 0.0012691729613983254
1647 0.0012075611868749357
2035 0.0007384474589275524
2129 0.0015564457835387047
2148 0.00044828766312813873
2166 0.0006345864806991627
2909 0.0006534821266696528
2984 0.0007031836599018376
2985 0.005238685946505822
2986 0.000873114324417637
2987 0.0012075611868749357
2988 0.000873114324417637
2989 0.0030910916382196904
2990 0.000873114324417637
2991 0.000873114324417637