9 0.00017041626586836213
13 0.000006495774716904924
21 0.0001430533573344265
26 0.00012343399523364164
36 0.00004148193135099767
38 0.000005801646248097621
39 0.000004633778456304862
40 0.000006004172593355159
41 0.000007426561074872202
42 0.000051443803059355216
43 0.000016486150317022987
45 0.00025964242459217314
47 0.00004514127961646484
52 0.00014497369525357328
55 0.00038801902853904946
58 0.0008237551125322549
59 0.00040158610568973463
60 0.0002572917550567303
63 0.00000567829780156086
64 0.00018731984297588175
65 0.00003546283794272714
66 0.00009314029848720488
85 0.00048714592340005404
89 0.00009505729945367397
160 0.00018023749427928805
217 0.0017219655532997587
246 0.00040649720137641123
310 0.00016226697770759457
392 0.0005938676863953582
394 0.0004942172352587358
430 0.00044730308704364933
490 0.002169249644608343
491 0.0009332799141683663
492 0.003417214355329174
497 0.00017684408550895013
505 0.0016798480166249088
506 0.00029918306343158405
508 0.0008047533925478269
641 0.000393582208037624
673 0.0007384474589275524
674 0.0007031836599018376
709 0.0005454834171728783
915 0.0006458029636839771
1037 0.0002709256892452844
1247 0.00046465581618336337
1397 0.00028028741746109395
1803 0.0004942172352587358
2631 0.0012362098098451287
2636 0.00044451570202655086
2836 0.0004737399020075509
2992 0.00048355146215385347
2993 0.000873114324417637