0 0.00019243773886705868
1 0.0001309668193588762
2 0.00017273030805218352
5 0.0002365665368606119
6 0.0002400196965770493
7 0.000233207996263883
13 0.000012991549433809848
16 0.00007545831652538253
17 0.0005660837275621661
19 0.0002642464683900639
24 0.0011370335888235062
27 0.00033751149866781817
33 0.00022662121650080273
34 0.0002171938262751
36 0.00004148193135099767
38 0.000008702469372146433
39 0.000009267556912609724
40 0.000015010431483387899
41 0.00003341952483692492
42 0.000051443803059355216
43 0.000008243075158511493
45 0.00012982121229608657
46 0.00022928849663361327
47 0.00031598895731525394
48 0.00013154366307515625
49 0.000041620673939093223
52 0.00014497369525357328
56 0.00012955459643277864
63 0.00000567829780156086
64 0.00018731984297588175
65 0.00003546283794272714
66 0.00009314029848720488
67 0.00004203784642398019
71 0.00012561808978093188
89 0.00028517189836102194
100 0.00015297081732618925
102 0.00025332444879269114
124 0.00009942778247685315
130 0.00027274170858643915
173 0.0010823281337329915
174 0.003545193600592084
180 0.0001136486243970201
183 0.0002081290317624025
249 0.00038643965984885517
259 0.0015534920552852367
263 0.000467744766116719
277 0.00039860180454648976
297 0.00034888459666376895
303 0.0004887683798320584
304 0.00026056072380914035
347 0.0002479774737404859
367 0.0021389793929784537
377 0.0003188377153162591
411 0.00044608035070850863
444 0.001099242296882526
449 0.0008609827766498793
642 0.0003887745697496512
670 0.000665885611996771
738 0.0007384474589275524
739 0.0006037805934374678
772 0.0002597352724507996
873 0.00037969048392546374
1120 0.0014736257583378206
1263 0.0005188152611795682
1310 0.00036332233087023905
1603 0.0008023336741576425
1874 0.0036922372946377622
2004 0.0014768949178551047
2005 0.0006534821266696528
2128 0.0008746061772762119
2370 0.003515918299509189
2497 0.001696153475101464
2533 0.0007031836599018376
3001 0.0011817312001973612
3002 0.0007384474589275524
3003 0.000873114324417637
3004 0.0007031836599018376
3005 0.000873114324417637
3006 0.000873114324417637
3007 0.00043049138832493966