0 0.00019243773886705868
1 0.0001309668193588762
2 0.00017273030805218352
3 0.00037969048392546374
4 0.00035233775638020634
5 0.0002365665368606119
6 0.0002400196965770493
7 0.000233207996263883
8 0.00028224872431895635
9 0.00023858277221570697
13 0.000019487324150714776
20 0.0002464916487181342
21 0.001716640288013118
22 0.0002683471778299544
26 0.00012343399523364164
34 0.00008687753051003999
36 0.00012444579405299303
38 0.000008702469372146433
39 0.000009267556912609724
40 0.000015010431483387899
41 0.000018566402687180508
42 0.00010288760611871043
43 0.00002472922547553448
44 0.00013635553537529827
45 0.00025964242459217314
46 0.0001834307973068906
47 0.00027084767769878907
48 0.00013154366307515625
49 0.000041620673939093223
51 0.00004686777384075253
52 0.00028994739050714656
55 0.00009700475713476236
56 0.0003238864910819466
58 0.0008237551125322549
59 0.00020079305284486732
60 0.0002572917550567303
61 0.00035285287846540845
63 0.0000037855318677072396
64 0.00018731984297588175
65 0.00003546283794272714
66 0.00018628059697440975
67 0.00004203784642398019
84 0.0006392638866670728
85 0.0007307188851000811
100 0.0004589124519785678
104 0.00016413845014333722
107 0.0002049311356991152
113 0.00011133348371866765
114 0.0014798881710675789
122 0.00018417084982617462
123 0.000188234616351904
124 0.00009942778247685315
128 0.0013685962038257882
135 0.0005961065889605145
139 0.0005644974486379127
143 0.0019799337041596734
144 0.0001691423720016671
150 0.00035621126149020904
152 0.0005587052342654505
159 0.0015991530427614993
160 0.00018023749427928805
167 0.00045217938883475555
171 0.0001368611790876869
186 0.0005050923328198371
191 0.0010376305223591363
212 0.00040116683707882124
255 0.00017273030805218352
277 0.00009965045113662244
288 0.00022801868959232616
310 0.001135868843953162
366 0.00034225708731462997
375 0.00025891534254753946
389 0.00044451570202655086
393 0.0006781460730349327
399 0.0005938676863953582
401 0.0007244029227535399
495 0.0007507780456123224
497 0.00017684408550895013
505 0.0006719392066499634
506 0.0014959153171579206
507 0.0010909668343457566
514 0.00043049138832493966
546 0.0004120699366150429
549 0.0012114091427224763
552 0.00048355146215385347
554 0.0003985861298959538
555 0.0004915108718269986
557 0.000848076737550732
558 0.0003775208863403447
569 0.00042093493558288133
570 0.006758309323565804
573 0.0001652752038556845
667 0.0013685962038257882
753 0.0002783569986123394
776 0.0015365632554912878
779 0.00030263622314802144
782 0.00036142184220439385
786 0.011306485332076448
788 0.0004149542829511784
811 0.0013565381665042668
890 0.003267410633348264
895 0.0010665059907720767
1078 0.0004408563537610837
1150 0.003807518884194976
1214 0.000848076737550732
1310 0.0047231903013131085
1317 0.000618218327643938
1331 0.000549621148441263
1397 0.00028028741746109395
1669 0.00914138757872389
1670 0.001236436655287876
1675 0.017339277827514224
1753 0.0017492123545524239
2007 0.0004408563537610837
2127 0.0006345864806991627
3008 0.00873114324417637
3009 0.004365571622088185
3010 0.00611180027092346
3011 0.000873114324417637
3012 0.000873114324417637
3013 0.000873114324417637
3014 0.000873114324417637
3015 0.000873114324417637
3016 0.000873114324417637
3017 0.000873114324417637
3018 0.001322569061283251