0 0.00019243773886705868
1 0.0001309668193588762
2 0.00017273030805218352
5 0.0002365665368606119
6 0.0002400196965770493
7 0.000233207996263883
9 0.00006816650634734484
13 0.000019487324150714776
16 0.00007545831652538253
20 0.0002464916487181342
38 0.000008702469372146433
39 0.000009267556912609724
40 0.000012008345186710319
41 0.000011139841612308305
42 0.00015433140917806565
43 0.000016486150317022987
44 0.00013635553537529827
45 0.0003894636368882597
46 0.0001834307973068906
47 0.00027084767769878907
48 0.00013154366307515625
49 0.000041620673939093223
52 0.00028994739050714656
58 0.0005491700750215032
59 0.000602379158534602
60 0.0002572917550567303
61 0.00035285287846540845
63 0.00000567829780156086
64 0.00018731984297588175
65 0.00003546283794272714
67 0.00004203784642398019
72 0.0007057057569308169
73 0.00019291377466338104
74 0.0006099871709657873
75 0.0031652557218432896
76 0.0005343370614367644
77 0.0018586232647334535
78 0.0022740671776470124
79 0.000549621148441263
80 0.000618218327643938
81 0.00018240709186440708
82 0.003115654000428207
83 0.002023601071363124
84 0.0002130879622223576
85 0.00024357296170002702
86 0.0004408563537610837
87 0.0001891562677877985
88 0.00024872719512041187
89 0.00009505729945367397
90 0.000499919615209078
91 0.0010376305223591363
92 0.000873114324417637
93 0.000873114324417637
94 0.0004785475402955236