1 0.0001309668193588762
9 0.00013633301269468968
13 0.000012991549433809848
14 0.0005050923328198371
21 0.0001430533573344265
26 0.00012343399523364164
37 0.0004195196388193289
38 0.000008702469372146433
39 0.000041704006106743765
40 0.000015010431483387899
41 0.000014853122149744404
42 0.000051443803059355216
43 0.000008243075158511493
44 0.00006817776768764914
46 0.00022928849663361327
47 0.00013542383884939454
49 0.0001664826957563729
52 0.00014497369525357328
61 0.00035285287846540845
63 0.00000567829780156086
64 0.00018731984297588175
66 0.00018628059697440975
67 0.00012611353927194057
71 0.00012561808978093188
84 0.001065439811111788
89 0.00009505729945367397
118 0.0012105448925920858
122 0.00018417084982617462
124 0.00009942778247685315
125 0.0008047533925478269
139 0.00028224872431895635
144 0.0003382847440033342
158 0.0008527257712181266
159 0.0001776836714179443
165 0.00022550415909059743
180 0.00005682431219851005
196 0.0006703233366080756
277 0.0004982522556831122
282 0.0011456975263667364
304 0.00026056072380914035
322 0.0007881489921597373
356 0.00040649720137641123
366 0.00034225708731462997
394 0.0004942172352587358
406 0.000505900267840781
412 0.0005745876846010181
413 0.00048285733368504623
422 0.003267410633348264
430 0.00044730308704364933
464 0.000393582208037624
468 0.0012544831905522168
520 0.00016189608767124534
551 0.0002832412727662006
555 0.0002457554359134993
576 0.0003086168757797243
595 0.0013335471060796527
746 0.0003672140565768559
763 0.0006758309323565803
767 0.0028959128375831773
768 0.0009884344705174716
771 0.0031549301161139004
813 0.0006758309323565803
845 0.00043730308863810597
870 0.0031380136418969716
981 0.000618218327643938
1668 0.0005685167944117531
1701 0.000505900267840781
1837 0.0014997588456272344
1913 0.0007031836599018376
2206 0.0006534821266696528
2336 0.0004691137279473833
2579 0.0007031836599018376
2637 0.00043049138832493966
2943 0.003379154661782902
3019 0.000873114324417637
3020 0.0006534821266696528
3021 0.000873114324417637
3022 0.000499919615209078
3023 0.000873114324417637
3024 0.011350486217429281
3025 0.000873114324417637
3026 0.0007384474589275524
3027 0.000873114324417637
3028 0.0007031836599018376
3029 0.000873114324417637
3030 0.000873114324417637
3031 0.000873114324417637
3032 0.000873114324417637
3033 0.0004737399020075509