12 0.001538927730232886
13 0.00005846197245214433
19 0.0005284929367801278
20 0.0002464916487181342
28 0.00025332444879269114
29 0.0010659998863549467
33 0.00011331060825040136
34 0.000043438765255019996
36 0.00008296386270199534
38 0.000005801646248097621
39 0.000013901335368914586
40 0.000015010431483387899
41 0.00002227968322461661
42 0.00015433140917806565
43 0.00002472922547553448
45 0.00025964242459217314
46 0.0001834307973068906
47 0.00027084767769878907
49 0.00020810336969546614
52 0.00028994739050714656
63 0.0000037855318677072396
64 0.00018731984297588175
65 0.00007092567588545428
66 0.00027942089546161464
78 0.004548134355294025
81 0.0016416638267796638
82 0.0014162063638310035
88 0.0004974543902408237
89 0.00009505729945367397
97 0.00023454039050719067
100 0.00015297081732618925
106 0.000505900267840781
122 0.00018417084982617462
123 0.000188234616351904
124 0.00009942778247685315
151 0.0016798480166249088
171 0.0001368611790876869
172 0.0006534821266696528
180 0.00005682431219851005
184 0.00040649720137641123
186 0.0007576384992297557
192 0.000648573141485873
197 0.0005808473810965232
225 0.00042093493558288133
226 0.0002049311356991152
245 0.000545910268177986
250 0.000742466804701393
252 0.000549621148441263
264 0.00021085919057695548
271 0.002094281444021089
274 0.0034724580394233776
283 0.00041790813825628515
307 0.00022550415909059743
310 0.00016226697770759457
319 0.00045619873460859607
360 0.00019339166635443979
411 0.00022304017535425432
412 0.0005745876846010181
413 0.00024142866684252312
437 0.0012861274764740462
438 0.00035955036976865123
441 0.0017194033740271957
493 0.00023454039050719067
494 0.001757898766828749
497 0.00035368817101790026
520 0.00016189608767124534
551 0.0002832412727662006
555 0.0002457554359134993
565 0.0006534821266696528
608 0.0003438806748054391
609 0.00043730308863810597
638 0.0008023336741576425
666 0.00032568748957397626
671 0.0002597352724507996
685 0.0005908656000986806
693 0.0036174351106780444
706 0.0012691729613983254
708 0.00035955036976865123
716 0.0003136207976380542
739 0.0006037805934374678
743 0.000499919615209078
746 0.0003672140565768559
753 0.0002783569986123394
803 0.0002597352724507996
820 0.0023232790809168172
821 0.0025383459227966507
875 0.0003841483956894837
915 0.0009687044455259658
993 0.00043049138832493966
1029 0.00023724943034546792
1050 0.0004603543550640608
1060 0.0005705016212312678
1062 0.0007743025821711785
1086 0.0005258216860189834
1109 0.004945746621151504
1117 0.0005332529953860384
1141 0.00041790813825628515
1219 0.0006758309323565803
1271 0.0003652527497189936
1285 0.0010899669926107173
1326 0.0006534821266696528
1327 0.0006534821266696528
1349 0.0005908656000986806
1495 0.0004691137279473833
1528 0.0008746061772762119
1538 0.006040525610383724
1650 0.00041790813825628515
1666 0.0005791825675166354
1674 0.0004338499289216686
1785 0.00030499358548289365
1892 0.0005258216860189834
2063 0.0008023336741576425
2319 0.001099242296882526
2705 0.0025383459227966507
2795 0.0006534821266696528
3034 0.001746228648835274
3035 0.0007881489921597373
3036 0.000873114324417637
3037 0.000873114324417637
3038 0.002619342973252911
3039 0.000873114324417637
3040 0.0022740671776470124
3041 0.000873114324417637
3042 0.000873114324417637
3043 0.0014063673198036752
3044 0.0006534821266696528
3045 0.0007031836599018376
3046 0.000873114324417637
3047 0.000873114324417637
3048 0.000873114324417637
3049 0.0006758309323565803
3050 0.000873114324417637
3051 0.000873114324417637