1 0.0001309668193588762
2 0.00017273030805218352
11 0.0004092519030008361
13 0.00003247887358452463
37 0.00020975981940966445
38 0.000008702469372146433
39 0.000009267556912609724
40 0.000006004172593355159
41 0.000007426561074872202
43 0.00001236461273776724
45 0.00012982121229608657
49 0.000041620673939093223
52 0.00014497369525357328
56 0.00006477729821638932
63 0.000007571063735414479
64 0.00018731984297588175
65 0.00003546283794272714
66 0.00009314029848720488
85 0.00048714592340005404
100 0.00015297081732618925
106 0.0015177008035223431
107 0.0004098622713982304
113 0.0002226669674373353
114 0.00021141259586679695
117 0.0004338499289216686
118 0.0012105448925920858
125 0.0008047533925478269
132 0.0003985861298959538
159 0.0001776836714179443
160 0.0003604749885585761
171 0.0001368611790876869
180 0.0001136486243970201
184 0.00040649720137641123
193 0.0002936355528176933
196 0.002848874180584322
212 0.001604667348315285
245 0.000181970089392662
253 0.0002472323099654942
255 0.00017273030805218352
263 0.0002338723830583595
277 0.00009965045113662244
307 0.00022550415909059743
334 0.0005791825675166354
347 0.0002479774737404859
360 0.00019339166635443979
368 0.00018686500362842702
376 0.00034065472379816113
389 0.00044451570202655086
430 0.00044730308704364933
530 0.009273274914659072
549 0.00040380304757415875
551 0.0002832412727662006
563 0.006822201532941038
579 0.003459520646811151
643 0.000505900267840781
671 0.0002597352724507996
690 0.0004942172352587358
768 0.0004942172352587358
788 0.0004149542829511784
803 0.0002597352724507996
889 0.022501877116858804
975 0.0012075611868749357
1001 0.00030739717354226806
1032 0.0005332529953860384
1088 0.000499919615209078
1182 0.00045217938883475555
1468 0.0008241398732300858
1479 0.00038643965984885517
1504 0.0005332529953860384
1694 0.0007031836599018376
1713 0.0004120699366150429
1753 0.0021865154431905303
2413 0.0005791825675166354
2469 0.0007031836599018376
2537 0.0006037805934374678
2732 0.0007881489921597373
3075 0.0007384474589275524
3076 0.003515918299509189
3077 0.0015762979843194746
3078 0.000873114324417637
3079 0.000549621148441263
3080 0.0007384474589275524
3081 0.0007031836599018376
3082 0.0007881489921597373
3083 0.000873114324417637
3084 0.000873114324417637