0 0.00019243773886705868
1 0.0001309668193588762
2 0.00017273030805218352
5 0.0002365665368606119
6 0.0002400196965770493
7 0.000233207996263883
9 0.00006816650634734484
13 0.000019487324150714776
16 0.00007545831652538253
20 0.0002464916487181342
26 0.00012343399523364164
28 0.00025332444879269114
34 0.00013031629576506
36 0.00004148193135099767
38 0.000008702469372146433
39 0.000009267556912609724
40 0.000012008345186710319
41 0.000014853122149744404
42 0.000051443803059355216
43 0.00002472922547553448
45 0.00012982121229608657
49 0.00008324134787818645
52 0.00014497369525357328
63 0.00000567829780156086
64 0.00018731984297588175
65 0.00003546283794272714
67 0.00008407569284796038
81 0.00036481418372881415
253 0.0002472323099654942
307 0.0006765124772717924
309 0.0003003233420124021
391 0.000832209213374875
392 0.0002969338431976791
475 0.002003876490649578
572 0.0006781460730349327
772 0.0002597352724507996
1037 0.0002709256892452844
1070 0.0007082030286839478
1263 0.0010376305223591363
1391 0.0013069642533393056
1450 0.00032568748957397626
1788 0.0004120699366150429
1937 0.0017375477025499064
2365 0.0007031836599018376
3085 0.001236436655287876
3086 0.000873114324417637
3087 0.000873114324417637
3088 0.001746228648835274
3089 0.0007881489921597373
3090 0.0007881489921597373
3091 0.000873114324417637
3092 0.0004338499289216686