0 0.00019243773886705868
1 0.0001309668193588762
2 0.00017273030805218352
5 0.0002365665368606119
6 0.0002400196965770493
7 0.000233207996263883
8 0.00028224872431895635
13 0.000045470423018334476
20 0.0004929832974362684
21 0.0001430533573344265
22 0.0001341735889149772
34 0.000043438765255019996
36 0.00008296386270199534
38 0.000008702469372146433
39 0.000004633778456304862
40 0.00000900625889003274
41 0.000011139841612308305
42 0.000051443803059355216
43 0.00001236461273776724
45 0.00025964242459217314
49 0.000041620673939093223
51 0.00004686777384075253
52 0.00028994739050714656
56 0.00012955459643277864
58 0.0008237551125322549
59 0.00040158610568973463
60 0.0002572917550567303
63 0.0000037855318677072396
64 0.00018731984297588175
65 0.00003546283794272714
66 0.00009314029848720488
68 0.0002914849877710017
81 0.0005472212755932213
84 0.0004261759244447152
85 0.00048714592340005404
105 0.0003314569809760339
114 0.00021141259586679695
118 0.0021184535620361504
139 0.00028224872431895635
177 0.00015160120460271228
179 0.0006172337515594486
183 0.0002081290317624025
186 0.0007576384992297557
196 0.0003351616683040378
212 0.001203500511236464
243 0.000264773477364449
251 0.00022002825322499402
255 0.0006909212322087341
275 0.0004120699366150429
277 0.00029895135340986733
286 0.0001987752449196317
287 0.00025810086072372616
368 0.00018686500362842702
389 0.00044451570202655086
391 0.0005548061422499166
396 0.0007678541784258615
399 0.0005938676863953582
411 0.00044608035070850863
422 0.0006534821266696528
464 0.000393582208037624
493 0.00046908078101438134
520 0.00016189608767124534
537 0.0003960586369806884
569 0.00042093493558288133
585 0.0003911548205288988
646 0.0003712334023506965
647 0.0005332529953860384
648 0.003521951296016739
670 0.0003329428059983855
716 0.0003136207976380542
746 0.0003672140565768559
749 0.0004603543550640608
1001 0.00030739717354226806
1081 0.000549621148441263
1112 0.0003672140565768559
1117 0.0005332529953860384
1162 0.00030263622314802144
1186 0.0006037805934374678
1209 0.0015762979843194746
1214 0.000424038368775366
1310 0.00036332233087023905
1403 0.0006910521121340801
1594 0.000549621148441263
1674 0.0004338499289216686
1758 0.0007881489921597373
1935 0.000505900267840781
2015 0.000499919615209078
2027 0.0018586232647334535
2061 0.0005908656000986806
2408 0.0007384474589275524
2585 0.0006758309323565803
2746 0.0057069678729752505
3101 0.0007881489921597373
3102 0.000873114324417637
3103 0.0007031836599018376
3104 0.006984914595341096
3105 0.001746228648835274
3106 0.016589172163935104
3107 0.004365571622088185
3108 0.003492457297670548
3109 0.0031525959686389492
3110 0.000873114324417637
3111 0.000873114324417637
3112 0.00611180027092346
3113 0.0006037805934374678
3114 0.002619342973252911
3115 0.007858028919758734
3116 0.0007881489921597373
3117 0.0007881489921597373
3118 0.000873114324417637
3119 0.000873114324417637
3120 0.000873114324417637
3121 0.0014768949178551047
3122 0.000873114324417637
3123 0.000873114324417637