0 0.00019243773886705868
1 0.0001309668193588762
2 0.00017273030805218352
5 0.0002365665368606119
6 0.0002400196965770493
7 0.000233207996263883
8 0.00028224872431895635
13 0.00005196619773523939
30 0.00044365302269117307
36 0.00016592772540399069
38 0.000008702469372146433
39 0.000013901335368914586
40 0.000015010431483387899
41 0.000014853122149744404
42 0.000051443803059355216
43 0.00002472922547553448
45 0.0006491060614804328
46 0.00027514619596033594
47 0.00022570639808232424
48 0.00013154366307515625
49 0.00012486202181727967
52 0.0004349210857607199
58 0.0013729251875537582
59 0.000602379158534602
63 0.00000567829780156086
64 0.00018731984297588175
65 0.00003546283794272714
67 0.00012611353927194057
71 0.00025123617956186376
82 0.000849723818298602
83 0.0015177008035223431
84 0.0002130879622223576
85 0.00024357296170002702
97 0.00023454039050719067
107 0.0002049311356991152
113 0.00011133348371866765
122 0.00036834169965234924
125 0.0002682511308492756
128 0.0036495898768687685
140 0.0004603543550640608
143 0.0016499447534663945
154 0.0003314569809760339
165 0.00045100831818119485
171 0.0001368611790876869
196 0.0001675808341520189
226 0.0004098622713982304
265 0.0004120699366150429
279 0.0006878866991489774
292 0.0002914849877710017
371 0.0008817127075221674
377 0.0003188377153162591
393 0.0010172191095523992
395 0.0014768949178551047
402 0.000999839230418156
413 0.0009657146673700925
445 0.0023123617256302197
471 0.00045619873460859607
482 0.0006037805934374678
518 0.0006534821266696528
520 0.00016189608767124534
532 0.0012075611868749357
538 0.0002852508106156339
539 0.00045217938883475555
549 0.0008076060951483175
554 0.0003985861298959538
555 0.0002457554359134993
637 0.0005587052342654505
667 0.0009123974692171921
765 0.0010665059907720767
776 0.0005121877518304292
782 0.0007228436844087877
794 0.0005332529953860384
805 0.0004691137279473833
811 0.0013565381665042668
864 0.000549621148441263
869 0.0010376305223591363
1069 0.0006534821266696528
1144 0.0014063673198036752
1321 0.0003271046043571432
1410 0.0005685167944117531
1484 0.0036922372946377622
1489 0.0006534821266696528
1880 0.001117410468530901
2445 0.0007031836599018376
2481 0.004219101959411027
3124 0.016245844096406153
3125 0.000618218327643938
3126 0.001746228648835274
3127 0.0007031836599018376