13 0.00005196619773523939
16 0.00007545831652538253
28 0.00025332444879269114
38 0.000005801646248097621
39 0.000013901335368914586
40 0.000012008345186710319
41 0.000014853122149744404
42 0.00015433140917806565
43 0.000016486150317022987
46 0.00013757309798016797
47 0.00027084767769878907
49 0.00012486202181727967
51 0.00004686777384075253
56 0.00019433189464916796
61 0.00035285287846540845
63 0.0000037855318677072396
66 0.00009314029848720488
67 0.00004203784642398019
71 0.00012561808978093188
81 0.00036481418372881415
97 0.00023454039050719067
104 0.0004924153504300117
107 0.0004098622713982304
114 0.00021141259586679695
123 0.000188234616351904
150 0.00017810563074510452
171 0.0001368611790876869
196 0.0015082275073681705
218 0.0005332529953860384
226 0.0002049311356991152
247 0.0010422428952365614
251 0.00022002825322499402
275 0.0012362098098451287
277 0.00019930090227324488
292 0.0005829699755420034
304 0.00026056072380914035
412 0.00028729384230050906
445 0.00023123617256302196
520 0.0003237921753424907
538 0.0014262540530781697
546 0.0016482797464601716
595 0.00044451570202655086
615 0.0006534821266696528
724 0.0011817312001973612
768 0.0019768689410349432
772 0.0002597352724507996
897 0.002793526171327253
975 0.0012075611868749357
981 0.000618218327643938
1142 0.0005188152611795682
1310 0.0010899669926107173
1330 0.0003960586369806884
1333 0.0007881489921597373
1335 0.0006534821266696528
1382 0.0014063673198036752
1436 0.00048355146215385347
1538 0.0009293116323667267
1542 0.0025383459227966507
2090 0.0006037805934374678
2091 0.000618218327643938
2194 0.003910936639858155
2248 0.0007384474589275524
2386 0.0006758309323565803
2729 0.000618218327643938
2863 0.0018546549829318141
3133 0.0031525959686389492
3134 0.000873114324417637
3135 0.012164956782418447
3136 0.010245936898076586
3137 0.0007881489921597373
3138 0.0031525959686389492
3139 0.0004942172352587358
3140 0.000873114324417637
3141 0.0006534821266696528
3142 0.0006758309323565803
3143 0.0006534821266696528