0 0.00019243773886705868
1 0.0001309668193588762
2 0.00017273030805218352
5 0.0002365665368606119
6 0.0002400196965770493
7 0.000233207996263883
34 0.00008687753051003999
36 0.00004148193135099767
37 0.0004195196388193289
38 0.000005801646248097621
39 0.000013901335368914586
40 0.00000900625889003274
41 0.000011139841612308305
42 0.000051443803059355216
43 0.00002472922547553448
46 0.00004585769932672265
51 0.00004686777384075253
52 0.00028994739050714656
54 0.0007881489921597373
59 0.000602379158534602
61 0.00035285287846540845
63 0.0000037855318677072396
64 0.00018731984297588175
66 0.00009314029848720488
67 0.00004203784642398019
71 0.00012561808978093188
82 0.000849723818298602
84 0.0004261759244447152
100 0.0003059416346523785
114 0.00021141259586679695
124 0.00009942778247685315
160 0.0003604749885585761
177 0.00015160120460271228
196 0.0001675808341520189
225 0.00042093493558288133
250 0.0011137002070520895
277 0.00029895135340986733
279 0.00022929556638299245
304 0.00026056072380914035
347 0.0007439324212214578
393 0.0006781460730349327
406 0.000505900267840781
437 0.0006430637382370231
441 0.0003438806748054391
442 0.0003242865707429365
516 0.0014063673198036752
520 0.0016189608767124537
539 0.00045217938883475555
540 0.0006943876483085783
543 0.0003960586369806884
572 0.00033907303651746636
653 0.004365571622088185
654 0.002204281768805419
655 0.000873114324417637
656 0.000873114324417637
657 0.001117410468530901
658 0.0003841483956894837
659 0.004219101959411027
660 0.0021095509797055133
661 0.0007384474589275524
662 0.0004408563537610837
663 0.0010665059907720767
664 0.0013685962038257882
665 0.0004887683798320584
666 0.00032568748957397626
667 0.0013685962038257882
668 0.000873114324417637
669 0.00012589385831905585
670 0.0003329428059983855
671 0.0002597352724507996
672 0.0004942172352587358