0 0.00019243773886705868
16 0.00007545831652538253
26 0.00012343399523364164
38 0.000005801646248097621
39 0.000004633778456304862
40 0.000006004172593355159
41 0.000011139841612308305
43 0.000004121537579255747
52 0.00028994739050714656
58 0.0002745850375107516
59 0.00040158610568973463
60 0.0002572917550567303
61 0.00035285287846540845
63 0.0000037855318677072396
68 0.0008744549633130053
76 0.0001335842653591911
84 0.0004261759244447152
89 0.00019011459890734794
104 0.00016413845014333722
113 0.0002226669674373353
124 0.00009942778247685315
144 0.0003382847440033342
171 0.0001368611790876869
183 0.0002081290317624025
197 0.0002904236905482616
217 0.0008609827766498793
222 0.001152445187068451
227 0.0013516618647131605
255 0.00034546061610436703
277 0.00009965045113662244
286 0.0001987752449196317
310 0.00032453395541518913
323 0.0006758309323565803
353 0.0011261670684184837
357 0.0006877613496108782
375 0.00025891534254753946
399 0.0002969338431976791
411 0.00044608035070850863
412 0.00028729384230050906
413 0.00024142866684252312
437 0.00032153186911851154
596 0.00043049138832493966
622 0.0003911548205288988
1419 0.0007031836599018376
1472 0.00043730308863810597
1753 0.00043730308863810597
1773 0.000999839230418156
2221 0.0007384474589275524
2441 0.0029537898357102094
2628 0.0007384474589275524
3144 0.001746228648835274
3145 0.000873114324417637
3146 0.000873114324417637
3147 0.000873114324417637
3148 0.000873114324417637
3149 0.000873114324417637
3150 0.0005587052342654505