13 0.000025983098867619697
16 0.00007545831652538253
26 0.00012343399523364164
36 0.00004148193135099767
38 0.000005801646248097621
39 0.000004633778456304862
40 0.000006004172593355159
41 0.000007426561074872202
43 0.000004121537579255747
45 0.00012982121229608657
46 0.00004585769932672265
47 0.00004514127961646484
51 0.0001406033215222576
56 0.00006477729821638932
61 0.00035285287846540845
63 0.0000037855318677072396
66 0.00009314029848720488
122 0.00018417084982617462
150 0.00035621126149020904
177 0.00015160120460271228
279 0.00022929556638299245
288 0.0006840560687769785
289 0.0003712334023506965
309 0.0006006466840248042
357 0.0003438806748054391
368 0.00018686500362842702
437 0.00032153186911851154
550 0.00025332444879269114
1026 0.0005411640668664958
3157 0.000873114324417637