0 0.00038487547773411737
1 0.0003929004580766286
2 0.0005181909241565506
5 0.0002365665368606119
6 0.0002400196965770493
7 0.000233207996263883
13 0.000025983098867619697
16 0.00007545831652538253
34 0.00017375506102007999
36 0.00033185545080798137
38 0.000005801646248097621
39 0.000013901335368914586
40 0.000012008345186710319
41 0.000014853122149744404
42 0.00015433140917806565
43 0.00002472922547553448
45 0.00012982121229608657
46 0.00027514619596033594
47 0.00036113023693171874
48 0.00013154366307515625
49 0.00012486202181727967
52 0.00014497369525357328
55 0.00048502378567381193
56 0.00006477729821638932
63 0.0000037855318677072396
64 0.00018731984297588175
65 0.00008865709485681788
67 0.00012611353927194057
68 0.0002914849877710017
71 0.00012561808978093188
81 0.00018240709186440708
82 0.0005664825455324013
87 0.0001891562677877985
89 0.00009505729945367397
96 0.000618218327643938
100 0.0007648540866309464
104 0.00016413845014333722
118 0.0006052724462960429
124 0.00009942778247685315
160 0.0003604749885585761
161 0.0004887683798320584
165 0.00022550415909059743
171 0.0001368611790876869
177 0.0004548036138081369
196 0.0003351616683040378
210 0.0003201773905469762
226 0.0004098622713982304
261 0.0007016171491750785
264 0.00042171838115391097
332 0.00951879721048744
360 0.00019339166635443979
411 0.00044608035070850863
442 0.0003242865707429365
480 0.0003672140565768559
484 0.0008609827766498793
588 0.0007031836599018376
594 0.0006877613496108782
609 0.007434152506847804
669 0.00012589385831905585
670 0.0003329428059983855
771 0.0005258216860189834
876 0.0007823096410577976
1001 0.00030739717354226806
1037 0.0002709256892452844
1088 0.000499919615209078
1700 0.0006534821266696528
2319 0.000549621148441263
2932 0.0005587052342654505
3158 0.000873114324417637
3159 0.0006345864806991627
3160 0.000873114324417637
3161 0.0031525959686389492
3162 0.000873114324417637
3163 0.004136059200690765
3164 0.000873114324417637
3165 0.0007881489921597373
3166 0.000873114324417637