0 0.00019243773886705868
1 0.0001309668193588762
2 0.00017273030805218352
3 0.00037969048392546374
4 0.00035233775638020634
5 0.0002365665368606119
6 0.0002400196965770493
7 0.000233207996263883
8 0.00028224872431895635
9 0.00027266602538937937
13 0.000012991549433809848
16 0.00007545831652538253
20 0.0004929832974362684
21 0.000286106714668853
22 0.0001341735889149772
34 0.00008687753051003999
36 0.00008296386270199534
37 0.0004195196388193289
38 0.000008702469372146433
39 0.000009267556912609724
40 0.000015010431483387899
41 0.000018566402687180508
42 0.00010288760611871043
43 0.00002885076305479023
44 0.00013635553537529827
45 0.00025964242459217314
46 0.0003210038952870586
47 0.00036113023693171874
48 0.00013154366307515625
49 0.00012486202181727967
51 0.00004686777384075253
52 0.00028994739050714656
55 0.00029101427140428715
56 0.0003238864910819466
57 0.0003752052208821453
58 0.0008237551125322549
59 0.00040158610568973463
60 0.0002572917550567303
61 0.00035285287846540845
63 0.0000037855318677072396
64 0.00018731984297588175
65 0.00001773141897136357
66 0.00018628059697440975
67 0.00004203784642398019
73 0.00019291377466338104
81 0.00036481418372881415
82 0.0002832412727662006
85 0.0007307188851000811
99 0.0003271046043571432
107 0.0002049311356991152
114 0.0006342377876003909
139 0.00028224872431895635
144 0.0003382847440033342
152 0.0005587052342654505
186 0.00025254616640991854
193 0.0005872711056353866
196 0.0001675808341520189
230 0.0002958245228348551
238 0.002198484593765052
251 0.00022002825322499402
264 0.00021085919057695548
282 0.001527596701822315
286 0.0001987752449196317
288 0.0018241495167386093
310 0.00032453395541518913
491 0.0006221866094455775
493 0.00023454039050719067
494 0.0007812883408127773
497 0.00035368817101790026
504 0.0007384474589275524
505 0.0006719392066499634
506 0.0005983661268631681
507 0.00027274170858643915
508 0.0002682511308492756
534 0.0005908656000986806
572 0.0006781460730349327
574 0.0006758309323565803
585 0.0003911548205288988
613 0.0002597352724507996
682 0.0003753890228061612
709 0.0010909668343457566
891 0.0009570950805910472
1078 0.0004408563537610837
1271 0.0003652527497189936
1283 0.0006781460730349327
1325 0.00031235053690802886
1833 0.0007031836599018376
2014 0.0030949260732489525
2127 0.0006345864806991627
3167 0.000873114324417637
3168 0.000873114324417637
3169 0.001746228648835274
3170 0.000873114324417637
3171 0.0007881489921597373
3172 0.0007881489921597373
3173 0.000873114324417637
3174 0.000873114324417637
3175 0.000873114324417637