0 0.00019243773886705868
1 0.0001309668193588762
2 0.00017273030805218352
5 0.0002365665368606119
6 0.0002400196965770493
7 0.000233207996263883
8 0.00028224872431895635
13 0.00008444507131976401
34 0.000043438765255019996
35 0.0003887745697496512
36 0.00004148193135099767
38 0.000008702469372146433
39 0.000009267556912609724
40 0.00002101460407674306
41 0.00002227968322461661
43 0.00002472922547553448
45 0.0007789272737765194
46 0.0003210038952870586
47 0.00031598895731525394
48 0.00013154366307515625
49 0.000041620673939093223
52 0.0004349210857607199
55 0.00048502378567381193
58 0.0013729251875537582
59 0.0008031722113794693
60 0.0002572917550567303
61 0.00035285287846540845
63 0.0000094638296692681
64 0.00018731984297588175
67 0.00004203784642398019
69 0.00023724943034546792
71 0.00012561808978093188
81 0.0014592567349152566
84 0.0002130879622223576
85 0.0007307188851000811
89 0.00019011459890734794
97 0.00023454039050719067
107 0.0014345179498938066
115 0.0002059878583080766
124 0.0001988555649537063
130 0.00027274170858643915
132 0.0003985861298959538
171 0.0005474447163507476
245 0.000181970089392662
251 0.00022002825322499402
255 0.00017273030805218352
263 0.0002338723830583595
294 0.0003985861298959538
319 0.00045619873460859607
402 0.0014997588456272344
411 0.00022304017535425432
468 0.0006272415952761084
534 0.001772596800296042
643 0.001011800535681562
645 0.0005908656000986806
648 0.002241241733828834
693 0.0031652557218432896
696 0.0006534821266696528
721 0.00044828766312813873
750 0.0003344468624572988
765 0.0010665059907720767
868 0.0002709256892452844
899 0.00044828766312813873
902 0.0011261670684184837
1093 0.00036920725599727517
1339 0.0005188152611795682
1372 0.0007031836599018376
1399 0.001772596800296042
1620 0.0005685167944117531
1920 0.0006534821266696528
1960 0.0030910916382196904
2217 0.0007881489921597373
2358 0.0007384474589275524
2414 0.0005411640668664958
3127 0.0007031836599018376
3176 0.014192449579488188
3177 0.0023644469764792122
3178 0.0047288939529584245
3179 0.007858028919758734
3180 0.0006534821266696528
3181 0.0007881489921597373
3182 0.0007881489921597373
3183 0.000873114324417637
3184 0.000873114324417637
3185 0.000873114324417637
3186 0.0007031836599018376
3187 0.001746228648835274
3188 0.000873114324417637
3189 0.0005908656000986806