9 0.00010224975952101728
13 0.000012991549433809848
16 0.00007545831652538253
18 0.0014234965820728077
22 0.0001341735889149772
36 0.00012444579405299303
38 0.000005801646248097621
39 0.000009267556912609724
40 0.00000900625889003274
41 0.000011139841612308305
42 0.000051443803059355216
43 0.00001236461273776724
44 0.00006817776768764914
45 0.00025964242459217314
46 0.0003668615946137812
47 0.00036113023693171874
49 0.00012486202181727967
52 0.00014497369525357328
55 0.00029101427140428715
56 0.00006477729821638932
57 0.0001250684069607151
61 0.00035285287846540845
63 0.00000567829780156086
64 0.00018731984297588175
65 0.00001773141897136357
67 0.00004203784642398019
68 0.0005829699755420034
72 0.0012349850746289296
73 0.00019291377466338104
75 0.0018087175553390222
76 0.0010686741228735288
82 0.0002832412727662006
85 0.00024357296170002702
87 0.0005674688033633956
89 0.00019011459890734794
90 0.000499919615209078
98 0.000505900267840781
114 0.00021141259586679695
124 0.00009942778247685315
130 0.00027274170858643915
180 0.00005682431219851005
255 0.00017273030805218352
264 0.00021085919057695548
279 0.00022929556638299245
309 0.0006006466840248042
367 0.0002673724241223067
411 0.00044608035070850863
479 0.0010376305223591363
779 0.0009079086694440643
781 0.0013939674485500902
902 0.0003753890228061612
1015 0.0005685167944117531
1036 0.0003732936031739842
1058 0.00044828766312813873
1331 0.000549621148441263
1400 0.0033161793140528565
1442 0.0004338499289216686
2688 0.0006758309323565803
3204 0.000873114324417637
3205 0.0006758309323565803
3206 0.000873114324417637