1 0.002357402748459772
2 0.00017273030805218352
13 0.000045470423018334476
26 0.00012343399523364164
34 0.000043438765255019996
37 0.00020975981940966445
38 0.0000029008231240488105
39 0.000004633778456304862
40 0.000006004172593355159
41 0.000007426561074872202
42 0.000051443803059355216
43 0.000016486150317022987
45 0.00012982121229608657
47 0.00004514127961646484
52 0.00028994739050714656
56 0.00012955459643277864
57 0.0002501368139214302
58 0.0013729251875537582
59 0.0008031722113794693
60 0.0002572917550567303
63 0.00000567829780156086
64 0.00018731984297588175
65 0.00003546283794272714
66 0.00009314029848720488
68 0.0011659399510840069
89 0.00009505729945367397
104 0.0004924153504300117
124 0.00009942778247685315
125 0.0002682511308492756
134 0.0003672140565768559
150 0.00035621126149020904
171 0.0002737223581753738
176 0.00033751149866781817
226 0.0004098622713982304
277 0.00019930090227324488
306 0.002582948329949638
310 0.00016226697770759457
316 0.0005411640668664958
360 0.00019339166635443979
379 0.0003438806748054391
445 0.00023123617256302196
457 0.0002936355528176933
489 0.0007384474589275524
497 0.0005305322565268504
589 0.0009474798040151018
590 0.0003672140565768559
591 0.0008890314040531017
606 0.0011370335888235062
634 0.0005188152611795682
671 0.0005194705449015992
673 0.0022153423767826575
674 0.0007031836599018376
675 0.0006345864806991627
676 0.000873114324417637
677 0.0007031836599018376
678 0.0009207087101281216
679 0.002027492797069741
680 0.0006758309323565803
681 0.0007881489921597373
682 0.0003753890228061612
683 0.0018113417803124036
684 0.0010516433720379667
685 0.0005908656000986806
686 0.0010376305223591363
687 0.0005258216860189834
688 0.001099242296882526
689 0.00043049138832493966
690 0.0004942172352587358
691 0.0003038092374917516
692 0.0006758309323565803
693 0.00045217938883475555
694 0.0004887683798320584
695 0.0007881489921597373
696 0.0006534821266696528
697 0.0004691137279473833
698 0.00044451570202655086