0 0.00019243773886705868
1 0.0001309668193588762
2 0.00017273030805218352
4 0.00035233775638020634
5 0.0002365665368606119
6 0.0002400196965770493
7 0.000233207996263883
8 0.00028224872431895635
9 0.00010224975952101728
13 0.00003247887358452463
14 0.00025254616640991854
20 0.0002464916487181342
21 0.001144426858675412
22 0.0001341735889149772
34 0.000043438765255019996
36 0.0002074096567549884
38 0.000008702469372146433
39 0.000018535113825219447
40 0.00000900625889003274
41 0.000011139841612308305
42 0.00015433140917806565
43 0.00002472922547553448
44 0.00013635553537529827
45 0.0003894636368882597
46 0.0001834307973068906
47 0.00031598895731525394
48 0.00013154366307515625
49 0.00008324134787818645
51 0.00004686777384075253
52 0.00014497369525357328
56 0.00006477729821638932
63 0.0000037855318677072396
64 0.00018731984297588175
65 0.00007092567588545428
89 0.00019011459890734794
104 0.00016413845014333722
105 0.0003314569809760339
107 0.0006147934070973456
118 0.00030263622314802144
124 0.00009942778247685315
132 0.0003985861298959538
177 0.00015160120460271228
179 0.004629253136695865
180 0.00005682431219851005
193 0.0002936355528176933
214 0.00054731981622391
226 0.0002049311356991152
230 0.0002958245228348551
245 0.000545910268177986
251 0.00022002825322499402
272 0.0004737399020075509
277 0.00009965045113662244
287 0.00025810086072372616
310 0.00016226697770759457
320 0.005894503033351282
327 0.009109348650555833
348 0.0004272224195725296
375 0.002589153425475395
391 0.0011096122844998333
401 0.0007244029227535399
411 0.0011152008767712717
455 0.0016716325530251406
497 0.0007073763420358005
572 0.00033907303651746636
573 0.0001652752038556845
576 0.0003086168757797243
594 0.0003438806748054391
698 0.00044451570202655086
716 0.0003136207976380542
717 0.000393582208037624
753 0.0002783569986123394
760 0.008056729006731956
868 0.0002709256892452844
898 0.0003014743275909555
899 0.00044828766312813873
915 0.00032290148184198857
916 0.0004942172352587358
920 0.0004149542829511784
1010 0.0005121877518304292
1075 0.0006037805934374678
1093 0.00036920725599727517
1112 0.0003672140565768559
1315 0.0008965753262562775
1396 0.00036920725599727517
1624 0.0006534821266696528
1785 0.00030499358548289365
1934 0.0005188152611795682
1935 0.0015177008035223431
1936 0.0006758309323565803
2398 0.002241438315640694
2655 0.00637100824268299
2656 0.0007881489921597373
2937 0.0007881489921597373
3222 0.000873114324417637
3223 0.0007031836599018376
3224 0.0007881489921597373
3225 0.000873114324417637
3226 0.0015564457835387047
3227 0.000873114324417637