0 0.00019243773886705868
1 0.0001309668193588762
2 0.00017273030805218352
4 0.00035233775638020634
5 0.0002365665368606119
7 0.000233207996263883
8 0.00028224872431895635
9 0.00010224975952101728
13 0.00003247887358452463
16 0.00022637494957614764
20 0.0002464916487181342
21 0.0001430533573344265
26 0.00012343399523364164
34 0.000043438765255019996
36 0.00004148193135099767
38 0.000005801646248097621
39 0.000013901335368914586
40 0.00000900625889003274
41 0.000011139841612308305
42 0.000051443803059355216
43 0.000020607687896278735
44 0.00013635553537529827
45 0.00012982121229608657
46 0.00027514619596033594
47 0.00027084767769878907
49 0.000041620673939093223
52 0.00028994739050714656
55 0.00019400951426952473
56 0.00012955459643277864
57 0.0002501368139214302
58 0.0010983401500430064
59 0.000602379158534602
60 0.0002572917550567303
61 0.00035285287846540845
63 0.00000567829780156086
64 0.00018731984297588175
67 0.00004203784642398019
84 0.001065439811111788
88 0.0004974543902408237
110 0.000505900267840781
124 0.00009942778247685315
144 0.0005074271160050014
150 0.00035621126149020904
255 0.00034546061610436703
279 0.00022929556638299245
287 0.001290504303618631
307 0.00022550415909059743
313 0.0008676998578433372
430 0.00022365154352182467
468 0.0003136207976380542
490 0.0008676998578433372
491 0.0034220263519506764
492 0.0056953572588819565
494 0.0019532208520319436
499 0.0037093099658636283
666 0.00032568748957397626
691 0.0003038092374917516
850 0.0003960586369806884
851 0.00012278557818346864
852 0.0003887745697496512
988 0.00041790813825628515
1328 0.004249218172103687
1397 0.00028028741746109395
1910 0.0005188152611795682
1922 0.0007384474589275524
2398 0.00044828766312813873
3033 0.0014212197060226527
3228 0.0007031836599018376
3229 0.000873114324417637
3230 0.000873114324417637
3231 0.000873114324417637