9 0.00010224975952101728
13 0.000025983098867619697
16 0.00007545831652538253
20 0.0002464916487181342
21 0.0001430533573344265
26 0.00012343399523364164
37 0.0004195196388193289
38 0.000008702469372146433
39 0.000009267556912609724
40 0.000012008345186710319
41 0.000014853122149744404
42 0.00010288760611871043
43 0.00001236461273776724
44 0.00013635553537529827
45 0.00025964242459217314
46 0.00013757309798016797
47 0.00018056511846585937
48 0.00013154366307515625
49 0.000041620673939093223
52 0.00028994739050714656
58 0.0002745850375107516
59 0.00040158610568973463
60 0.0002572917550567303
61 0.00035285287846540845
63 0.00000567829780156086
67 0.00004203784642398019
73 0.00019291377466338104
82 0.0002832412727662006
85 0.00024357296170002702
89 0.00009505729945367397
90 0.000499919615209078
115 0.0002059878583080766
122 0.00018417084982617462
124 0.00009942778247685315
149 0.0003732936031739842
171 0.0001368611790876869
196 0.0005027425024560568
222 0.0003841483956894837
243 0.000264773477364449
263 0.000467744766116719
389 0.0026670942121593054
394 0.0004942172352587358
457 0.0002936355528176933
468 0.0003136207976380542
470 0.00037969048392546374
497 0.00017684408550895013
520 0.00016189608767124534
596 0.00043049138832493966
746 0.0003672140565768559
786 0.0008076060951483175
805 0.0004691137279473833
823 0.00045217938883475555
826 0.0004272224195725296
839 0.000549621148441263
865 0.0006345864806991627
1276 0.00048355146215385347
1310 0.0021799339852214346
1315 0.0013448629893844162
1348 0.000618218327643938
1374 0.0010823281337329915
1629 0.001291474164974819
1636 0.003222480485448426
1637 0.0005332529953860384
1647 0.0006037805934374678
1650 0.0008358162765125703
2514 0.0007881489921597373
3232 0.0031525959686389492
3233 0.0007384474589275524
3234 0.0036922372946377622
3235 0.000873114324417637
3236 0.000873114324417637
3237 0.004430684753565315
3238 0.000873114324417637
3239 0.001746228648835274
3240 0.000873114324417637
3241 0.000873114324417637