0 0.00019243773886705868
1 0.0001309668193588762
2 0.00034546061610436703
5 0.0002365665368606119
6 0.0002400196965770493
7 0.000233207996263883
13 0.000019487324150714776
29 0.00026649997158873667
33 0.00011331060825040136
34 0.00008687753051003999
36 0.00008296386270199534
38 0.000005801646248097621
39 0.000013901335368914586
40 0.00000900625889003274
41 0.000014853122149744404
42 0.000051443803059355216
43 0.000016486150317022987
45 0.00012982121229608657
46 0.00004585769932672265
47 0.00013542383884939454
48 0.00013154366307515625
49 0.00012486202181727967
52 0.00014497369525357328
63 0.00000567829780156086
65 0.00001773141897136357
66 0.00018628059697440975
72 0.0005292793176981127
82 0.0005664825455324013
87 0.0005674688033633956
89 0.00009505729945367397
100 0.00015297081732618925
113 0.00033400045115600295
122 0.00018417084982617462
125 0.0002682511308492756
134 0.0007344281131537118
159 0.0001776836714179443
277 0.00019930090227324488
278 0.0003775208863403447
291 0.0003887745697496512
292 0.0008744549633130053
310 0.0006490679108303783
314 0.000618218327643938
348 0.0004272224195725296
360 0.00019339166635443979
379 0.0003438806748054391
412 0.00028729384230050906
413 0.00024142866684252312
430 0.00022365154352182467
468 0.0006272415952761084
484 0.0008609827766498793
493 0.00023454039050719067
494 0.00019532208520319432
520 0.0003237921753424907
878 0.0007031836599018376
958 0.0006534821266696528
1100 0.0008023336741576425
1162 0.00030263622314802144
1305 0.0004691137279473833
1315 0.0013448629893844162
1325 0.00031235053690802886
1949 0.00140734118384215
2115 0.0018113417803124036
2297 0.0006758309323565803
3242 0.000873114324417637
3243 0.000873114324417637