13 0.000045470423018334476
26 0.0002468679904672833
34 0.00013031629576506
36 0.00008296386270199534
38 0.000005801646248097621
39 0.000009267556912609724
40 0.000015010431483387899
41 0.000014853122149744404
43 0.000008243075158511493
45 0.00012982121229608657
47 0.00004514127961646484
49 0.00012486202181727967
51 0.00004686777384075253
52 0.00028994739050714656
58 0.0008237551125322549
59 0.000602379158534602
60 0.0002572917550567303
63 0.0000037855318677072396
64 0.00018731984297588175
65 0.00003546283794272714
72 0.00035285287846540845
84 0.0002130879622223576
87 0.000756625071151194
88 0.00024872719512041187
89 0.00028517189836102194
104 0.00016413845014333722
114 0.00021141259586679695
122 0.00018417084982617462
146 0.000529546954728898
160 0.00018023749427928805
260 0.0007637983509111575
267 0.0002783569986123394
275 0.0004120699366150429
287 0.00025810086072372616
307 0.00022550415909059743
310 0.0006490679108303783
361 0.0006758309323565803
412 0.00028729384230050906
413 0.00024142866684252312
416 0.0006221866094455775
445 0.0004624723451260439
475 0.0028626807009279687
479 0.0005188152611795682
483 0.000618218327643938
545 0.0003985861298959538
609 0.0013119092659143181
646 0.0003712334023506965
670 0.0009988284179951565
691 0.0015190461874587584
868 0.0005418513784905688
1028 0.0014164060573678956
1081 0.000549621148441263
1154 0.0011881759109420651
1298 0.006253684738529284
1330 0.0003960586369806884
1883 0.0007384474589275524
1960 0.0018546549829318141
2200 0.0013516618647131605
2269 0.0006345864806991627
2336 0.002345568639736917
2412 0.0006534821266696528
3244 0.000873114324417637
3245 0.000618218327643938
3246 0.001746228648835274
3247 0.000873114324417637
3248 0.000873114324417637
3249 0.0007881489921597373
3250 0.000873114324417637
3251 0.000873114324417637