9 0.00006816650634734484
13 0.000012991549433809848
16 0.00007545831652538253
26 0.0002468679904672833
29 0.0005329999431774733
30 0.00022182651134558653
34 0.000043438765255019996
36 0.00012444579405299303
38 0.000005801646248097621
39 0.000004633778456304862
40 0.000006004172593355159
41 0.000007426561074872202
43 0.000008243075158511493
45 0.00025964242459217314
49 0.000041620673939093223
51 0.00009373554768150506
52 0.00014497369525357328
61 0.00035285287846540845
63 0.0000018927659338536198
64 0.00018731984297588175
66 0.00009314029848720488
67 0.00004203784642398019
72 0.00035285287846540845
76 0.0001335842653591911
82 0.0002832412727662006
84 0.0004261759244447152
87 0.0001891562677877985
115 0.0002059878583080766
122 0.00018417084982617462
124 0.00009942778247685315
135 0.00029805329448025724
136 0.0002925555540824451
144 0.0001691423720016671
176 0.0006750229973356363
247 0.0005211214476182807
255 0.00017273030805218352
277 0.0004982522556831122
294 0.0015943445195838151
310 0.001135868843953162
334 0.0005791825675166354
347 0.0002479774737404859
353 0.0003753890228061612
356 0.00040649720137641123
391 0.0005548061422499166
394 0.0004942172352587358
411 0.00022304017535425432
435 0.0004603543550640608
464 0.000787164416075248
520 0.0003237921753424907
644 0.001236436655287876
651 0.0007881489921597373
682 0.0003753890228061612
753 0.0005567139972246788
788 0.0004149542829511784
810 0.00043730308863810597
814 0.0007031836599018376
876 0.0043027030258178875
916 0.0004942172352587358
920 0.0016598171318047137
1010 0.0005121877518304292
1031 0.00042093493558288133
1060 0.0002852508106156339
1085 0.000393582208037624
1247 0.00046465581618336337
1305 0.0009382274558947666
1511 0.0004408563537610837
1934 0.0010376305223591363
1935 0.0015177008035223431
2298 0.0007384474589275524
2299 0.0005587052342654505
2319 0.000549621148441263
2336 0.003283796095631684
2390 0.0006534821266696528
2447 0.0003985861298959538
2688 0.0006758309323565803
3033 0.0004737399020075509
3252 0.003492457297670548
3253 0.000873114324417637
3254 0.0047288939529584245
3255 0.019208515137188013
3256 0.000873114324417637
3257 0.0007881489921597373
3258 0.003940744960798687
3259 0.0006037805934374678