0 0.00019243773886705868
1 0.0001309668193588762
2 0.00017273030805218352
3 0.00037969048392546374
4 0.00035233775638020634
5 0.0002365665368606119
6 0.0002400196965770493
7 0.000233207996263883
8 0.00028224872431895635
9 0.00023858277221570697
13 0.000025983098867619697
20 0.0007394749461544028
21 0.0001430533573344265
22 0.00040252076674493167
30 0.00022182651134558653
34 0.00008687753051003999
36 0.00016592772540399069
38 0.000008702469372146433
39 0.000018535113825219447
40 0.000012008345186710319
41 0.000014853122149744404
42 0.00010288760611871043
43 0.000020607687896278735
44 0.00013635553537529827
45 0.00012982121229608657
46 0.00027514619596033594
47 0.00040627151654818366
48 0.00013154366307515625
49 0.000041620673939093223
51 0.00004686777384075253
52 0.00028994739050714656
55 0.00029101427140428715
56 0.00019433189464916796
57 0.0002501368139214302
58 0.0010983401500430064
59 0.000602379158534602
60 0.0002572917550567303
61 0.00035285287846540845
63 0.0000018927659338536198
64 0.00018731984297588175
65 0.00005319425691409072
66 0.00009314029848720488
67 0.00004203784642398019
82 0.0011329650910648025
85 0.00048714592340005404
88 0.00024872719512041187
97 0.00023454039050719067
107 0.0006147934070973456
113 0.00011133348371866765
118 0.0030263622314802147
122 0.00018417084982617462
124 0.00009942778247685315
140 0.0004603543550640608
154 0.0006629139619520678
160 0.00018023749427928805
162 0.0004149542829511784
171 0.0001368611790876869
186 0.00025254616640991854
196 0.0001675808341520189
214 0.000273659908111955
230 0.0002958245228348551
277 0.00009965045113662244
320 0.0011789006066702562
334 0.0005791825675166354
375 0.00025891534254753946
401 0.00036220146137676994
455 0.00041790813825628515
520 0.0003237921753424907
550 0.00025332444879269114
650 0.000549621148441263
716 0.0003136207976380542
759 0.0028616563267547107
1031 0.00042093493558288133
1100 0.002407001022472928
1396 0.00036920725599727517
1781 0.00028224872431895635
1834 0.0069501908101996255
2027 0.00046465581618336337
2447 0.0003985861298959538
2485 0.0005332529953860384
3113 0.0012075611868749357
3260 0.000873114324417637
3261 0.0014768949178551047
3262 0.0007031836599018376
3263 0.000873114324417637
3264 0.000873114324417637
3265 0.000873114324417637