11 0.0004092519030008361
13 0.000025983098867619697
14 0.00025254616640991854
15 0.000769463865116443
26 0.0002468679904672833
27 0.00033751149866781817
34 0.00008687753051003999
38 0.000005801646248097621
39 0.000004633778456304862
40 0.000012008345186710319
41 0.000011139841612308305
42 0.000051443803059355216
43 0.000020607687896278735
45 0.00025964242459217314
47 0.00004514127961646484
52 0.00028994739050714656
55 0.00009700475713476236
58 0.0008237551125322549
59 0.00040158610568973463
60 0.0002572917550567303
63 0.000007571063735414479
64 0.00018731984297588175
65 0.00003546283794272714
66 0.00009314029848720488
67 0.00008407569284796038
68 0.0011659399510840069
82 0.0011329650910648025
89 0.00009505729945367397
97 0.00023454039050719067
104 0.0004924153504300117
115 0.0002059878583080766
123 0.000188234616351904
165 0.00022550415909059743
171 0.0001368611790876869
197 0.0002904236905482616
214 0.000273659908111955
237 0.0010676730645095523
250 0.0003712334023506965
251 0.00044005650644998804
277 0.00029895135340986733
286 0.0001987752449196317
288 0.0015961308271462834
320 0.0005894503033351281
389 0.00044451570202655086
411 0.00022304017535425432
493 0.00023454039050719067
497 0.00035368817101790026
538 0.0005705016212312678
673 0.0036922372946377622
674 0.0014063673198036752
679 0.005406647458852642
680 0.0006758309323565803
692 0.0013516618647131605
716 0.0003136207976380542
759 0.0014308281633773554
1330 0.0003960586369806884
1753 0.00043730308863810597