0 0.00019243773886705868
1 0.0001309668193588762
2 0.00017273030805218352
5 0.0002365665368606119
6 0.0002400196965770493
7 0.000233207996263883
8 0.00028224872431895635
13 0.000019487324150714776
14 0.00025254616640991854
15 0.0002564879550388143
16 0.00007545831652538253
26 0.00012343399523364164
34 0.00008687753051003999
38 0.000008702469372146433
39 0.000004633778456304862
40 0.00000900625889003274
41 0.000007426561074872202
42 0.000051443803059355216
43 0.000016486150317022987
45 0.0003894636368882597
46 0.0000917153986534453
47 0.00013542383884939454
49 0.00012486202181727967
51 0.00004686777384075253
52 0.00014497369525357328
55 0.00029101427140428715
56 0.00006477729821638932
58 0.0008237551125322549
59 0.00040158610568973463
61 0.00035285287846540845
63 0.0000037855318677072396
64 0.00018731984297588175
65 0.00001773141897136357
72 0.00017642643923270423
74 0.00030499358548289365
83 0.001011800535681562
89 0.00019011459890734794
104 0.00016413845014333722
118 0.00030263622314802144
124 0.00009942778247685315
130 0.00027274170858643915
146 0.000529546954728898
245 0.000181970089392662
252 0.000549621148441263
267 0.0002783569986123394
277 0.00009965045113662244
310 0.00032453395541518913
411 0.00022304017535425432
412 0.00028729384230050906
413 0.00048285733368504623
430 0.00022365154352182467
431 0.00037969048392546374
445 0.0006937085176890659
545 0.0003985861298959538
608 0.0003438806748054391
689 0.00043049138832493966
743 0.000499919615209078
772 0.0002597352724507996
780 0.0007550417726806894
1020 0.0006758309323565803
1101 0.00046465581618336337
1330 0.0003960586369806884
3266 0.004365571622088185
3267 0.000873114324417637
3268 0.000873114324417637
3269 0.000873114324417637
3270 0.0029537898357102094
3271 0.002027492797069741
3272 0.001746228648835274
3273 0.004365571622088185
3274 0.000873114324417637