9 0.00006816650634734484
13 0.000006495774716904924
34 0.000043438765255019996
38 0.0000029008231240488105
40 0.00000900625889003274
41 0.000014853122149744404
42 0.000051443803059355216
43 0.00001236461273776724
45 0.00025964242459217314
51 0.00004686777384075253
61 0.00035285287846540845
63 0.0000037855318677072396
82 0.000849723818298602
84 0.0002130879622223576
100 0.00015297081732618925
102 0.00025332444879269114
115 0.0006179635749242299
122 0.00036834169965234924
143 0.0009899668520798367
144 0.0001691423720016671
150 0.00035621126149020904
210 0.0003201773905469762
212 0.0008023336741576425
250 0.0003712334023506965
251 0.00022002825322499402
277 0.00009965045113662244
286 0.0001987752449196317
293 0.0006570765879158534
304 0.0005211214476182807
355 0.0004887683798320584
359 0.0010516433720379667
412 0.0005745876846010181
452 0.0008293695298394827
457 0.0005872711056353866
524 0.0006345864806991627
525 0.005169132212492868
526 0.0023644469764792122
528 0.0007384474589275524
530 0.000618218327643938
533 0.0009570950805910472
535 0.0007384474589275524
544 0.0004785475402955236
547 0.0007384474589275524
642 0.0007775491394993024
667 0.0009123974692171921
753 0.0005567139972246788
782 0.0007228436844087877
785 0.0006345864806991627
842 0.0005258216860189834
979 0.0004338499289216686
1112 0.0003672140565768559
1143 0.0011583651350332708
1304 0.0006037805934374678
1465 0.0007031836599018376
1469 0.0006758309323565803
1532 0.0005908656000986806
1637 0.0005332529953860384
1672 0.0005791825675166354
2063 0.00040116683707882124
2191 0.0005908656000986806
2492 0.000618218327643938
2574 0.0005791825675166354
2638 0.0015997589861581152
2746 0.0005188152611795682
2750 0.0023644469764792122
2785 0.003172932403495814
3275 0.0007881489921597373
3276 0.001746228648835274
3277 0.0006758309323565803
3278 0.0023644469764792122
3279 0.000873114324417637
3280 0.001746228648835274
3281 0.0007881489921597373
3282 0.0007881489921597373
3283 0.000873114324417637
3284 0.000873114324417637
3285 0.000873114324417637
3286 0.000873114324417637
3287 0.000873114324417637
3288 0.0007881489921597373
3289 0.000873114324417637