0 0.00019243773886705868
1 0.0002619336387177524
2 0.00017273030805218352
5 0.0002365665368606119
6 0.0002400196965770493
7 0.000233207996263883
12 0.0002564879550388143
13 0.000012991549433809848
19 0.00013212323419503196
26 0.00012343399523364164
28 0.00025332444879269114
34 0.00013031629576506
36 0.0002074096567549884
38 0.000008702469372146433
39 0.000004633778456304862
40 0.000006004172593355159
41 0.000003713280537436101
43 0.000016486150317022987
45 0.00025964242459217314
46 0.0001834307973068906
47 0.00022570639808232424
49 0.00008324134787818645
52 0.00028994739050714656
55 0.00009700475713476236
58 0.0005491700750215032
59 0.00040158610568973463
61 0.00035285287846540845
63 0.0000037855318677072396
64 0.0003746396859517635
65 0.00001773141897136357
66 0.00018628059697440975
67 0.00004203784642398019
88 0.00024872719512041187
107 0.0004098622713982304
113 0.0004453339348746706
118 0.0015131811157401073
122 0.0007366833993046985
124 0.00009942778247685315
125 0.0002682511308492756
130 0.00027274170858643915
134 0.0003672140565768559
150 0.0005343168922353136
156 0.0004338499289216686
165 0.00022550415909059743
193 0.0002936355528176933
217 0.0021524569416246984
220 0.0013069642533393056
223 0.0013335471060796527
247 0.00026056072380914035
250 0.0011137002070520895
260 0.0003818991754555788
267 0.0002783569986123394
271 0.0017950983805895045
274 0.004340572549279222
277 0.00019930090227324488
286 0.0001987752449196317
307 0.00022550415909059743
350 0.0014997588456272344
366 0.0006845141746292599
376 0.00034065472379816113
389 0.00044451570202655086
393 0.00033907303651746636
415 0.0006037805934374678
430 0.00044730308704364933
439 0.0003314569809760339
442 0.0003242865707429365
451 0.0006534821266696528
452 0.0002764565099464942
476 0.0009123974692171921
483 0.000618218327643938
537 0.0003960586369806884
549 0.0012114091427224763
558 0.0003775208863403447
594 0.0003438806748054391
598 0.0005587052342654505
628 0.00048355146215385347
638 0.001604667348315285
699 0.0007384474589275524
700 0.0007031836599018376
701 0.0005685167944117531
702 0.0022153423767826575
703 0.0005725361401855936
704 0.000618218327643938
705 0.004365571622088185
706 0.0006345864806991627
707 0.0005908656000986806
708 0.00035955036976865123
709 0.0005454834171728783
710 0.00611180027092346
711 0.0004092519030008361
712 0.0028127346396073505
713 0.001746228648835274
714 0.001746228648835274
715 0.0004092519030008361
716 0.0003136207976380542
717 0.000787164416075248
718 0.0012691729613983254
719 0.0009671029243077069
720 0.0028127346396073505
721 0.00044828766312813873
722 0.002234820937061802
723 0.0006534821266696528
724 0.0005908656000986806
725 0.0006534821266696528
726 0.0005587052342654505
727 0.000873114324417637
728 0.000618218327643938
729 0.0004691137279473833
730 0.00044828766312813873
731 0.000873114324417637
732 0.000873114324417637