13 0.000019487324150714776
14 0.00025254616640991854
26 0.00012343399523364164
34 0.00013031629576506
36 0.00004148193135099767
37 0.00020975981940966445
38 0.000005801646248097621
39 0.000009267556912609724
40 0.000015010431483387899
41 0.000018566402687180508
42 0.00010288760611871043
43 0.000016486150317022987
46 0.00013757309798016797
47 0.00013542383884939454
52 0.00014497369525357328
55 0.00009700475713476236
61 0.00017642643923270423
63 0.00000567829780156086
66 0.00018628059697440975
67 0.00004203784642398019
84 0.0002130879622223576
89 0.00009505729945367397
114 0.00021141259586679695
118 0.00030263622314802144
149 0.0003732936031739842
159 0.0001776836714179443
162 0.0004149542829511784
185 0.0002656336848489608
196 0.0003351616683040378
251 0.00022002825322499402
253 0.0002472323099654942
267 0.0002783569986123394
277 0.00009965045113662244
282 0.001909495877277894
287 0.00025810086072372616
310 0.00032453395541518913
347 0.0009919098949619435
431 0.00037969048392546374
442 0.0003242865707429365
471 0.00045619873460859607
491 0.0015554665236139438
492 0.00037969048392546374
493 0.00046908078101438134
507 0.00027274170858643915
508 0.0008047533925478269
539 0.00045217938883475555
703 0.0002862680700927968
709 0.0008182251257593176
967 0.0005791825675166354
1029 0.00023724943034546792
1034 0.00034065472379816113
1038 0.0007881489921597373
1417 0.0003911548205288988
1650 0.00041790813825628515
1882 0.0006758309323565803
2014 0.0006877613496108782
2319 0.000549621148441263
2440 0.0006534821266696528
2598 0.0017055503832352594
3290 0.003492457297670548
3291 0.000873114324417637
3292 0.0007031836599018376
3293 0.001772596800296042
3294 0.0007031836599018376
3295 0.000873114324417637
3296 0.000873114324417637
3297 0.000873114324417637
3298 0.000873114324417637