0 0.00019243773886705868
1 0.0001309668193588762
2 0.00017273030805218352
3 0.00037969048392546374
4 0.00035233775638020634
5 0.0002365665368606119
7 0.000233207996263883
8 0.00028224872431895635
9 0.00017041626586836213
13 0.000025983098867619697
20 0.0012324582435906714
21 0.000286106714668853
22 0.0002683471778299544
26 0.0002468679904672833
28 0.00025332444879269114
30 0.00022182651134558653
34 0.00008687753051003999
36 0.00008296386270199534
38 0.000008702469372146433
39 0.000009267556912609724
40 0.00002101460407674306
41 0.00002227968322461661
42 0.00015433140917806565
43 0.00002472922547553448
44 0.00013635553537529827
45 0.00025964242459217314
46 0.0005502923919206719
47 0.0005416953553975781
48 0.00013154366307515625
49 0.00012486202181727967
51 0.00004686777384075253
52 0.00028994739050714656
55 0.0007760380570780989
56 0.0005182183857311146
57 0.0010005472556857207
58 0.0008237551125322549
59 0.00020079305284486732
60 0.0002572917550567303
61 0.00035285287846540845
63 0.0000037855318677072396
67 0.00012611353927194057
81 0.00018240709186440708
85 0.0007307188851000811
99 0.0003271046043571432
100 0.00015297081732618925
105 0.0003314569809760339
114 0.00021141259586679695
115 0.0004119757166161532
144 0.0006765694880066684
149 0.0003732936031739842
159 0.0001776836714179443
160 0.00018023749427928805
171 0.0001368611790876869
193 0.0011745422112707732
237 0.0003558910215031841
255 0.00017273030805218352
286 0.0001987752449196317
288 0.00022801868959232616
357 0.0003438806748054391
387 0.0015762979843194746
391 0.000832209213374875
395 0.0007384474589275524
396 0.000959817723032327
411 0.00044608035070850863
505 0.0006719392066499634
506 0.0005983661268631681
507 0.0005454834171728783
511 0.0005908656000986806
557 0.0021201918438768304
648 0.0003201773905469762
671 0.0002597352724507996
786 0.005653242666038224
868 0.0005418513784905688
895 0.0005332529953860384
1062 0.00025810086072372616
1078 0.0004408563537610837
1188 0.0005587052342654505
1200 0.0007384474589275524
1230 0.0007384474589275524
1395 0.0003479000205792796
1403 0.0006910521121340801
2108 0.0005791825675166354
2311 0.0007881489921597373
2638 0.0021330119815441534
2856 0.0007881489921597373
3299 0.000873114324417637
3300 0.004365571622088185
3301 0.0007384474589275524
3302 0.000873114324417637
3303 0.000873114324417637
3304 0.000873114324417637
3305 0.000873114324417637
3306 0.000873114324417637
3307 0.000873114324417637
3308 0.000873114324417637
3309 0.000873114324417637
3310 0.000873114324417637