0 0.00019243773886705868
1 0.0002619336387177524
2 0.00017273030805218352
3 0.00037969048392546374
4 0.00035233775638020634
5 0.0002365665368606119
6 0.0002400196965770493
7 0.000233207996263883
8 0.00028224872431895635
9 0.00006816650634734484
13 0.000006495774716904924
16 0.00007545831652538253
20 0.0002464916487181342
22 0.0001341735889149772
36 0.00008296386270199534
37 0.0006292794582289934
38 0.000008702469372146433
39 0.000009267556912609724
40 0.000012008345186710319
41 0.000014853122149744404
42 0.00015433140917806565
43 0.00002885076305479023
44 0.00013635553537529827
45 0.00025964242459217314
46 0.00022928849663361327
47 0.00031598895731525394
48 0.00013154366307515625
49 0.00008324134787818645
51 0.00004686777384075253
52 0.00014497369525357328
55 0.00038801902853904946
56 0.00006477729821638932
57 0.0001250684069607151
61 0.00035285287846540845
63 0.0000018927659338536198
64 0.00018731984297588175
65 0.00003546283794272714
66 0.00027942089546161464
67 0.00004203784642398019
73 0.00019291377466338104
76 0.0001335842653591911
81 0.0007296283674576283
85 0.00024357296170002702
87 0.0001891562677877985
90 0.000499919615209078
102 0.00025332444879269114
124 0.00009942778247685315
125 0.0005365022616985512
171 0.0001368611790876869
245 0.000181970089392662
310 0.0006490679108303783
401 0.00018110073068838497
494 0.00019532208520319432
511 0.0005908656000986806
520 0.0003237921753424907
552 0.00048355146215385347
649 0.0003960586369806884
650 0.000549621148441263
769 0.00045619873460859607
879 0.0002958245228348551
1029 0.00023724943034546792
1111 0.0006037805934374678
1276 0.00048355146215385347
1524 0.0005791825675166354
1548 0.0015943445195838151
1907 0.0015762979843194746
2722 0.00041790813825628515
2770 0.0005188152611795682
2830 0.0005908656000986806
3311 0.001746228648835274
3312 0.001746228648835274
3313 0.0007881489921597373
3314 0.001746228648835274
3315 0.0009043587776695111
3316 0.000873114324417637
3317 0.000873114324417637
3318 0.000873114324417637
3319 0.000873114324417637