9 0.00010224975952101728
13 0.000019487324150714776
34 0.00008687753051003999
36 0.00004148193135099767
37 0.00020975981940966445
38 0.000011603292496195242
39 0.000004633778456304862
40 0.00000900625889003274
41 0.000007426561074872202
42 0.000051443803059355216
43 0.00001236461273776724
44 0.00006817776768764914
46 0.00022928849663361327
47 0.00022570639808232424
49 0.00008324134787818645
52 0.00014497369525357328
61 0.00035285287846540845
63 0.000007571063735414479
64 0.00018731984297588175
66 0.00009314029848720488
68 0.0002914849877710017
85 0.00024357296170002702
89 0.00009505729945367397
97 0.00023454039050719067
100 0.0004589124519785678
104 0.00016413845014333722
113 0.00011133348371866765
114 0.00021141259586679695
122 0.00018417084982617462
130 0.00027274170858643915
159 0.0001776836714179443
176 0.00033751149866781817
180 0.00005682431219851005
226 0.0002049311356991152
255 0.00017273030805218352
293 0.0003285382939579267
309 0.0006006466840248042
310 0.0014604027993683514
396 0.00038392708921293077
411 0.00044608035070850863
416 0.00031109330472278875
442 0.0003242865707429365
470 0.00037969048392546374
490 0.0004338499289216686
491 0.0018665598283367326
492 0.003417214355329174
646 0.000742466804701393
648 0.0006403547810939524
669 0.00012589385831905585
682 0.0022523341368369675
693 0.0009043587776695111
779 0.00030263622314802144
781 0.00046465581618336337
787 0.0004737399020075509
868 0.0002709256892452844
1007 0.001180746624112872
1066 0.000424038368775366
1504 0.0015997589861581152
1910 0.0005188152611795682
2011 0.0006758309323565803
3320 0.001746228648835274
3321 0.0006345864806991627
3322 0.000873114324417637
3323 0.000873114324417637
3324 0.000873114324417637