12 0.0005129759100776286
13 0.000012991549433809848
16 0.00015091663305076506
34 0.000043438765255019996
38 0.000008702469372146433
39 0.000009267556912609724
40 0.000012008345186710319
41 0.000011139841612308305
42 0.000051443803059355216
43 0.00001236461273776724
45 0.0003894636368882597
46 0.00022928849663361327
47 0.00031598895731525394
48 0.00013154366307515625
49 0.000041620673939093223
52 0.00014497369525357328
55 0.00009700475713476236
63 0.00000567829780156086
64 0.00018731984297588175
65 0.00005319425691409072
67 0.00004203784642398019
82 0.0002832412727662006
84 0.0004261759244447152
85 0.00024357296170002702
104 0.0004924153504300117
105 0.0003314569809760339
118 0.00030263622314802144
122 0.00018417084982617462
143 0.0016499447534663945
145 0.0006758309323565803
159 0.0001776836714179443
165 0.00022550415909059743
173 0.002164656267465983
175 0.0007507780456123224
210 0.0003201773905469762
253 0.0002472323099654942
267 0.0005567139972246788
277 0.00009965045113662244
287 0.00025810086072372616
288 0.00022801868959232616
304 0.00026056072380914035
393 0.0010172191095523992
411 0.00022304017535425432
437 0.00032153186911851154
516 0.0007031836599018376
542 0.007998713843345249
611 0.0007384474589275524
667 0.00045619873460859607
842 0.0005258216860189834
887 0.0006758309323565803
912 0.0005685167944117531
1087 0.0006037805934374678
1115 0.00043730308863810597
1133 0.00048355146215385347
1301 0.002965303411552415
1436 0.00048355146215385347
1473 0.0006534821266696528
1796 0.0006037805934374678
1809 0.002027492797069741
1814 0.0006345864806991627
1960 0.002472873310575752
2033 0.0005908656000986806
2513 0.0006345864806991627
2841 0.0031525959686389492
2842 0.0029537898357102094
2843 0.0023644469764792122
2844 0.0023644469764792122
3022 0.000499919615209078
3201 0.0016234922005994874
3325 0.004365571622088185
3326 0.003940744960798687
3327 0.000873114324417637
3328 0.000873114324417637
3329 0.002619342973252911
3330 0.000873114324417637
3331 0.000873114324417637
3332 0.000873114324417637