0 0.00019243773886705868
1 0.0001309668193588762
2 0.00017273030805218352
5 0.0002365665368606119
6 0.0002400196965770493
7 0.000233207996263883
11 0.0004092519030008361
13 0.000025983098867619697
21 0.0001430533573344265
26 0.00012343399523364164
30 0.00022182651134558653
33 0.00011331060825040136
34 0.000043438765255019996
36 0.00012444579405299303
38 0.000008702469372146433
39 0.000004633778456304862
40 0.000012008345186710319
41 0.000011139841612308305
43 0.00001236461273776724
45 0.00012982121229608657
46 0.0000917153986534453
47 0.00009028255923292969
52 0.00014497369525357328
55 0.00019400951426952473
56 0.00012955459643277864
57 0.0001250684069607151
58 0.0010983401500430064
59 0.0008031722113794693
63 0.0000037855318677072396
65 0.00001773141897136357
66 0.00009314029848720488
84 0.0002130879622223576
100 0.00015297081732618925
115 0.0002059878583080766
117 0.0004338499289216686
123 0.000188234616351904
124 0.00009942778247685315
132 0.0019929306494797694
134 0.0003672140565768559
149 0.0003732936031739842
165 0.00022550415909059743
180 0.00005682431219851005
196 0.0001675808341520189
255 0.00017273030805218352
263 0.000467744766116719
274 0.0020256005229969706
277 0.00039860180454648976
286 0.0001987752449196317
292 0.0005829699755420034
335 0.000505900267840781
347 0.0002479774737404859
359 0.0005258216860189834
367 0.0002673724241223067
419 0.0007031836599018376
508 0.0002682511308492756
538 0.0005705016212312678
646 0.0003712334023506965
666 0.00032568748957397626
690 0.0004942172352587358
772 0.0002597352724507996
845 0.00043730308863810597
908 0.0018262637485949682
1136 0.0006534821266696528
1156 0.0005188152611795682
1162 0.00030263622314802144
1411 0.0015365632554912878
1468 0.0016482797464601716
2156 0.0005332529953860384
2199 0.0004785475402955236
2224 0.001236436655287876
2367 0.0013069642533393056
2388 0.0006534821266696528
2734 0.0007031836599018376
3103 0.0007031836599018376
3135 0.0006758309323565803
3333 0.002619342973252911
3334 0.0063051919372778984
3335 0.000873114324417637
3336 0.000873114324417637
3337 0.000873114324417637
3338 0.000873114324417637
3339 0.001746228648835274
3340 0.000873114324417637