12 0.0005129759100776286
13 0.000025983098867619697
23 0.00045603737918465233
26 0.00012343399523364164
34 0.00008687753051003999
37 0.00020975981940966445
38 0.000008702469372146433
39 0.000004633778456304862
40 0.000006004172593355159
41 0.000018566402687180508
42 0.000051443803059355216
43 0.00001236461273776724
45 0.0005192848491843463
47 0.00004514127961646484
52 0.00028994739050714656
58 0.0010983401500430064
59 0.000602379158534602
60 0.0002572917550567303
63 0.00000567829780156086
64 0.00018731984297588175
65 0.00003546283794272714
97 0.00023454039050719067
123 0.000188234616351904
150 0.00017810563074510452
196 0.0001675808341520189
197 0.0002904236905482616
253 0.0002472323099654942
264 0.00021085919057695548
270 0.0017977518488432563
271 0.00029918306343158405
279 0.00022929556638299245
340 0.0005587052342654505
375 0.00025891534254753946
430 0.00022365154352182467
679 0.0006758309323565803
680 0.0006758309323565803
716 0.0003136207976380542
861 0.0004737399020075509
988 0.00041790813825628515
1095 0.0004120699366150429
1178 0.0017353997156866743
1283 0.00033907303651746636
1376 0.0004942172352587358
2782 0.0047308165264960626
3341 0.004442105364894139
3342 0.000873114324417637