0 0.00019243773886705868
1 0.0001309668193588762
2 0.00017273030805218352
3 0.00037969048392546374
4 0.00035233775638020634
5 0.0002365665368606119
7 0.000233207996263883
8 0.00028224872431895635
9 0.00010224975952101728
13 0.000019487324150714776
16 0.00007545831652538253
20 0.0002464916487181342
22 0.0001341735889149772
36 0.00008296386270199534
38 0.000008702469372146433
39 0.000009267556912609724
40 0.000012008345186710319
41 0.00002227968322461661
42 0.00015433140917806565
43 0.00002472922547553448
44 0.00013635553537529827
45 0.00012982121229608657
46 0.00027514619596033594
47 0.00027084767769878907
48 0.00013154366307515625
49 0.000041620673939093223
51 0.00004686777384075253
52 0.00028994739050714656
55 0.00019400951426952473
56 0.0002591091928655573
57 0.0002501368139214302
58 0.0008237551125322549
59 0.00040158610568973463
60 0.0002572917550567303
61 0.00035285287846540845
63 0.0000018927659338536198
66 0.00009314029848720488
67 0.00004203784642398019
72 0.0008821321961635212
73 0.00019291377466338104
82 0.0002832412727662006
85 0.00024357296170002702
87 0.0011349376067267911
88 0.00024872719512041187
90 0.000499919615209078
94 0.0004785475402955236
97 0.00023454039050719067
104 0.00016413845014333722
124 0.00009942778247685315
150 0.00035621126149020904
161 0.0014663051394961752
245 0.000181970089392662
251 0.00022002825322499402
255 0.00034546061610436703
352 0.0002958245228348551
439 0.0006629139619520678
452 0.0002764565099464942
493 0.00023454039050719067
495 0.0003753890228061612
496 0.0002464916487181342
555 0.0002457554359134993
650 0.000549621148441263
898 0.0003014743275909555
902 0.0003753890228061612
1029 0.00047449886069093585
1060 0.0002852508106156339
1271 0.0003652527497189936
1276 0.0009671029243077069
1325 0.00031235053690802886
1350 0.0021095509797055133
1400 0.0009474798040151018
1450 0.0006513749791479525
1499 0.000393582208037624
2007 0.0004408563537610837
3163 0.0005908656000986806