9 0.00006816650634734484
13 0.000019487324150714776
16 0.00007545831652538253
26 0.00012343399523364164
38 0.000005801646248097621
39 0.000004633778456304862
40 0.000006004172593355159
41 0.000007426561074872202
43 0.000008243075158511493
44 0.00020453330306294742
47 0.00009028255923292969
61 0.00035285287846540845
63 0.00000567829780156086
68 0.0005829699755420034
107 0.0004098622713982304
124 0.00009942778247685315
277 0.00019930090227324488
357 0.0006877613496108782
358 0.0005791825675166354
468 0.0006272415952761084
879 0.0002958245228348551
3346 0.003492457297670548
3347 0.001746228648835274
3348 0.001746228648835274
3349 0.000873114324417637