0 0.00019243773886705868
1 0.0001309668193588762
2 0.00017273030805218352
5 0.0002365665368606119
6 0.0002400196965770493
7 0.000233207996263883
8 0.00028224872431895635
13 0.000019487324150714776
16 0.00007545831652538253
17 0.0015095566068324428
19 0.0005284929367801278
20 0.0002464916487181342
23 0.001140093447961631
33 0.00022662121650080273
34 0.00013031629576506
36 0.00012444579405299303
38 0.000005801646248097621
39 0.000009267556912609724
40 0.000015010431483387899
41 0.000018566402687180508
42 0.00020577521223742086
43 0.00001236461273776724
45 0.00012982121229608657
46 0.00027514619596033594
47 0.00031598895731525394
48 0.00013154366307515625
49 0.000041620673939093223
51 0.00004686777384075253
52 0.00014497369525357328
55 0.00019400951426952473
58 0.0010983401500430064
59 0.000602379158534602
60 0.0002572917550567303
61 0.00035285287846540845
63 0.0000018927659338536198
64 0.00018731984297588175
65 0.00001773141897136357
66 0.00027942089546161464
67 0.00004203784642398019
71 0.00012561808978093188
77 0.00046465581618336337
85 0.00024357296170002702
89 0.00009505729945367397
94 0.0004785475402955236
110 0.000505900267840781
134 0.0003672140565768559
146 0.000264773477364449
148 0.0006037805934374678
150 0.0005343168922353136
177 0.00015160120460271228
245 0.000181970089392662
247 0.00026056072380914035
259 0.00025891534254753946
278 0.0003775208863403447
279 0.00022929556638299245
310 0.00032453395541518913
350 0.000499919615209078
367 0.0002673724241223067
430 0.00022365154352182467
449 0.00043049138832493966
479 0.0010376305223591363
484 0.00043049138832493966
497 0.00017684408550895013
520 0.0004856882630137361
662 0.0004408563537610837
694 0.0009775367596641168
733 0.001746228648835274
734 0.000618218327643938
735 0.0005791825675166354
736 0.000873114324417637
737 0.000873114324417637
738 0.0007384474589275524
739 0.0006037805934374678
740 0.000873114324417637
741 0.00035233775638020634
742 0.000873114324417637
743 0.000499919615209078
744 0.000873114324417637