9 0.00020449951904203455
13 0.000025983098867619697
16 0.00015091663305076506
20 0.0002464916487181342
33 0.00011331060825040136
34 0.00013031629576506
38 0.000008702469372146433
39 0.000009267556912609724
40 0.000015010431483387899
41 0.000011139841612308305
42 0.00010288760611871043
43 0.00001236461273776724
44 0.00013635553537529827
45 0.0003894636368882597
46 0.0003210038952870586
47 0.00027084767769878907
48 0.00013154366307515625
49 0.00012486202181727967
51 0.00004686777384075253
52 0.00028994739050714656
55 0.00038801902853904946
56 0.00006477729821638932
57 0.0001250684069607151
61 0.00035285287846540845
63 0.00000567829780156086
64 0.00018731984297588175
84 0.0002130879622223576
85 0.00024357296170002702
88 0.00024872719512041187
113 0.0002226669674373353
124 0.00009942778247685315
175 0.0011261670684184837
177 0.00015160120460271228
180 0.00005682431219851005
221 0.0016761157027963517
254 0.0004272224195725296
297 0.0010466537899913068
309 0.0006006466840248042
360 0.00019339166635443979
394 0.0004942172352587358
401 0.0007244029227535399
406 0.000505900267840781
411 0.00044608035070850863
442 0.0003242865707429365
445 0.00023123617256302196
476 0.00045619873460859607
490 0.0004338499289216686
491 0.0018665598283367326
492 0.005315666774956493
495 0.0003753890228061612
505 0.0006719392066499634
506 0.0005983661268631681
507 0.00027274170858643915
508 0.0010730045233971024
512 0.00031751252334467103
613 0.0002597352724507996
669 0.00012589385831905585
685 0.0005908656000986806
842 0.0010516433720379667
868 0.0002709256892452844
951 0.000549621148441263
1027 0.0005332529953860384
1062 0.0005162017214474523
1187 0.00035770704084433884
1223 0.0009775367596641168
1224 0.0008965753262562775
1230 0.0007384474589275524
1397 0.0005605748349221879
1398 0.00040380304757415875
1399 0.0023634624003947224
1503 0.0005332529953860384
1713 0.0004120699366150429
1781 0.0011289948972758254
1842 0.0007384474589275524
1953 0.0005411640668664958
2218 0.00045619873460859607
2499 0.0006037805934374678
2628 0.0007384474589275524
3189 0.0005908656000986806
3350 0.002027492797069741
3351 0.000873114324417637
3352 0.0007881489921597373
3353 0.0010665059907720767
3354 0.0007881489921597373
3355 0.0007031836599018376
3356 0.000873114324417637