11 0.0008185038060016722
12 0.0002564879550388143
13 0.000012991549433809848
14 0.0005050923328198371
15 0.0005129759100776286
19 0.00039636970258509594
20 0.0007394749461544028
23 0.00045603737918465233
26 0.00012343399523364164
33 0.00022662121650080273
36 0.00004148193135099767
38 0.000008702469372146433
39 0.000004633778456304862
40 0.00000900625889003274
41 0.000007426561074872202
43 0.00001236461273776724
45 0.00012982121229608657
47 0.00004514127961646484
52 0.00028994739050714656
58 0.0008237551125322549
59 0.00040158610568973463
60 0.0002572917550567303
63 0.0000037855318677072396
64 0.00018731984297588175
65 0.00003546283794272714
68 0.0008744549633130053
81 0.00036481418372881415
97 0.00023454039050719067
104 0.00032827690028667443
107 0.0004098622713982304
123 0.000188234616351904
160 0.00018023749427928805
165 0.00022550415909059743
171 0.0001368611790876869
180 0.00005682431219851005
196 0.0001675808341520189
210 0.0003201773905469762
218 0.0005332529953860384
222 0.0003841483956894837
252 0.000549621148441263
255 0.00017273030805218352
259 0.00025891534254753946
270 0.0021573022186119075
277 0.00019930090227324488
288 0.0006840560687769785
294 0.0003985861298959538
347 0.0009919098949619435
357 0.0003438806748054391
411 0.00022304017535425432
430 0.00022365154352182467
452 0.0002764565099464942
533 0.0014356426208865709
540 0.0003471938241542892
555 0.0002457554359134993
594 0.0003438806748054391
669 0.00012589385831905585
679 0.002027492797069741
680 0.0006758309323565803
692 0.0013516618647131605
715 0.0004092519030008361
746 0.0003672140565768559
980 0.00036332233087023905
1020 0.0006758309323565803
1177 0.0005188152611795682
1321 0.0003271046043571432
1411 0.0005121877518304292
1413 0.004149542829511785
1472 0.00043730308863810597
1751 0.005411640668664958
1803 0.0004942172352587358
2617 0.0031525959686389492
2663 0.0007384474589275524
2664 0.0007031836599018376
3007 0.00043049138832493966
3357 0.00457437488668757
3358 0.000873114324417637
3359 0.0006534821266696528
3360 0.000873114324417637
3361 0.000873114324417637
3362 0.000873114324417637
3363 0.000873114324417637
3364 0.000873114324417637
3365 0.000873114324417637