1 0.002357402748459772
13 0.000006495774716904924
26 0.0002468679904672833
34 0.00013031629576506
36 0.00029037351945698374
37 0.0004195196388193289
38 0.000008702469372146433
39 0.00002316889228152431
40 0.000015010431483387899
41 0.000014853122149744404
42 0.00015433140917806565
43 0.000020607687896278735
45 0.0003894636368882597
46 0.00013757309798016797
47 0.00013542383884939454
52 0.00014497369525357328
56 0.00006477729821638932
63 0.00000567829780156086
64 0.00018731984297588175
65 0.00005319425691409072
66 0.00009314029848720488
67 0.00012611353927194057
89 0.00019011459890734794
100 0.00015297081732618925
107 0.0002049311356991152
123 0.000188234616351904
149 0.0003732936031739842
151 0.0003359696033249817
158 0.00028424192373937554
159 0.0007107346856717773
160 0.0007209499771171522
165 0.00045100831818119485
171 0.00041058353726306076
196 0.0006703233366080756
210 0.0019210643432818575
242 0.0005908656000986806
246 0.00040649720137641123
250 0.0003712334023506965
251 0.00022002825322499402
260 0.0003818991754555788
277 0.00019930090227324488
293 0.0019712297637475605
306 0.004735405271574337
310 0.00032453395541518913
362 0.0006758309323565803
389 0.00488967272229206
393 0.00033907303651746636
412 0.0008618815269015273
413 0.0009657146673700925
437 0.0012861274764740462
442 0.0003242865707429365
497 0.00017684408550895013
539 0.00045217938883475555
595 0.0008890314040531017
596 0.00043049138832493966
624 0.0004887683798320584
683 0.0012075611868749357
691 0.0006076184749835032
693 0.00045217938883475555
703 0.0002862680700927968
724 0.0005908656000986806
768 0.0004942172352587358
772 0.0002597352724507996
788 0.0004149542829511784
845 0.00043730308863810597
850 0.0003960586369806884
876 0.0003911548205288988
879 0.0005916490456697102
1052 0.0005258216860189834
1100 0.0008023336741576425
1112 0.0011016421697305678
1118 0.0007881489921597373
1120 0.00029472515166756405
1141 0.0012537244147688554
1317 0.0018546549829318141
1416 0.0005411640668664958
1479 0.002318637959093131
1705 0.002489725697707071
1803 0.0004942172352587358
1882 0.0006758309323565803
2318 0.0018546549829318141
2537 0.009660489494999485
2585 0.0006758309323565803
2746 0.0005188152611795682
2747 0.0007384474589275524
3135 0.0006758309323565803
3366 0.003492457297670548
3367 0.000873114324417637
3368 0.0047288939529584245
3369 0.002619342973252911
3370 0.002619342973252911
3371 0.011822234882396062
3372 0.002619342973252911
3373 0.002619342973252911
3374 0.002619342973252911
3375 0.002619342973252911
3376 0.006984914595341096
3377 0.001746228648835274
3378 0.000873114324417637
3379 0.000873114324417637
3380 0.000873114324417637
3381 0.000873114324417637
3382 0.0007881489921597373
3383 0.0007384474589275524
3384 0.0013516618647131605
3385 0.000873114324417637
3386 0.0011817312001973612
3387 0.0007881489921597373
3388 0.000873114324417637