0 0.00038487547773411737
1 0.0007858009161532572
2 0.00017273030805218352
3 0.00037969048392546374
4 0.00035233775638020634
5 0.0002365665368606119
6 0.0002400196965770493
7 0.000233207996263883
8 0.00028224872431895635
9 0.00006816650634734484
13 0.000019487324150714776
34 0.00008687753051003999
36 0.00004148193135099767
37 0.0004195196388193289
38 0.000011603292496195242
39 0.000004633778456304862
40 0.000006004172593355159
41 0.000011139841612308305
42 0.000051443803059355216
43 0.000008243075158511493
51 0.00004686777384075253
52 0.00014497369525357328
59 0.00020079305284486732
63 0.00000567829780156086
64 0.0003746396859517635
65 0.00010638851382818144
66 0.00018628059697440975
68 0.0005829699755420034
85 0.00024357296170002702
102 0.00025332444879269114
105 0.0003314569809760339
113 0.00011133348371866765
114 0.00021141259586679695
118 0.0006052724462960429
130 0.00027274170858643915
144 0.0003382847440033342
158 0.0005684838474787511
196 0.0003351616683040378
255 0.00034546061610436703
261 0.0002338723830583595
304 0.00026056072380914035
340 0.0005587052342654505
396 0.0005758906338193962
411 0.00044608035070850863
445 0.0011561808628151099
486 0.0008746061772762119
647 0.0005332529953860384
691 0.0006076184749835032
726 0.0005587052342654505
876 0.0011734644615866965
879 0.0002958245228348551
902 0.0003753890228061612
1001 0.00030739717354226806
1029 0.00023724943034546792
1062 0.00025810086072372616
1095 0.0004120699366150429
1210 0.005028347108389055
1226 0.0007881489921597373
1417 0.0003911548205288988
1479 0.00038643965984885517
1511 0.0004408563537610837
2064 0.0011370335888235062
2085 0.0003672140565768559
2992 0.0009671029243077069
3386 0.0011817312001973612
3389 0.000873114324417637
3390 0.0007881489921597373
3391 0.000873114324417637
3392 0.000873114324417637
3393 0.0006534821266696528
3394 0.0007881489921597373
3395 0.000873114324417637
3396 0.000873114324417637
3397 0.000873114324417637
3398 0.000873114324417637