13 0.000006495774716904924
23 0.00045603737918465233
26 0.00012343399523364164
28 0.0010132977951707645
36 0.00004148193135099767
38 0.000005801646248097621
39 0.000004633778456304862
40 0.00000900625889003274
41 0.000018566402687180508
43 0.000004121537579255747
49 0.000041620673939093223
52 0.00014497369525357328
58 0.0008237551125322549
59 0.00040158610568973463
60 0.0002572917550567303
63 0.0000037855318677072396
65 0.00001773141897136357
85 0.00024357296170002702
97 0.00023454039050719067
113 0.00011133348371866765
116 0.0007031836599018376
118 0.0009079086694440643
144 0.0003382847440033342
160 0.00018023749427928805
185 0.0002656336848489608
186 0.0005050923328198371
264 0.00021085919057695548
275 0.0004120699366150429
277 0.00009965045113662244
307 0.00022550415909059743
323 0.0006758309323565803
365 0.0008544448391450592
368 0.00018686500362842702
446 0.0007384474589275524
475 0.0008588042102783905
533 0.0004785475402955236
637 0.0005587052342654505
641 0.000393582208037624
708 0.00035955036976865123
764 0.0005332529953860384
908 0.0003652527497189936
1176 0.0004785475402955236
1177 0.0005188152611795682
1179 0.0014063673198036752
1476 0.0006534821266696528
1925 0.0006758309323565803
2043 0.0005332529953860384
2273 0.0005587052342654505
3399 0.004365571622088185
3400 0.000873114324417637
3401 0.0014768949178551047
3402 0.000873114324417637
3403 0.0031525959686389492
3404 0.0031525959686389492
3405 0.000873114324417637
3406 0.000873114324417637
3407 0.0007881489921597373
3408 0.000873114324417637
3409 0.000873114324417637