0 0.00019243773886705868
1 0.0001309668193588762
2 0.00017273030805218352
3 0.00037969048392546374
4 0.00035233775638020634
5 0.0002365665368606119
6 0.0002400196965770493
7 0.000233207996263883
8 0.00028224872431895635
9 0.00020449951904203455
13 0.000045470423018334476
20 0.0014789498923088056
21 0.0014305335733442652
22 0.00040252076674493167
26 0.00012343399523364164
27 0.0020250689920069094
30 0.00022182651134558653
34 0.00008687753051003999
36 0.00012444579405299303
38 0.000014504115620244055
39 0.000009267556912609724
40 0.000015010431483387899
41 0.000018566402687180508
42 0.00010288760611871043
43 0.000020607687896278735
44 0.00013635553537529827
45 0.00025964242459217314
46 0.00022928849663361327
47 0.00031598895731525394
48 0.00013154366307515625
49 0.000041620673939093223
51 0.00004686777384075253
52 0.00028994739050714656
55 0.00009700475713476236
56 0.00006477729821638932
57 0.0001250684069607151
58 0.0008237551125322549
59 0.0014055513699140715
60 0.0002572917550567303
61 0.00035285287846540845
63 0.0000037855318677072396
64 0.00018731984297588175
65 0.00003546283794272714
67 0.00004203784642398019
68 0.0005829699755420034
79 0.000549621148441263
81 0.0007296283674576283
85 0.0007307188851000811
105 0.0003314569809760339
110 0.000505900267840781
118 0.0009079086694440643
122 0.00018417084982617462
124 0.0001988555649537063
130 0.00027274170858643915
135 0.00029805329448025724
144 0.0005074271160050014
152 0.001117410468530901
157 0.0018546549829318141
167 0.00045217938883475555
171 0.0001368611790876869
226 0.0004098622713982304
277 0.00009965045113662244
288 0.00045603737918465233
307 0.00022550415909059743
347 0.0002479774737404859
402 0.000499919615209078
411 0.00044608035070850863
416 0.0009332799141683663
491 0.0006221866094455775
497 0.0005305322565268504
505 0.0006719392066499634
506 0.0005983661268631681
507 0.0005454834171728783
508 0.0005365022616985512
510 0.0005685167944117531
512 0.00031751252334467103
532 0.0018113417803124036
534 0.0005908656000986806
542 0.0029995176912544688
593 0.0018113417803124036
671 0.0005194705449015992
709 0.001363708542932196
754 0.0005332529953860384
826 0.0004272224195725296
852 0.0003887745697496512
859 0.0011817312001973612
933 0.000618218327643938
1060 0.0002852508106156339
1203 0.0007881489921597373
1224 0.00044828766312813873
1397 0.0005605748349221879
1436 0.00048355146215385347
1468 0.0004120699366150429
1611 0.0007881489921597373
1725 0.001322569061283251
1734 0.0015762979843194746
2014 0.0013755226992217563
2365 0.0007031836599018376
2388 0.0006534821266696528
2634 0.0007384474589275524
2831 0.0007881489921597373
3171 0.0007881489921597373
3172 0.0007881489921597373
3410 0.001746228648835274
3411 0.0007881489921597373
3412 0.000873114324417637
3413 0.000873114324417637
3414 0.0006534821266696528
3415 0.000873114324417637
3416 0.000873114324417637
3417 0.000873114324417637