0 0.00019243773886705868
1 0.0002619336387177524
2 0.00017273030805218352
5 0.0002365665368606119
6 0.0002400196965770493
7 0.000233207996263883
13 0.000012991549433809848
16 0.00007545831652538253
36 0.0002074096567549884
38 0.000011603292496195242
40 0.000006004172593355159
41 0.000007426561074872202
42 0.00010288760611871043
43 0.000008243075158511493
51 0.00009373554768150506
52 0.00014497369525357328
56 0.00006477729821638932
58 0.0010983401500430064
59 0.0008031722113794693
63 0.000007571063735414479
64 0.00018731984297588175
65 0.00005319425691409072
66 0.00018628059697440975
67 0.00004203784642398019
84 0.0002130879622223576
89 0.00028517189836102194
100 0.0003059416346523785
102 0.001773271141548838
104 0.00032827690028667443
130 0.00027274170858643915
138 0.0003775208863403447
143 0.0013199558027731154
146 0.000529546954728898
159 0.0003553673428358886
160 0.00018023749427928805
193 0.0002936355528176933
214 0.000273659908111955
245 0.000181970089392662
246 0.00040649720137641123
250 0.0003712334023506965
267 0.0002783569986123394
277 0.00009965045113662244
286 0.0003975504898392634
288 0.0009120747583693047
310 0.00016226697770759457
347 0.0004959549474809718
390 0.000618218327643938
396 0.000959817723032327
411 0.00022304017535425432
437 0.00032153186911851154
445 0.00023123617256302196
496 0.0014789498923088056
549 0.00040380304757415875
689 0.0021524569416246984
721 0.00044828766312813873
748 0.0006037805934374678
772 0.0002597352724507996
850 0.0003960586369806884
1095 0.0004120699366150429
1101 0.0018586232647334535
1173 0.004179081382562852
1184 0.0029537898357102094
1330 0.0003960586369806884
1468 0.0004120699366150429
1488 0.012057143133284093
1596 0.0018414174202562431
1634 0.001648863445323789
1839 0.002703323729426321
1874 0.0007384474589275524
2230 0.0007384474589275524
3420 0.0023644469764792122
3421 0.005238685946505822
3422 0.000873114324417637
3423 0.0007881489921597373
3424 0.000873114324417637
3425 0.000873114324417637