0 0.00019243773886705868
1 0.0001309668193588762
2 0.00017273030805218352
5 0.0002365665368606119
6 0.0002400196965770493
7 0.000233207996263883
8 0.00028224872431895635
13 0.00006495774716904926
20 0.0002464916487181342
26 0.0004937359809345666
33 0.00011331060825040136
34 0.000043438765255019996
36 0.00024889158810598606
38 0.000005801646248097621
39 0.000009267556912609724
40 0.000015010431483387899
41 0.000018566402687180508
42 0.00015433140917806565
43 0.00002472922547553448
45 0.0005192848491843463
48 0.00013154366307515625
49 0.000041620673939093223
52 0.00014497369525357328
55 0.00019400951426952473
63 0.000007571063735414479
64 0.00018731984297588175
65 0.00001773141897136357
81 0.00018240709186440708
84 0.0004261759244447152
89 0.00009505729945367397
115 0.0004119757166161532
122 0.0009208542491308732
123 0.000188234616351904
124 0.0001988555649537063
125 0.0002682511308492756
131 0.0004092519030008361
139 0.00028224872431895635
150 0.00035621126149020904
151 0.0003359696033249817
158 0.0005684838474787511
160 0.00018023749427928805
165 0.00045100831818119485
171 0.0002737223581753738
173 0.0005411640668664958
226 0.0006147934070973456
250 0.0003712334023506965
251 0.0006600847596749821
255 0.00034546061610436703
263 0.0002338723830583595
277 0.0006975531579563571
292 0.0002914849877710017
304 0.00026056072380914035
316 0.0005411640668664958
338 0.000549621148441263
367 0.0002673724241223067
374 0.0015177008035223431
376 0.00034065472379816113
377 0.0003188377153162591
402 0.0014997588456272344
430 0.00022365154352182467
437 0.00032153186911851154
459 0.00048355146215385347
467 0.0010365781682011202
468 0.0012544831905522168
486 0.00043730308863810597
491 0.00031109330472278875
507 0.00027274170858643915
508 0.0002682511308492756
514 0.00043049138832493966
537 0.0003960586369806884
557 0.000424038368775366
563 0.0005685167944117531
576 0.0003086168757797243
594 0.0003438806748054391
595 0.00044451570202655086
622 0.0015646192821155952
649 0.0003960586369806884
730 0.00044828766312813873
765 0.0021330119815441534
786 0.01655592495054051
794 0.0005332529953860384
795 0.0018113417803124036
895 0.0005332529953860384
904 0.0005908656000986806
940 0.001903759442097488
988 0.0012537244147688554
1060 0.0002852508106156339
1107 0.003417779356580237
1247 0.00046465581618336337
1310 0.006176479624794065
1397 0.00028028741746109395
1544 0.0018113417803124036
1654 0.001772596800296042
1674 0.0004338499289216686
1753 0.00043730308863810597
1803 0.0004942172352587358
1920 0.0006534821266696528
2054 0.000618218327643938
2260 0.00045619873460859607
2600 0.0005121877518304292
2655 0.0005791825675166354
2955 0.01829749954675028
3127 0.0007031836599018376
3426 0.005238685946505822
3427 0.000618218327643938
3428 0.000873114324417637
3429 0.001746228648835274
3430 0.000873114324417637
3431 0.0006758309323565803
3432 0.000873114324417637
3433 0.000873114324417637
3434 0.000873114324417637
3435 0.006984914595341096
3436 0.0073844745892755245
3437 0.0006534821266696528
3438 0.000873114324417637
3439 0.0006758309323565803