0 0.00019243773886705868
1 0.0002619336387177524
2 0.00017273030805218352
3 0.00037969048392546374
4 0.00035233775638020634
5 0.0002365665368606119
6 0.0002400196965770493
7 0.000233207996263883
8 0.00028224872431895635
9 0.00017041626586836213
13 0.000012991549433809848
16 0.00007545831652538253
19 0.0002642464683900639
20 0.0004929832974362684
21 0.000286106714668853
30 0.0006654795340367597
34 0.00008687753051003999
36 0.00008296386270199534
37 0.0008390392776386578
38 0.000008702469372146433
39 0.000009267556912609724
40 0.000015010431483387899
41 0.00002227968322461661
42 0.00015433140917806565
43 0.00003297230063404597
44 0.00013635553537529827
45 0.0005192848491843463
46 0.00022928849663361327
47 0.00027084767769878907
48 0.00013154366307515625
49 0.0001664826957563729
51 0.00004686777384075253
55 0.00019400951426952473
56 0.00006477729821638932
57 0.0001250684069607151
61 0.00035285287846540845
63 0.0000037855318677072396
64 0.00018731984297588175
65 0.00001773141897136357
66 0.00018628059697440975
67 0.00004203784642398019
72 0.0005292793176981127
75 0.0027130763330085335
76 0.0004007527960775733
77 0.0009293116323667267
82 0.0011329650910648025
83 0.002023601071363124
85 0.00048714592340005404
88 0.00024872719512041187
110 0.000505900267840781
113 0.0002226669674373353
122 0.00036834169965234924
123 0.000188234616351904
124 0.00009942778247685315
141 0.0006534821266696528
146 0.000264773477364449
245 0.000363940178785324
310 0.00048680093312278375
360 0.00038678333270887957
367 0.0002673724241223067
437 0.00032153186911851154
484 0.0008609827766498793
490 0.0008676998578433372
491 0.00031109330472278875
497 0.0005305322565268504
505 0.0006719392066499634
506 0.0014959153171579206
507 0.00027274170858643915
508 0.0002682511308492756
510 0.0005685167944117531
520 0.0003237921753424907
613 0.0002597352724507996
654 0.0004408563537610837
670 0.0003329428059983855
709 0.0008182251257593176
716 0.0003136207976380542
868 0.0002709256892452844
879 0.0002958245228348551
1029 0.00023724943034546792
1036 0.0003732936031739842
1037 0.0002709256892452844
1062 0.00025810086072372616
1111 0.0006037805934374678
1120 0.00029472515166756405
1271 0.0003652527497189936
1276 0.00048355146215385347
1396 0.0011076217679918256
1397 0.00028028741746109395
1448 0.0009207087101281216
1591 0.0004691137279473833
1653 0.0008418698711657627
1654 0.001772596800296042
1886 0.0004785475402955236
1929 0.0014768949178551047
1971 0.000618218327643938
2001 0.0007384474589275524
2014 0.0013755226992217563
2634 0.0007384474589275524
2931 0.004054985594139482
3440 0.000873114324417637
3441 0.000873114324417637
3442 0.000873114324417637
3443 0.000873114324417637
3444 0.000873114324417637
3445 0.0029537898357102094
3446 0.000873114324417637
3447 0.000873114324417637
3448 0.000873114324417637
3449 0.000873114324417637