9 0.00013633301269468968
11 0.0004092519030008361
13 0.000006495774716904924
21 0.0001430533573344265
26 0.00012343399523364164
27 0.00033751149866781817
34 0.000043438765255019996
38 0.000005801646248097621
39 0.000013901335368914586
40 0.000006004172593355159
41 0.000007426561074872202
43 0.00001236461273776724
44 0.00006817776768764914
46 0.0001834307973068906
47 0.00018056511846585937
49 0.00008324134787818645
52 0.00014497369525357328
56 0.00006477729821638932
61 0.00035285287846540845
63 0.00000567829780156086
64 0.00018731984297588175
67 0.00004203784642398019
82 0.0005664825455324013
85 0.00024357296170002702
122 0.00018417084982617462
132 0.0011957583896878615
159 0.0001776836714179443
165 0.00022550415909059743
171 0.0001368611790876869
196 0.0003351616683040378
214 0.0008209797243358649
267 0.0008350709958370184
287 0.00025810086072372616
288 0.00022801868959232616
304 0.00026056072380914035
309 0.0006006466840248042
320 0.0014736257583378206
327 0.005148762280748949
375 0.00025891534254753946
376 0.0010219641713944834
396 0.0005758906338193962
401 0.000543302192065155
439 0.0013258279239041356
468 0.0006272415952761084
494 0.00039064417040638865
520 0.00016189608767124534
543 0.0015842345479227535
576 0.0003086168757797243
682 0.0003753890228061612
728 0.000618218327643938
745 0.002619342973252911
746 0.0003672140565768559
747 0.0010376305223591363
748 0.0012075611868749357
749 0.0004603543550640608
750 0.0006688937249145976
751 0.0013810630651921825
752 0.0024177573107692675
753 0.0002783569986123394
754 0.0005332529953860384
755 0.000873114324417637
756 0.0007384474589275524
757 0.000873114324417637
758 0.000873114324417637
759 0.0010731211225330165
760 0.0012721151063260982