9 0.00010224975952101728
13 0.00005846197245214433
16 0.00007545831652538253
26 0.00012343399523364164
30 0.0008873060453823461
33 0.00011331060825040136
34 0.00008687753051003999
36 0.00008296386270199534
37 0.0006292794582289934
38 0.000005801646248097621
39 0.000013901335368914586
40 0.000030020862966775798
41 0.000007426561074872202
43 0.000016486150317022987
44 0.00006817776768764914
45 0.00012982121229608657
46 0.00013757309798016797
47 0.00013542383884939454
51 0.00009373554768150506
52 0.00014497369525357328
56 0.00006477729821638932
61 0.00035285287846540845
63 0.0000037855318677072396
65 0.00001773141897136357
66 0.0003725611939488195
67 0.00008407569284796038
82 0.0002832412727662006
84 0.0002130879622223576
88 0.00024872719512041187
90 0.000499919615209078
103 0.00045217938883475555
104 0.00016413845014333722
107 0.0002049311356991152
114 0.00021141259586679695
124 0.00009942778247685315
125 0.0002682511308492756
127 0.00041790813825628515
134 0.0007344281131537118
151 0.0003359696033249817
158 0.00028424192373937554
171 0.0001368611790876869
177 0.00030320240920542457
180 0.00005682431219851005
196 0.0001675808341520189
255 0.00017273030805218352
267 0.0005567139972246788
277 0.00019930090227324488
279 0.00022929556638299245
282 0.0003818991754555788
309 0.0006006466840248042
341 0.001772596800296042
368 0.00018686500362842702
410 0.0005685167944117531
413 0.00024142866684252312
445 0.0004624723451260439
496 0.0002464916487181342
555 0.0002457554359134993
573 0.000330550407711369
678 0.0009207087101281216
790 0.0004887683798320584
845 0.00043730308863810597
864 0.001099242296882526
960 0.0005411640668664958
1029 0.00023724943034546792
1088 0.000499919615209078
1112 0.0003672140565768559
1214 0.000424038368775366
1494 0.0005188152611795682
1562 0.00632865293911654
1981 0.0004942172352587358
2090 0.0018113417803124036
2155 0.0009671029243077069
2199 0.0004785475402955236
2414 0.0005411640668664958
2456 0.0028127346396073505
2459 0.0007881489921597373
2631 0.0004120699366150429
2760 0.0005908656000986806
2785 0.0012691729613983254
2799 0.004136059200690765
2911 0.0022153423767826575
2932 0.0005587052342654505
3278 0.0007881489921597373
3450 0.004430684753565315
3451 0.000873114324417637
3452 0.004365571622088185
3453 0.002619342973252911
3454 0.001746228648835274
3455 0.002619342973252911
3456 0.000873114324417637
3457 0.01746228648835274
3458 0.0007881489921597373