1 0.0001309668193588762
13 0.000006495774716904924
16 0.00007545831652538253
34 0.00008687753051003999
38 0.000008702469372146433
39 0.000013901335368914586
40 0.00000900625889003274
41 0.000018566402687180508
42 0.000051443803059355216
43 0.000016486150317022987
45 0.0003894636368882597
46 0.00027514619596033594
47 0.00022570639808232424
49 0.00012486202181727967
52 0.00028994739050714656
58 0.0010983401500430064
59 0.000602379158534602
60 0.0002572917550567303
63 0.0000037855318677072396
64 0.00018731984297588175
65 0.00001773141897136357
66 0.00027942089546161464
72 0.00017642643923270423
84 0.0006392638866670728
89 0.00019011459890734794
102 0.00025332444879269114
105 0.0006629139619520678
124 0.00009942778247685315
150 0.00017810563074510452
171 0.00041058353726306076
176 0.00033751149866781817
177 0.00015160120460271228
192 0.0003242865707429365
219 0.009846103647782805
226 0.0002049311356991152
277 0.0005979027068197347
288 0.00045603737918465233
412 0.0005745876846010181
413 0.00048285733368504623
430 0.00022365154352182467
452 0.0005529130198929884
496 0.0007394749461544028
613 0.0002597352724507996
665 0.0009775367596641168
672 0.0004942172352587358
685 0.0005908656000986806
722 0.006145757576919956
772 0.0002597352724507996
881 0.0006037805934374678
928 0.00040116683707882124
1069 0.0006534821266696528
1182 0.00045217938883475555
1713 0.0028844895563053005
2101 0.0006534821266696528
2115 0.0012075611868749357
2319 0.000549621148441263
2568 0.0007881489921597373
3186 0.0021095509797055133
3459 0.006345864806991628
3460 0.001746228648835274
3461 0.0031525959686389492
3462 0.000873114324417637