13 0.000025983098867619697
33 0.00011331060825040136
37 0.0006292794582289934
38 0.000005801646248097621
39 0.000004633778456304862
40 0.000012008345186710319
41 0.000014853122149744404
42 0.00015433140917806565
43 0.00001236461273776724
52 0.00014497369525357328
63 0.00000567829780156086
65 0.00001773141897136357
67 0.00004203784642398019
69 0.00023724943034546792
71 0.00012561808978093188
84 0.0004261759244447152
85 0.00048714592340005404
123 0.000188234616351904
124 0.0001988555649537063
139 0.00028224872431895635
151 0.0003359696033249817
165 0.00022550415909059743
171 0.0001368611790876869
196 0.0008379041707600946
210 0.0003201773905469762
250 0.000742466804701393
277 0.00009965045113662244
316 0.0005411640668664958
347 0.0007439324212214578
375 0.00025891534254753946
422 0.0006534821266696528
430 0.00044730308704364933
437 0.0006430637382370231
457 0.0002936355528176933
587 0.0009884344705174716
641 0.0035422398723386163
682 0.0003753890228061612
691 0.0003038092374917516
723 0.0006534821266696528
767 0.0005791825675166354
870 0.0031380136418969716
879 0.0008874735685045654
928 0.00040116683707882124
1120 0.0005894503033351281
1409 0.0011817312001973612
1602 0.0007384474589275524
1688 0.0007031836599018376
1794 0.0006534821266696528
1894 0.000549621148441263
2210 0.0007881489921597373
2943 0.002703323729426321
3045 0.0014063673198036752
3463 0.00611180027092346
3464 0.000873114324417637
3465 0.0006534821266696528
3466 0.0007881489921597373
3467 0.000873114324417637
3468 0.000873114324417637