0 0.00019243773886705868
1 0.0001309668193588762
2 0.00017273030805218352
7 0.000233207996263883
9 0.00010224975952101728
12 0.000769463865116443
13 0.000012991549433809848
14 0.00025254616640991854
22 0.0002683471778299544
26 0.00012343399523364164
36 0.00008296386270199534
37 0.00020975981940966445
38 0.000005801646248097621
39 0.000013901335368914586
40 0.000015010431483387899
41 0.000011139841612308305
43 0.00002885076305479023
44 0.00013635553537529827
45 0.0003894636368882597
46 0.0004127192939405039
47 0.00040627151654818366
49 0.00008324134787818645
52 0.00014497369525357328
55 0.00009700475713476236
56 0.00006477729821638932
57 0.0001250684069607151
59 0.0008031722113794693
61 0.00035285287846540845
63 0.00000567829780156086
64 0.00018731984297588175
66 0.00018628059697440975
67 0.00004203784642398019
71 0.00012561808978093188
84 0.0002130879622223576
95 0.0004272224195725296
104 0.0014772460512900354
107 0.0002049311356991152
122 0.00018417084982617462
124 0.00009942778247685315
125 0.0013412556542463782
151 0.0003359696033249817
180 0.00005682431219851005
192 0.0003242865707429365
196 0.0003351616683040378
197 0.0002904236905482616
214 0.00054731981622391
222 0.0003841483956894837
225 0.00042093493558288133
245 0.000181970089392662
251 0.0008801130128999761
270 0.0017977518488432563
271 0.0008975491902947523
274 0.002893715032852815
277 0.00019930090227324488
282 0.0026732942281890515
286 0.0003975504898392634
288 0.002736224275107914
291 0.0007775491394993024
292 0.0002914849877710017
309 0.0006006466840248042
310 0.00016226697770759457
320 0.0017683509100053845
327 0.0007921172739613768
353 0.0007507780456123224
430 0.00022365154352182467
441 0.0003438806748054391
467 0.00034552605606704003
538 0.0002852508106156339
573 0.0001652752038556845
654 0.005290276245133004
698 0.0008890314040531017
709 0.0005454834171728783
719 0.0009671029243077069
746 0.0003672140565768559
772 0.0002597352724507996
782 0.00036142184220439385
794 0.0005332529953860384
905 0.0009884344705174716
908 0.0014610109988759743
975 0.0006037805934374678
1001 0.00030739717354226806
1078 0.0004408563537610837
1107 0.0008544448391450592
1112 0.0014688562263074237
1120 0.0008841754550026923
1162 0.00030263622314802144
1280 0.0006513749791479525
1499 0.000393582208037624
1653 0.007997763776074746
1655 0.0005791825675166354
1942 0.0011370335888235062
2148 0.00044828766312813873
2354 0.000618218327643938
2541 0.0022153423767826575
2693 0.000424038368775366
2811 0.0006037805934374678
2821 0.0024151223737498713
3004 0.005625469279214701
3054 0.003940744960798687
3465 0.0006534821266696528
3469 0.005406647458852642
3470 0.000499919615209078
3471 0.0007881489921597373
3472 0.003492457297670548
3473 0.000873114324417637
3474 0.000873114324417637