0 0.00019243773886705868
1 0.0001309668193588762
2 0.00017273030805218352
5 0.0002365665368606119
6 0.0002400196965770493
7 0.000233207996263883
13 0.000012991549433809848
30 0.00022182651134558653
34 0.00013031629576506
38 0.0000029008231240488105
39 0.000009267556912609724
40 0.000012008345186710319
41 0.000011139841612308305
42 0.000051443803059355216
43 0.000016486150317022987
47 0.00009028255923292969
49 0.00008324134787818645
51 0.00009373554768150506
52 0.00014497369525357328
55 0.00009700475713476236
59 0.00040158610568973463
63 0.0000018927659338536198
64 0.00018731984297588175
65 0.00001773141897136357
67 0.00004203784642398019
82 0.000849723818298602
85 0.00024357296170002702
87 0.0001891562677877985
89 0.00019011459890734794
97 0.00046908078101438134
102 0.00025332444879269114
130 0.00027274170858643915
177 0.00015160120460271228
264 0.00021085919057695548
268 0.00048355146215385347
308 0.0005258216860189834
411 0.00022304017535425432
468 0.0006272415952761084
1070 0.0007082030286839478
1086 0.0005258216860189834
1263 0.0005188152611795682
1803 0.0004942172352587358
2525 0.0007881489921597373
2931 0.0006758309323565803
3350 0.0013516618647131605
3475 0.000873114324417637
3476 0.000873114324417637
3477 0.002619342973252911
3478 0.000873114324417637