0 0.00019243773886705868
1 0.0001309668193588762
2 0.00017273030805218352
3 0.00037969048392546374
4 0.00035233775638020634
5 0.0002365665368606119
6 0.0002400196965770493
7 0.000233207996263883
8 0.00028224872431895635
9 0.00017041626586836213
13 0.000019487324150714776
16 0.00007545831652538253
26 0.00012343399523364164
34 0.00008687753051003999
36 0.00008296386270199534
37 0.00020975981940966445
38 0.000011603292496195242
39 0.000009267556912609724
40 0.000015010431483387899
41 0.000018566402687180508
42 0.00015433140917806565
43 0.00003297230063404597
44 0.00013635553537529827
45 0.0003894636368882597
46 0.0001834307973068906
47 0.00022570639808232424
48 0.00013154366307515625
49 0.000041620673939093223
51 0.00004686777384075253
52 0.00014497369525357328
61 0.00035285287846540845
63 0.0000037855318677072396
64 0.00018731984297588175
65 0.00001773141897136357
66 0.00009314029848720488
67 0.00004203784642398019
85 0.00048714592340005404
100 0.00015297081732618925
110 0.000505900267840781
124 0.00009942778247685315
146 0.000264773477364449
150 0.00035621126149020904
245 0.000181970089392662
255 0.00017273030805218352
307 0.00022550415909059743
491 0.001244373218891155
505 0.0006719392066499634
506 0.0005983661268631681
507 0.00027274170858643915
508 0.0005365022616985512
510 0.0005685167944117531
512 0.00031751252334467103
590 0.0003672140565768559
682 0.0003753890228061612
709 0.0008182251257593176
1029 0.00047449886069093585
1276 0.00048355146215385347
1396 0.0007384145119945503
1835 0.0013069642533393056
2014 0.0003438806748054391
3128 0.003515918299509189
3479 0.002619342973252911
3480 0.0007384474589275524