0 0.00019243773886705868
1 0.0001309668193588762
2 0.00017273030805218352
3 0.00037969048392546374
4 0.00035233775638020634
5 0.0002365665368606119
6 0.0002400196965770493
7 0.000233207996263883
8 0.00028224872431895635
9 0.00020449951904203455
13 0.00003897464830142955
20 0.0004929832974362684
21 0.0018596936453475447
22 0.0001341735889149772
34 0.000043438765255019996
36 0.00008296386270199534
38 0.000008702469372146433
39 0.000013901335368914586
40 0.000012008345186710319
41 0.000014853122149744404
42 0.00010288760611871043
43 0.000016486150317022987
44 0.00013635553537529827
45 0.00012982121229608657
46 0.00027514619596033594
47 0.00031598895731525394
48 0.00013154366307515625
49 0.00008324134787818645
51 0.00004686777384075253
52 0.00028994739050714656
55 0.00019400951426952473
56 0.00012955459643277864
57 0.0002501368139214302
58 0.0008237551125322549
59 0.00040158610568973463
60 0.0002572917550567303
61 0.00035285287846540845
63 0.0000018927659338536198
64 0.00018731984297588175
65 0.00001773141897136357
67 0.00008407569284796038
71 0.00025123617956186376
84 0.0002130879622223576
85 0.00048714592340005404
114 0.00021141259586679695
118 0.0012105448925920858
122 0.00018417084982617462
123 0.000188234616351904
125 0.0002682511308492756
143 0.0019799337041596734
150 0.00035621126149020904
158 0.00028424192373937554
159 0.000533051014253833
171 0.0001368611790876869
196 0.0001675808341520189
221 0.001117410468530901
222 0.001152445187068451
288 0.002052168206330936
289 0.0003712334023506965
308 0.0005258216860189834
310 0.00016226697770759457
389 0.0017780628081062034
393 0.00033907303651746636
401 0.00018110073068838497
493 0.00023454039050719067
494 0.00019532208520319432
495 0.0003753890228061612
496 0.0002464916487181342
497 0.0005305322565268504
503 0.0007881489921597373
520 0.00016189608767124534
537 0.0003960586369806884
549 0.0008076060951483175
552 0.00048355146215385347
569 0.00042093493558288133
721 0.008517465599434637
722 0.002793526171327253
726 0.002793526171327253
788 0.0004149542829511784
893 0.0015100835453613788
1037 0.0002709256892452844
1263 0.0005188152611795682
1272 0.0005685167944117531
1276 0.00048355146215385347
1285 0.00036332233087023905
1343 0.0005258216860189834
1391 0.0006534821266696528
1395 0.0001739500102896398
1438 0.0006758309323565803
2166 0.0006345864806991627
3124 0.010338264424985736
3481 0.0031525959686389492
3482 0.0007031836599018376
3483 0.000873114324417637
3484 0.002703323729426321
3485 0.0006345864806991627
3486 0.000873114324417637