1 0.0005238672774355048
9 0.00013633301269468968
13 0.000025983098867619697
16 0.00030183326610153013
19 0.0002642464683900639
20 0.0009859665948725369
21 0.000286106714668853
22 0.0001341735889149772
34 0.000043438765255019996
36 0.00004148193135099767
38 0.000005801646248097621
39 0.000009267556912609724
40 0.000012008345186710319
41 0.000011139841612308305
42 0.000051443803059355216
43 0.000016486150317022987
44 0.00013635553537529827
45 0.00025964242459217314
46 0.00022928849663361327
47 0.00022570639808232424
49 0.00008324134787818645
52 0.00014497369525357328
56 0.00006477729821638932
61 0.00035285287846540845
63 0.00000567829780156086
64 0.00018731984297588175
67 0.00004203784642398019
72 0.00035285287846540845
76 0.0002671685307183822
82 0.0011329650910648025
84 0.0002130879622223576
87 0.0001891562677877985
89 0.00009505729945367397
114 0.00021141259586679695
115 0.0008239514332323064
123 0.000188234616351904
124 0.00009942778247685315
129 0.00045619873460859607
130 0.00027274170858643915
144 0.0005074271160050014
159 0.0003553673428358886
167 0.00045217938883475555
210 0.0006403547810939524
217 0.00043049138832493966
230 0.0002958245228348551
245 0.000181970089392662
267 0.0002783569986123394
308 0.0005258216860189834
346 0.0005908656000986806
360 0.00019339166635443979
396 0.00019196354460646538
411 0.00044608035070850863
422 0.0013069642533393056
427 0.00044451570202655086
438 0.0032359533279178614
479 0.0010376305223591363
534 0.0005908656000986806
538 0.0005705016212312678
539 0.00045217938883475555
548 0.0005791825675166354
552 0.00048355146215385347
622 0.0003911548205288988
675 0.0006345864806991627
698 0.00044451570202655086
703 0.0002862680700927968
750 0.0003344468624572988
771 0.0010516433720379667
868 0.0002709256892452844
875 0.0003841483956894837
879 0.0014791226141742757
1050 0.0004603543550640608
1062 0.0010324034428949047
1070 0.0003541015143419739
1120 0.00029472515166756405
1139 0.0005908656000986806
1147 0.0006534821266696528
1247 0.00046465581618336337
1249 0.0007384474589275524
1310 0.00036332233087023905
1330 0.0003960586369806884
1378 0.0007031836599018376
1650 0.00041790813825628515
1702 0.001236436655287876
1796 0.0006037805934374678
1830 0.000999839230418156
1862 0.0007881489921597373
2287 0.0007384474589275524
2318 0.001236436655287876
2409 0.0006345864806991627
2723 0.0007881489921597373
3080 0.0007384474589275524
3487 0.000873114324417637
3488 0.000873114324417637
3489 0.001746228648835274
3490 0.001746228648835274
3491 0.000873114324417637
3492 0.000873114324417637
3493 0.003492457297670548
3494 0.0007881489921597373
3495 0.000873114324417637
3496 0.0007384474589275524
3497 0.000873114324417637
3498 0.0015762979843194746
3499 0.0006758309323565803
3500 0.000873114324417637
3501 0.000873114324417637
3502 0.00036332233087023905
3503 0.000873114324417637
3504 0.000873114324417637
3505 0.000873114324417637