9 0.00017041626586836213
13 0.00003247887358452463
16 0.00007545831652538253
20 0.0002464916487181342
21 0.0001430533573344265
26 0.0002468679904672833
30 0.00022182651134558653
34 0.000043438765255019996
36 0.00016592772540399069
38 0.000008702469372146433
39 0.000009267556912609724
40 0.000015010431483387899
41 0.000018566402687180508
42 0.00015433140917806565
43 0.00002472922547553448
44 0.00013635553537529827
45 0.0006491060614804328
46 0.0003210038952870586
47 0.00031598895731525394
48 0.00013154366307515625
49 0.000041620673939093223
51 0.00004686777384075253
52 0.00014497369525357328
57 0.0001250684069607151
63 0.00000567829780156086
64 0.00018731984297588175
65 0.00003546283794272714
66 0.00018628059697440975
68 0.0002914849877710017
85 0.00048714592340005404
89 0.00009505729945367397
105 0.0003314569809760339
113 0.00011133348371866765
226 0.0006147934070973456
263 0.0002338723830583595
277 0.00009965045113662244
394 0.0004942172352587358
411 0.00044608035070850863
439 0.0003314569809760339
445 0.00023123617256302196
481 0.0007384474589275524
486 0.0017492123545524239
491 0.0006221866094455775
505 0.0013438784132999268
506 0.0011967322537263362
507 0.00027274170858643915
508 0.0002682511308492756
510 0.0005685167944117531
691 0.0003038092374917516
709 0.002727417085864392
863 0.0014768290239891007
1328 0.0010623045430259218
1397 0.00028028741746109395
1398 0.00040380304757415875
1519 0.0018586232647334535
2014 0.0010316420244163174
2636 0.0031116099141858563
3228 0.0021095509797055133
3480 0.0007384474589275524
3506 0.0007031836599018376