13 0.00003897464830142955
16 0.00015091663305076506
26 0.00012343399523364164
34 0.00017375506102007999
36 0.00012444579405299303
37 0.0004195196388193289
38 0.000008702469372146433
39 0.000004633778456304862
40 0.000012008345186710319
41 0.000014853122149744404
42 0.00015433140917806565
43 0.000016486150317022987
45 0.0005192848491843463
49 0.00008324134787818645
52 0.00014497369525357328
56 0.00006477729821638932
63 0.000007571063735414479
64 0.00018731984297588175
65 0.00001773141897136357
66 0.00009314029848720488
67 0.00004203784642398019
85 0.00024357296170002702
89 0.00009505729945367397
100 0.0003059416346523785
115 0.0002059878583080766
138 0.0007550417726806894
159 0.0015991530427614993
165 0.00022550415909059743
171 0.0002737223581753738
180 0.0001136486243970201
230 0.0005916490456697102
250 0.000742466804701393
255 0.00034546061610436703
310 0.0009736018662455675
347 0.0012398873687024298
402 0.0014997588456272344
416 0.0018665598283367326
441 0.0003438806748054391
443 0.0007384474589275524
572 0.00033907303651746636
622 0.0007823096410577976
663 0.0015997589861581152
716 0.0003136207976380542
751 0.005984606615832791
820 0.0013939674485500902
821 0.001903759442097488
896 0.0011583651350332708
1085 0.000393582208037624
1101 0.0013939674485500902
1326 0.0006534821266696528
1327 0.0006534821266696528
1328 0.0035410151434197394
1654 0.001772596800296042
2054 0.000618218327643938
3507 0.0004338499289216686
3508 0.000873114324417637