0 0.00019243773886705868
1 0.0001309668193588762
2 0.00017273030805218352
7 0.000233207996263883
13 0.000025983098867619697
30 0.00022182651134558653
38 0.000008702469372146433
39 0.000013901335368914586
40 0.000012008345186710319
41 0.000018566402687180508
42 0.000051443803059355216
43 0.00001236461273776724
45 0.00012982121229608657
46 0.00045857699326722653
47 0.00027084767769878907
48 0.00013154366307515625
49 0.00008324134787818645
52 0.00014497369525357328
59 0.000602379158534602
61 0.00035285287846540845
63 0.0000037855318677072396
64 0.00018731984297588175
65 0.00001773141897136357
66 0.00009314029848720488
71 0.00012561808978093188
84 0.0002130879622223576
85 0.00024357296170002702
89 0.00019011459890734794
100 0.00015297081732618925
113 0.00011133348371866765
122 0.00018417084982617462
123 0.000188234616351904
124 0.00009942778247685315
160 0.00018023749427928805
165 0.00045100831818119485
196 0.0003351616683040378
206 0.00044451570202655086
277 0.00029895135340986733
297 0.00034888459666376895
308 0.0005258216860189834
321 0.00048355146215385347
393 0.0006781460730349327
402 0.0014997588456272344
412 0.00028729384230050906
413 0.00024142866684252312
441 0.0003438806748054391
549 0.00040380304757415875
596 0.00043049138832493966
641 0.002361493248225744
698 0.00044451570202655086
761 0.0015762979843194746
762 0.0007384474589275524
763 0.0006758309323565803
764 0.0005332529953860384
765 0.0015997589861581152
766 0.0004785475402955236
767 0.0017375477025499064
768 0.0014826517057762074
769 0.0009123974692171921
770 0.0004785475402955236
771 0.0005258216860189834
772 0.0002597352724507996