0 0.00019243773886705868
1 0.0002619336387177524
2 0.00017273030805218352
5 0.0002365665368606119
6 0.0002400196965770493
7 0.000233207996263883
8 0.00028224872431895635
9 0.00013633301269468968
13 0.000012991549433809848
16 0.00015091663305076506
18 0.0009489977213818717
19 0.00013212323419503196
22 0.0002683471778299544
30 0.00044365302269117307
34 0.000043438765255019996
36 0.00012444579405299303
37 0.00020975981940966445
38 0.000011603292496195242
39 0.000009267556912609724
40 0.00001801251778006548
41 0.000018566402687180508
43 0.000020607687896278735
44 0.00013635553537529827
46 0.00027514619596033594
47 0.00027084767769878907
49 0.00008324134787818645
52 0.00014497369525357328
55 0.00029101427140428715
56 0.00006477729821638932
61 0.00035285287846540845
63 0.00001135659560312172
64 0.00018731984297588175
66 0.00027942089546161464
67 0.00004203784642398019
68 0.0005829699755420034
72 0.0026463965884905636
76 0.0006679213267959556
79 0.000549621148441263
80 0.000618218327643938
82 0.0002832412727662006
83 0.001011800535681562
87 0.0001891562677877985
89 0.00019011459890734794
104 0.00016413845014333722
113 0.00011133348371866765
114 0.00021141259586679695
124 0.0001988555649537063
136 0.0005851111081648902
139 0.00028224872431895635
144 0.0006765694880066684
146 0.000794320432093347
165 0.00022550415909059743
179 0.000925850627339173
180 0.00005682431219851005
196 0.0001675808341520189
197 0.001452118452741308
243 0.001059093909457796
247 0.0015633643428548424
251 0.00022002825322499402
286 0.0001987752449196317
289 0.000742466804701393
309 0.0006006466840248042
310 0.001135868843953162
360 0.00038678333270887957
367 0.0005347448482446134
392 0.0002969338431976791
403 0.002793526171327253
411 0.00044608035070850863
413 0.00024142866684252312
419 0.0007031836599018376
430 0.00022365154352182467
431 0.00037969048392546374
437 0.0009645956073555347
438 0.0010786511093059537
445 0.00023123617256302196
452 0.0005529130198929884
481 0.0007384474589275524
486 0.0008746061772762119
493 0.0011727019525359535
494 0.0027345091928447206
497 0.00035368817101790026
520 0.0006475843506849814
573 0.0001652752038556845
576 0.0003086168757797243
691 0.0003038092374917516
787 0.0004737399020075509
851 0.000040928526061156217
858 0.0002457554359134993
907 0.003807518884194976
1100 0.002407001022472928
1172 0.0009775367596641168
1178 0.0013015497867650057
1196 0.0003841483956894837
1242 0.0014063673198036752
1322 0.0004737399020075509
1693 0.0005908656000986806
1827 0.00041790813825628515
1833 0.0007031836599018376
2166 0.0006345864806991627
2202 0.00046465581618336337
2447 0.0003985861298959538
2722 0.00041790813825628515
2885 0.0005908656000986806
3163 0.0011817312001973612
3510 0.003492457297670548
3511 0.001746228648835274
3512 0.001746228648835274
3513 0.0007881489921597373
3514 0.000873114324417637
3515 0.002613928506678611
3516 0.002619342973252911
3517 0.000873114324417637
3518 0.000873114324417637
3519 0.000873114324417637
3520 0.000873114324417637
3521 0.001746228648835274
3522 0.000873114324417637