0 0.00019243773886705868
1 0.0001309668193588762
2 0.00017273030805218352
5 0.0002365665368606119
6 0.0002400196965770493
7 0.000233207996263883
13 0.000019487324150714776
16 0.00007545831652538253
26 0.000370301985700925
30 0.00022182651134558653
33 0.00011331060825040136
34 0.00013031629576506
36 0.00012444579405299303
38 0.000014504115620244055
39 0.000018535113825219447
40 0.000015010431483387899
41 0.000014853122149744404
43 0.00001236461273776724
45 0.0003894636368882597
48 0.00013154366307515625
49 0.000041620673939093223
51 0.00009373554768150506
52 0.00014497369525357328
55 0.00009700475713476236
63 0.0000037855318677072396
64 0.00018731984297588175
67 0.00004203784642398019
82 0.0005664825455324013
88 0.00024872719512041187
89 0.00028517189836102194
102 0.00025332444879269114
115 0.0002059878583080766
121 0.0012075611868749357
124 0.00009942778247685315
130 0.00027274170858643915
146 0.000264773477364449
159 0.0001776836714179443
177 0.00015160120460271228
180 0.0001136486243970201
261 0.000467744766116719
277 0.00019930090227324488
310 0.001135868843953162
360 0.00019339166635443979
371 0.0004408563537610837
402 0.000999839230418156
416 0.00031109330472278875
449 0.00043049138832493966
471 0.00045619873460859607
472 0.0006534821266696528
475 0.0014313403504639844
480 0.0003672140565768559
491 0.00031109330472278875
492 0.001518761935701855
493 0.00046908078101438134
494 0.0013672545964223603
496 0.0002464916487181342
508 0.0021460090467942047
606 0.0011370335888235062
664 0.0009123974692171921
703 0.0002862680700927968
709 0.00027274170858643915
749 0.0004603543550640608
791 0.0006758309323565803
826 0.0008544448391450592
899 0.00044828766312813873
1001 0.0006147943470845361
1064 0.000618218327643938
1162 0.0009079086694440643
1187 0.00035770704084433884
1397 0.0016817245047665637
2815 0.0007881489921597373
3186 0.0014063673198036752