0 0.00019243773886705868
1 0.0001309668193588762
2 0.00017273030805218352
5 0.0002365665368606119
6 0.0002400196965770493
7 0.000233207996263883
8 0.00028224872431895635
13 0.00003897464830142955
16 0.00007545831652538253
17 0.0013208620309783875
19 0.0002642464683900639
23 0.0009120747583693047
34 0.000043438765255019996
36 0.00008296386270199534
38 0.000008702469372146433
39 0.000009267556912609724
40 0.000012008345186710319
41 0.000014853122149744404
42 0.00010288760611871043
43 0.00001236461273776724
45 0.00012982121229608657
46 0.00022928849663361327
47 0.00036113023693171874
48 0.00013154366307515625
49 0.000041620673939093223
51 0.00004686777384075253
52 0.00014497369525357328
55 0.00009700475713476236
61 0.00035285287846540845
63 0.0000018927659338536198
64 0.00018731984297588175
65 0.00007092567588545428
66 0.00009314029848720488
67 0.00004203784642398019
68 0.0005829699755420034
85 0.00024357296170002702
105 0.0003314569809760339
118 0.003934270900924279
122 0.00018417084982617462
123 0.000188234616351904
124 0.00009942778247685315
131 0.0004092519030008361
132 0.0003985861298959538
138 0.0003775208863403447
146 0.000264773477364449
150 0.00035621126149020904
151 0.001007908809974945
171 0.0001368611790876869
177 0.0004548036138081369
230 0.0005916490456697102
247 0.0005211214476182807
259 0.0010356613701901578
308 0.0005258216860189834
348 0.0004272224195725296
369 0.0007031836599018376
376 0.00034065472379816113
438 0.0007191007395373025
479 0.0005188152611795682
496 0.0002464916487181342
497 0.00017684408550895013
520 0.0004856882630137361
613 0.0005194705449015992
622 0.0003911548205288988
624 0.0009775367596641168
670 0.0003329428059983855
703 0.0002862680700927968
753 0.0002783569986123394
832 0.00048355146215385347
1001 0.00030739717354226806
1060 0.0002852508106156339
1250 0.0007031836599018376
1390 0.002793526171327253
1590 0.0007881489921597373
3154 0.0007384474589275524
3226 0.0005188152611795682
3523 0.001746228648835274
3524 0.0007881489921597373
3525 0.000873114324417637
3526 0.000873114324417637
3527 0.000873114324417637
3528 0.000873114324417637