9 0.00006816650634734484
11 0.0004092519030008361
12 0.0002564879550388143
13 0.000006495774716904924
36 0.00004148193135099767
38 0.000005801646248097621
39 0.000009267556912609724
40 0.000012008345186710319
41 0.000011139841612308305
43 0.000004121537579255747
44 0.00006817776768764914
45 0.00012982121229608657
46 0.00004585769932672265
47 0.00004514127961646484
49 0.0001664826957563729
51 0.00009373554768150506
52 0.00014497369525357328
55 0.00009700475713476236
56 0.00012955459643277864
61 0.00035285287846540845
63 0.0000037855318677072396
65 0.00001773141897136357
66 0.00009314029848720488
104 0.00032827690028667443
118 0.005750088239812408
122 0.00018417084982617462
124 0.00009942778247685315
136 0.0005851111081648902
176 0.00033751149866781817
177 0.00015160120460271228
179 0.0003086168757797243
186 0.00025254616640991854
216 0.001117410468530901
260 0.0007637983509111575
271 0.00029918306343158405
277 0.00029895135340986733
279 0.00022929556638299245
336 0.0007384474589275524
365 0.0004272224195725296
394 0.0004942172352587358
396 0.00038392708921293077
412 0.00028729384230050906
413 0.00024142866684252312
468 0.0009408623929141627
479 0.0010376305223591363
497 0.00017684408550895013
520 0.00016189608767124534
543 0.0003960586369806884
593 0.0006037805934374678
606 0.0005685167944117531
671 0.0005194705449015992
672 0.0004942172352587358
708 0.00035955036976865123
759 0.0007154140816886777
765 0.0031995179723162304
777 0.0031128915670774093
788 0.0004149542829511784
794 0.0021330119815441534
915 0.00032290148184198857
967 0.0005791825675166354
1088 0.000499919615209078
1106 0.0007881489921597373
1121 0.005907579671420419
1141 0.0029253569677939965
1222 0.0007881489921597373
1397 0.0014014370873054699
1411 0.0005121877518304292
1594 0.000549621148441263
1769 0.000499919615209078
1877 0.0014768949178551047
2544 0.0005685167944117531
2624 0.0011370335888235062
3208 0.00034065472379816113
3436 0.0066460271303479725
3459 0.0006345864806991627
3529 0.000873114324417637
3530 0.000873114324417637
3531 0.0007384474589275524
3532 0.000873114324417637
3533 0.006984914595341096
3534 0.000873114324417637
3535 0.0014063673198036752
3536 0.000873114324417637
3537 0.000873114324417637
3538 0.0005332529953860384
3539 0.001746228648835274
3540 0.000873114324417637
3541 0.000873114324417637
3542 0.002619342973252911
3543 0.000873114324417637