13 0.00003247887358452463
26 0.00012343399523364164
34 0.00017375506102007999
36 0.00008296386270199534
38 0.000005801646248097621
39 0.000004633778456304862
40 0.000006004172593355159
41 0.000007426561074872202
43 0.000004121537579255747
46 0.0001834307973068906
47 0.00018056511846585937
52 0.00014497369525357328
63 0.000007571063735414479
64 0.00018731984297588175
65 0.00001773141897136357
68 0.0005829699755420034
88 0.00024872719512041187
89 0.00009505729945367397
104 0.00032827690028667443
115 0.0006179635749242299
122 0.00018417084982617462
124 0.00009942778247685315
210 0.0003201773905469762
261 0.000467744766116719
411 0.00022304017535425432
540 0.0003471938241542892
613 0.0002597352724507996
641 0.000393582208037624
665 0.0004887683798320584
749 0.0004603543550640608
928 0.00040116683707882124
1073 0.00046465581618336337
1082 0.00043730308863810597
1112 0.0003672140565768559
1234 0.0007881489921597373
1400 0.0004737399020075509
1478 0.000499919615209078
2199 0.0004785475402955236
2508 0.0006345864806991627
3271 0.0006758309323565803
3544 0.001746228648835274
3545 0.004365571622088185
3546 0.006984914595341096
3547 0.001746228648835274