0 0.00019243773886705868
1 0.0002619336387177524
2 0.00017273030805218352
4 0.00035233775638020634
5 0.0002365665368606119
6 0.0002400196965770493
7 0.000233207996263883
8 0.00028224872431895635
9 0.00017041626586836213
13 0.00003247887358452463
15 0.0002564879550388143
21 0.0010013735013409857
26 0.00012343399523364164
33 0.00011331060825040136
34 0.000043438765255019996
36 0.00004148193135099767
37 0.00020975981940966445
38 0.000005801646248097621
39 0.00002316889228152431
40 0.000015010431483387899
41 0.000014853122149744404
42 0.00010288760611871043
43 0.000020607687896278735
44 0.00013635553537529827
46 0.00022928849663361327
47 0.00022570639808232424
49 0.00008324134787818645
51 0.00004686777384075253
52 0.00014497369525357328
58 0.0010983401500430064
59 0.0008031722113794693
60 0.0002572917550567303
61 0.00035285287846540845
63 0.0000037855318677072396
64 0.00018731984297588175
67 0.00004203784642398019
71 0.00012561808978093188
84 0.0002130879622223576
88 0.00024872719512041187
89 0.00009505729945367397
91 0.0005188152611795682
107 0.0006147934070973456
113 0.00011133348371866765
115 0.0006179635749242299
124 0.00009942778247685315
132 0.005580205818543354
143 0.00032998895069327885
144 0.0003382847440033342
150 0.00017810563074510452
167 0.00045217938883475555
176 0.00033751149866781817
177 0.00015160120460271228
179 0.000925850627339173
196 0.0006703233366080756
210 0.0009605321716409287
245 0.000363940178785324
267 0.0002783569986123394
275 0.0004120699366150429
277 0.0005979027068197347
352 0.0002958245228348551
368 0.00018686500362842702
389 0.0008890314040531017
393 0.0006781460730349327
401 0.0007244029227535399
402 0.0029995176912544688
405 0.0004942172352587358
430 0.00022365154352182467
437 0.0006430637382370231
540 0.0017359691207714462
549 0.0008076060951483175
564 0.0014826517057762074
572 0.00033907303651746636
576 0.0006172337515594486
579 0.0004942172352587358
658 0.0003841483956894837
660 0.0007031836599018376
670 0.0003329428059983855
767 0.0040542779726164485
770 0.0009570950805910472
786 0.01009507618935397
790 0.002443841899160292
803 0.0002597352724507996
811 0.00045217938883475555
887 0.0006758309323565803
893 0.0003775208863403447
933 0.000618218327643938
993 0.00043049138832493966
995 0.0005791825675166354
1054 0.0007384474589275524
1153 0.0004120699366150429
1154 0.0003960586369806884
1162 0.0006052724462960429
1335 0.0013069642533393056
1436 0.0019342058486154139
1497 0.0013069642533393056
1656 0.002027492797069741
1696 0.0004887683798320584
1753 0.0017492123545524239
1995 0.000618218327643938
2021 0.000499919615209078
2063 0.00040116683707882124
2091 0.000618218327643938
2108 0.0011583651350332708
2175 0.0007031836599018376
2191 0.0005908656000986806
2447 0.0003985861298959538
2485 0.0005332529953860384
2499 0.0024151223737498713
2537 0.005434025340937211
2614 0.004054985594139482
2914 0.004219101959411027
3201 0.0005411640668664958
3548 0.000873114324417637
3549 0.0034750954050998127
3550 0.000873114324417637
3551 0.013096714866264555
3552 0.0006534821266696528
3553 0.0036922372946377622
3554 0.00873114324417637
3555 0.000873114324417637
3556 0.004219101959411027
3557 0.001746228648835274
3558 0.001746228648835274
3559 0.000873114324417637
3560 0.000873114324417637
3561 0.000873114324417637