9 0.00023858277221570697
13 0.000012991549433809848
16 0.00007545831652538253
21 0.0001430533573344265
28 0.00025332444879269114
33 0.00011331060825040136
38 0.000005801646248097621
39 0.000013901335368914586
40 0.00002101460407674306
41 0.000018566402687180508
42 0.000051443803059355216
43 0.000020607687896278735
44 0.00006817776768764914
45 0.00025964242459217314
49 0.000041620673939093223
51 0.00004686777384075253
52 0.00014497369525357328
56 0.00006477729821638932
61 0.00035285287846540845
63 0.0000037855318677072396
66 0.00027942089546161464
67 0.00008407569284796038
69 0.00023724943034546792
71 0.00012561808978093188
82 0.0014162063638310035
104 0.00016413845014333722
113 0.0002226669674373353
114 0.00021141259586679695
122 0.00018417084982617462
143 0.0013199558027731154
150 0.00035621126149020904
171 0.0001368611790876869
229 0.0005121877518304292
277 0.00009965045113662244
278 0.0007550417726806894
279 0.00022929556638299245
393 0.00033907303651746636
394 0.0014826517057762074
402 0.002499598076045391
412 0.0008618815269015273
413 0.0007242860005275694
435 0.0004603543550640608
468 0.0018817247858283254
538 0.0002852508106156339
550 0.00025332444879269114
595 0.00044451570202655086
664 0.0022809936730429805
667 0.00045619873460859607
691 0.0003038092374917516
693 0.0013565381665042668
708 0.00035955036976865123
788 0.0012448628488535354
811 0.00045217938883475555
841 0.0004338499289216686
865 0.0050766918455933015
868 0.0002709256892452844
979 0.0004338499289216686
1060 0.0002852508106156339
1062 0.00025810086072372616
1196 0.002304890374136902
1473 0.0006534821266696528
1843 0.000393582208037624
2126 0.0007031836599018376
2513 0.0006345864806991627
2983 0.0007881489921597373
3562 0.000873114324417637
3563 0.011034085890236325
3564 0.0006758309323565803
3565 0.0029537898357102094
3566 0.0007031836599018376
3567 0.000873114324417637
3568 0.002619342973252911
3569 0.000873114324417637
3570 0.0022153423767826575
3571 0.000873114324417637
3572 0.000873114324417637
3573 0.000873114324417637
3574 0.000873114324417637
3575 0.000873114324417637
3576 0.000873114324417637
3577 0.000873114324417637
3578 0.000873114324417637