0 0.00019243773886705868
1 0.0002619336387177524
2 0.00017273030805218352
3 0.00037969048392546374
4 0.00035233775638020634
5 0.0002365665368606119
6 0.0002400196965770493
7 0.000233207996263883
8 0.00028224872431895635
9 0.00020449951904203455
13 0.00003247887358452463
19 0.0002642464683900639
20 0.0002464916487181342
21 0.0001430533573344265
22 0.0001341735889149772
26 0.00012343399523364164
29 0.00026649997158873667
30 0.00022182651134558653
33 0.00011331060825040136
34 0.00013031629576506
35 0.0003887745697496512
36 0.00008296386270199534
38 0.000008702469372146433
39 0.000009267556912609724
40 0.000015010431483387899
41 0.000018566402687180508
42 0.00015433140917806565
43 0.000020607687896278735
44 0.00013635553537529827
45 0.0005192848491843463
46 0.00022928849663361327
47 0.00040627151654818366
48 0.00013154366307515625
49 0.000041620673939093223
51 0.00004686777384075253
52 0.00028994739050714656
55 0.00009700475713476236
56 0.00019433189464916796
57 0.0001250684069607151
58 0.0005491700750215032
59 0.000602379158534602
60 0.0005145835101134606
61 0.00035285287846540845
63 0.0000037855318677072396
64 0.00018731984297588175
65 0.00007092567588545428
68 0.0005829699755420034
81 0.00018240709186440708
84 0.0002130879622223576
85 0.00048714592340005404
100 0.00015297081732618925
102 0.00025332444879269114
113 0.0002226669674373353
118 0.0018158173388881287
123 0.000188234616351904
124 0.00009942778247685315
125 0.0026825113084927564
127 0.0029253569677939965
159 0.0003553673428358886
160 0.0007209499771171522
165 0.00022550415909059743
169 0.014192449579488188
171 0.0001368611790876869
175 0.0003753890228061612
196 0.0001675808341520189
197 0.0002904236905482616
206 0.00044451570202655086
223 0.0013335471060796527
245 0.000181970089392662
261 0.0002338723830583595
287 0.0010324034428949047
299 0.005684878824090611
304 0.00026056072380914035
357 0.0003438806748054391
375 0.00025891534254753946
391 0.000832209213374875
392 0.0008908015295930374
445 0.00023123617256302196
497 0.00017684408550895013
505 0.0016798480166249088
506 0.0014959153171579206
507 0.0008182251257593176
510 0.0005685167944117531
520 0.00016189608767124534
532 0.0072453671212496145
551 0.0002832412727662006
555 0.0002457554359134993
557 0.0021201918438768304
652 0.0004737399020075509
678 0.0004603543550640608
746 0.0003672140565768559
753 0.0002783569986123394
820 0.00046465581618336337
843 0.0006345864806991627
862 0.0005908656000986806
895 0.0005332529953860384
981 0.000618218327643938
1001 0.00030739717354226806
1029 0.0011862471517273398
1060 0.0002852508106156339
1095 0.0004120699366150429
1374 0.0010823281337329915
1436 0.00048355146215385347
1580 0.005116651149705779
1619 0.0014768949178551047
1696 0.0004887683798320584
1742 0.000499919615209078
1837 0.000499919615209078
1849 0.0006758309323565803
1937 0.0069501908101996255
2089 0.0006345864806991627
2218 0.00045619873460859607
2388 0.0013069642533393056
2722 0.00041790813825628515
2729 0.002472873310575752
3075 0.0007384474589275524
3159 0.0012691729613983254
3480 0.0007384474589275524
3579 0.003492457297670548
3580 0.000873114324417637
3581 0.000873114324417637
3582 0.0013516618647131605
3583 0.000873114324417637
3584 0.000873114324417637
3585 0.000873114324417637
3586 0.0007881489921597373
3587 0.000873114324417637
3588 0.0022153423767826575
3589 0.0063051919372778984
3590 0.000873114324417637
3591 0.000873114324417637
3592 0.0007881489921597373
3593 0.000873114324417637
3594 0.000873114324417637
3595 0.000873114324417637
3596 0.000873114324417637
3597 0.000873114324417637
3598 0.0007881489921597373
3599 0.0007881489921597373
3600 0.000873114324417637
3601 0.0007344281131537118
3602 0.000873114324417637
3603 0.0006345864806991627
3604 0.000873114324417637
3605 0.0007881489921597373
3606 0.002619342973252911