13 0.000012991549433809848
25 0.0025383459227966507
36 0.00012444579405299303
39 0.000004633778456304862
40 0.00000900625889003274
41 0.000007426561074872202
46 0.00004585769932672265
47 0.00004514127961646484
49 0.000041620673939093223
52 0.00014497369525357328
63 0.0000037855318677072396
67 0.00004203784642398019
105 0.0006629139619520678
107 0.0002049311356991152
113 0.0002226669674373353
185 0.0005312673696979216
186 0.00025254616640991854
193 0.0002936355528176933
196 0.0001675808341520189
214 0.000273659908111955
247 0.0007816821714274212
251 0.00044005650644998804
264 0.00021085919057695548
274 0.0017362290197116888
275 0.0004120699366150429
277 0.00029895135340986733
288 0.00045603737918465233
289 0.0003712334023506965
304 0.00026056072380914035
320 0.0005894503033351281
328 0.0005587052342654505
338 0.001099242296882526
357 0.0003438806748054391
359 0.0005258216860189834
363 0.00036332233087023905
366 0.0006845141746292599
374 0.0015177008035223431
435 0.0004603543550640608
454 0.0006758309323565803
456 0.0019604463800089586
527 0.0011817312001973612
538 0.0002852508106156339
585 0.0003911548205288988
671 0.0002597352724507996
845 0.00043730308863810597
875 0.0003841483956894837
893 0.0003775208863403447
1055 0.0007881489921597373
1068 0.0004887683798320584
1110 0.0005332529953860384
1177 0.0005188152611795682
1343 0.0005258216860189834
1425 0.0004691137279473833
1466 0.0021095509797055133
1467 0.0007384474589275524
1876 0.0013069642533393056
2034 0.0005258216860189834
2074 0.003940744960798687
2077 0.0006534821266696528
2152 0.0004942172352587358
2224 0.001236436655287876
2325 0.0006534821266696528
2624 0.0005685167944117531
2863 0.000618218327643938
3288 0.0007881489921597373
3466 0.0007881489921597373
3607 0.000873114324417637
3608 0.002619342973252911
3609 0.000618218327643938
3610 0.000873114324417637
3611 0.0007031836599018376
3612 0.0007384474589275524
3613 0.0007031836599018376
3614 0.000873114324417637
3615 0.000873114324417637
3616 0.000873114324417637
3617 0.0007881489921597373
3618 0.000873114324417637