0 0.00019243773886705868
1 0.0001309668193588762
2 0.00017273030805218352
5 0.0002365665368606119
6 0.0002400196965770493
7 0.000233207996263883
8 0.00028224872431895635
12 0.0002564879550388143
13 0.00009743662075357388
16 0.00007545831652538253
32 0.0005188152611795682
33 0.00011331060825040136
38 0.000008702469372146433
39 0.000004633778456304862
40 0.00000900625889003274
41 0.000011139841612308305
42 0.00010288760611871043
43 0.000008243075158511493
45 0.00012982121229608657
46 0.0001834307973068906
47 0.00022570639808232424
48 0.00013154366307515625
49 0.000041620673939093223
51 0.00009373554768150506
52 0.00028994739050714656
55 0.00029101427140428715
58 0.0010983401500430064
59 0.000602379158534602
60 0.0002572917550567303
61 0.00035285287846540845
63 0.0000018927659338536198
64 0.00018731984297588175
65 0.00003546283794272714
84 0.0004261759244447152
89 0.00009505729945367397
100 0.00015297081732618925
118 0.0009079086694440643
177 0.0004548036138081369
267 0.0002783569986123394
270 0.00035955036976865123
271 0.00029918306343158405
277 0.00009965045113662244
287 0.00025810086072372616
293 0.0003285382939579267
308 0.0005258216860189834
413 0.00024142866684252312
431 0.001518761935701855
542 0.0014997588456272344
577 0.000549621148441263
590 0.0003672140565768559
594 0.0003438806748054391
648 0.0003201773905469762
773 0.0006345864806991627
774 0.000618218327643938
775 0.0007031836599018376
776 0.0005121877518304292
777 0.006225783134154819
778 0.004430684753565315
779 0.00030263622314802144
780 0.0007550417726806894
781 0.00046465581618336337