9 0.00017041626586836213
13 0.00003247887358452463
16 0.00007545831652538253
19 0.00066061617097516
29 0.00026649997158873667
34 0.00013031629576506
38 0.000008702469372146433
39 0.00002316889228152431
40 0.000015010431483387899
41 0.000014853122149744404
42 0.00015433140917806565
43 0.000004121537579255747
44 0.00006817776768764914
46 0.0001834307973068906
47 0.00036113023693171874
49 0.000041620673939093223
51 0.00004686777384075253
52 0.00014497369525357328
55 0.00009700475713476236
56 0.00012955459643277864
57 0.0001250684069607151
61 0.00035285287846540845
63 0.00000567829780156086
64 0.00018731984297588175
66 0.00009314029848720488
67 0.00008407569284796038
72 0.0017642643923270424
73 0.00019291377466338104
82 0.0002832412727662006
85 0.00024357296170002702
87 0.0024590314812413805
88 0.00024872719512041187
89 0.00028517189836102194
90 0.000499919615209078
113 0.00011133348371866765
160 0.0003604749885585761
165 0.00045100831818119485
171 0.0001368611790876869
177 0.0006064048184108491
197 0.002032965833837831
214 0.000273659908111955
251 0.0026403390386999285
267 0.0013917849930616972
272 0.0004737399020075509
277 0.0005979027068197347
279 0.00022929556638299245
286 0.0007951009796785268
304 0.00026056072380914035
305 0.0007031836599018376
309 0.0006006466840248042
310 0.00016226697770759457
314 0.000618218327643938
320 0.0008841754550026923
347 0.0004959549474809718
411 0.00022304017535425432
437 0.0006430637382370231
468 0.0015681039881902713
497 0.0007073763420358005
520 0.0003237921753424907
608 0.0003438806748054391
622 0.0019557741026444944
646 0.0003712334023506965
654 0.0048494198913719205
753 0.0002783569986123394
905 0.0004942172352587358
915 0.0009687044455259658
920 0.0029046799806582498
1027 0.0005332529953860384
1031 0.00042093493558288133
1037 0.0008127770677358534
1283 0.0006781460730349327
1315 0.001793150652512555
1653 0.0012628048067486442
1934 0.0005188152611795682
1935 0.000505900267840781
2015 0.000499919615209078
2760 0.0005908656000986806
3619 0.000873114324417637
3620 0.0012075611868749357