13 0.00003897464830142955
16 0.00007545831652538253
19 0.00013212323419503196
20 0.0002464916487181342
26 0.00012343399523364164
33 0.00011331060825040136
34 0.000043438765255019996
38 0.000011603292496195242
39 0.000013901335368914586
40 0.00000900625889003274
41 0.000003713280537436101
45 0.0003894636368882597
46 0.0001834307973068906
47 0.00036113023693171874
49 0.0001664826957563729
52 0.00014497369525357328
56 0.00019433189464916796
57 0.0001250684069607151
61 0.00017642643923270423
63 0.00000567829780156086
64 0.00018731984297588175
67 0.00004203784642398019
88 0.0004974543902408237
107 0.0002049311356991152
113 0.0004453339348746706
122 0.00036834169965234924
134 0.0003672140565768559
150 0.00035621126149020904
159 0.0001776836714179443
162 0.0004149542829511784
171 0.0005474447163507476
238 0.001099242296882526
251 0.00022002825322499402
261 0.0002338723830583595
263 0.0007016171491750785
268 0.00048355146215385347
277 0.00019930090227324488
286 0.0003975504898392634
296 0.0004887683798320584
328 0.0005587052342654505
348 0.0004272224195725296
360 0.00019339166635443979
363 0.0007266446617404781
367 0.0002673724241223067
371 0.007053701660177339
416 0.00031109330472278875
439 0.0013258279239041356
452 0.0002764565099464942
490 0.0004338499289216686
608 0.0030949260732489525
633 0.00040649720137641123
643 0.000505900267840781
649 0.0003960586369806884
671 0.0002597352724507996
682 0.0007507780456123224
741 0.00035233775638020634
749 0.0004603543550640608
842 0.0015774650580569502
875 0.0003841483956894837
942 0.00043730308863810597
988 0.00041790813825628515
1196 0.0003841483956894837
1285 0.00036332233087023905
1298 0.0011370335888235062
1335 0.0013069642533393056
1347 0.0014768949178551047
1397 0.004204311261916409
1472 0.00043730308863810597
1603 0.00040116683707882124
1605 0.0005587052342654505
1644 0.0006345864806991627
1744 0.0006534821266696528
2199 0.0004785475402955236
2303 0.0007031836599018376
2605 0.00945384960157889
3121 0.0022153423767826575
3234 0.0007384474589275524
3326 0.0015762979843194746
3357 0.005227857013357222
3631 0.002619342973252911
3632 0.0022153423767826575
3633 0.007858028919758734
3634 0.003492457297670548
3635 0.0007881489921597373
3636 0.000873114324417637
3637 0.000873114324417637
3638 0.001746228648835274
3639 0.001746228648835274
3640 0.003492457297670548
3641 0.000873114324417637
3642 0.00611180027092346
3643 0.000873114324417637
3644 0.000873114324417637
3645 0.000873114324417637
3646 0.001746228648835274
3647 0.0007384474589275524
3648 0.000873114324417637
3649 0.001746228648835274
3650 0.000873114324417637
3651 0.000873114324417637
3652 0.000873114324417637
3653 0.001746228648835274
3654 0.000873114324417637
3655 0.000873114324417637
3656 0.000873114324417637
3657 0.000873114324417637