0 0.00019243773886705868
1 0.0002619336387177524
2 0.00017273030805218352
5 0.0002365665368606119
6 0.0002400196965770493
7 0.000233207996263883
8 0.00028224872431895635
9 0.00003408325317367242
13 0.000019487324150714776
15 0.0002564879550388143
16 0.00007545831652538253
30 0.0035492241815293845
34 0.00008687753051003999
36 0.00004148193135099767
38 0.000008702469372146433
39 0.000009267556912609724
40 0.000015010431483387899
41 0.000018566402687180508
42 0.000051443803059355216
43 0.00002472922547553448
45 0.00012982121229608657
49 0.000041620673939093223
52 0.00028994739050714656
56 0.00006477729821638932
58 0.0008237551125322549
59 0.00040158610568973463
63 0.00000567829780156086
64 0.00018731984297588175
65 0.00001773141897136357
67 0.00004203784642398019
82 0.0011329650910648025
85 0.00024357296170002702
97 0.00023454039050719067
102 0.00025332444879269114
105 0.0029831128287843055
113 0.00011133348371866765
115 0.0002059878583080766
118 0.0009079086694440643
123 0.000188234616351904
171 0.0001368611790876869
191 0.0005188152611795682
192 0.0003242865707429365
196 0.0003351616683040378
206 0.00044451570202655086
209 0.0005791825675166354
235 0.0007384474589275524
237 0.0010676730645095523
243 0.000264773477364449
250 0.0018561670117534827
253 0.0002472323099654942
277 0.00009965045113662244
377 0.0003188377153162591
445 0.00023123617256302196
482 0.0006037805934374678
507 0.001363708542932196
514 0.00043049138832493966
543 0.0003960586369806884
555 0.0002457554359134993
664 0.0018247949384343843
671 0.0002597352724507996
706 0.0006345864806991627
717 0.000393582208037624
779 0.00030263622314802144
895 0.0005332529953860384
896 0.0005791825675166354
946 0.003828380322364189
958 0.0006534821266696528
1074 0.001236436655287876
1112 0.0003672140565768559
1162 0.00030263622314802144
1283 0.00033907303651746636
1302 0.0010823281337329915
1321 0.0003271046043571432
1354 0.002793526171327253
1368 0.0027130763330085335
1397 0.00028028741746109395
1496 0.0006758309323565803
1514 0.004830244747499743
1621 0.0004338499289216686
1636 0.0004603543550640608
1644 0.0006345864806991627
1837 0.000499919615209078
2308 0.0023644469764792122
2412 0.0006534821266696528
2614 0.012164956782418447
3658 0.0007881489921597373
3659 0.0007881489921597373
3660 0.007841785520035834
3661 0.000873114324417637
3662 0.0007384474589275524
3663 0.009604257568594007
3664 0.000873114324417637
3665 0.000873114324417637
3666 0.000873114324417637
3667 0.000873114324417637