13 0.00003897464830142955
19 0.00013212323419503196
21 0.0001430533573344265
34 0.000043438765255019996
36 0.00004148193135099767
37 0.00020975981940966445
38 0.000008702469372146433
39 0.000009267556912609724
40 0.00001801251778006548
41 0.000025992963762052712
43 0.00001236461273776724
45 0.0003894636368882597
46 0.00013757309798016797
47 0.00027084767769878907
49 0.00008324134787818645
51 0.00004686777384075253
55 0.00019400951426952473
56 0.00006477729821638932
59 0.00020079305284486732
61 0.00017642643923270423
63 0.0000037855318677072396
65 0.00001773141897136357
66 0.00009314029848720488
67 0.00004203784642398019
69 0.00023724943034546792
71 0.00012561808978093188
85 0.00048714592340005404
113 0.00011133348371866765
121 0.0012075611868749357
124 0.00009942778247685315
132 0.0003985861298959538
159 0.000533051014253833
165 0.00022550415909059743
167 0.00045217938883475555
171 0.0001368611790876869
174 0.0011817312001973612
176 0.00033751149866781817
196 0.0003351616683040378
212 0.00040116683707882124
214 0.000273659908111955
243 0.000264773477364449
250 0.001484933609402786
277 0.00019930090227324488
310 0.0006490679108303783
321 0.00048355146215385347
335 0.000505900267840781
360 0.00038678333270887957
366 0.00034225708731462997
441 0.0003438806748054391
495 0.0003753890228061612
497 0.00017684408550895013
498 0.0003558910215031841
520 0.00016189608767124534
555 0.0002457554359134993
570 0.0006758309323565803
580 0.0004408563537610837
589 0.0014212197060226527
643 0.000505900267840781
664 0.00045619873460859607
688 0.000549621148441263
689 0.00043049138832493966
746 0.0003672140565768559
753 0.0002783569986123394
759 0.002146242245066033
765 0.0010665059907720767
773 0.0006345864806991627
779 0.00030263622314802144
780 0.0003775208863403447
839 0.000549621148441263
842 0.0005258216860189834
850 0.0003960586369806884
865 0.0006345864806991627
905 0.0004942172352587358
920 0.002489725697707071
946 0.0004785475402955236
953 0.0005188152611795682
960 0.0005411640668664958
996 0.0005685167944117531
1028 0.0003541015143419739
1029 0.00047449886069093585
1037 0.0005418513784905688
1042 0.0005332529953860384
1085 0.000393582208037624
1112 0.0003672140565768559
1133 0.00048355146215385347
1141 0.00041790813825628515
1162 0.00030263622314802144
1214 0.000424038368775366
1249 0.0007384474589275524
1354 0.0005587052342654505
1478 0.000499919615209078
1624 0.010455714026714445
1629 0.00043049138832493966
1650 0.00041790813825628515
1674 0.0004338499289216686
1691 0.0006758309323565803
1713 0.0004120699366150429
1769 0.000499919615209078
1810 0.0007881489921597373
1847 0.0006345864806991627
1860 0.0006345864806991627
2027 0.0009293116323667267
2037 0.0007881489921597373
2054 0.000618218327643938
2201 0.0006758309323565803
2262 0.0012075611868749357
2315 0.0007881489921597373
2320 0.0006758309323565803
2374 0.0007031836599018376
2443 0.000618218327643938
2495 0.0007881489921597373
2507 0.0024151223737498713
2517 0.0007881489921597373
2518 0.0015762979843194746
2535 0.0005332529953860384
2588 0.0007881489921597373
2625 0.0006345864806991627
2630 0.0007384474589275524
2722 0.00041790813825628515
2911 0.0029537898357102094
3081 0.0007031836599018376
3117 0.0015762979843194746
3139 0.0004942172352587358
3277 0.0006758309323565803
3431 0.004054985594139482
3436 0.0007384474589275524
3499 0.0006758309323565803
3515 0.0006534821266696528
3535 0.0007031836599018376
3564 0.0006758309323565803
3603 0.0006345864806991627
3668 0.00611180027092346
3669 0.000873114324417637
3670 0.0007881489921597373
3671 0.000873114324417637
3672 0.000873114324417637
3673 0.000873114324417637
3674 0.000873114324417637
3675 0.000873114324417637
3676 0.0007031836599018376
3677 0.000873114324417637
3678 0.007881489921597373
3679 0.000873114324417637
3680 0.001746228648835274
3681 0.0007881489921597373
3682 0.000873114324417637
3683 0.0006758309323565803
3684 0.000873114324417637
3685 0.0006758309323565803
3686 0.000873114324417637
3687 0.000873114324417637
3688 0.000873114324417637
3689 0.0007384474589275524
3690 0.0006758309323565803
3691 0.0006758309323565803
3692 0.000873114324417637
3693 0.0007881489921597373
3694 0.005238685946505822
3695 0.0007881489921597373
3696 0.000873114324417637
3697 0.000873114324417637
3698 0.000873114324417637
3699 0.000873114324417637
3700 0.000873114324417637
3701 0.000873114324417637
3702 0.001746228648835274
3703 0.0029537898357102094
3704 0.0007384474589275524
3705 0.000873114324417637
3706 0.000873114324417637