9 0.00017041626586836213
13 0.00003247887358452463
21 0.0001430533573344265
26 0.00012343399523364164
30 0.00022182651134558653
33 0.00011331060825040136
34 0.00008687753051003999
38 0.000005801646248097621
39 0.000009267556912609724
40 0.00000900625889003274
41 0.000007426561074872202
43 0.000004121537579255747
44 0.00006817776768764914
52 0.00014497369525357328
55 0.00009700475713476236
57 0.0001250684069607151
63 0.00000567829780156086
64 0.00018731984297588175
65 0.00003546283794272714
113 0.0002226669674373353
124 0.00009942778247685315
136 0.0005851111081648902
143 0.0013199558027731154
144 0.0003382847440033342
150 0.00035621126149020904
263 0.0002338723830583595
264 0.00021085919057695548
277 0.00009965045113662244
394 0.0004942172352587358
430 0.00022365154352182467
439 0.0009943709429281018
468 0.0015681039881902713
486 0.0008746061772762119
557 0.0025442302126521964
573 0.0001652752038556845
593 0.0006037805934374678
786 0.002826621333019112
788 0.0016598171318047137
895 0.0005332529953860384
1093 0.00036920725599727517
1397 0.0005605748349221879
1700 0.0006534821266696528
1765 0.0018113417803124036
2377 0.0007881489921597373
2390 0.0006534821266696528
3707 0.0023644469764792122
3708 0.000873114324417637
3709 0.000873114324417637