9 0.00013633301269468968
13 0.000012991549433809848
16 0.0006036665322030603
19 0.0010569858735602557
20 0.0002464916487181342
22 0.00040252076674493167
26 0.00012343399523364164
30 0.002440091624801452
34 0.00008687753051003999
36 0.00016592772540399069
38 0.000008702469372146433
39 0.000013901335368914586
40 0.000024016690373420637
41 0.00003341952483692492
42 0.00010288760611871043
43 0.00003297230063404597
44 0.00006817776768764914
45 0.0006491060614804328
46 0.00045857699326722653
47 0.0004965540757811133
49 0.000041620673939093223
51 0.0001874710953630101
52 0.00014497369525357328
55 0.00019400951426952473
56 0.00012955459643277864
57 0.0002501368139214302
61 0.00035285287846540845
63 0.0000037855318677072396
64 0.00018731984297588175
67 0.00008407569284796038
71 0.00012561808978093188
72 0.0008821321961635212
76 0.0004007527960775733
78 0.0022740671776470124
82 0.0014162063638310035
85 0.0007307188851000811
87 0.0009457813389389926
89 0.00009505729945367397
90 0.000499919615209078
99 0.0009813138130714298
106 0.0035413018748854676
114 0.00021141259586679695
124 0.00009942778247685315
134 0.0003672140565768559
144 0.0003382847440033342
177 0.00015160120460271228
180 0.00005682431219851005
226 0.0002049311356991152
246 0.00040649720137641123
247 0.001302803619045702
309 0.0006006466840248042
347 0.0002479774737404859
391 0.00166441842674975
438 0.004674154806992466
520 0.0004856882630137361
573 0.000330550407711369
666 0.001302749958295905
670 0.0003329428059983855
868 0.0002709256892452844
988 0.00041790813825628515
1062 0.00025810086072372616
1084 0.00036920725599727517
1109 0.004945746621151504
1208 0.0003541015143419739
1346 0.0005791825675166354
1966 0.0005258216860189834
2216 0.0015762979843194746
3717 0.00048355146215385347
3718 0.0007031836599018376
3719 0.0004272224195725296
3720 0.000873114324417637