0 0.00019243773886705868
1 0.0001309668193588762
2 0.00017273030805218352
7 0.000233207996263883
13 0.00003247887358452463
16 0.00007545831652538253
27 0.0006750229973356363
33 0.00022662121650080273
34 0.000043438765255019996
38 0.000008702469372146433
39 0.000013901335368914586
40 0.000006004172593355159
43 0.000008243075158511493
52 0.00028994739050714656
58 0.0005491700750215032
59 0.00040158610568973463
63 0.00000567829780156086
66 0.00009314029848720488
67 0.00004203784642398019
82 0.0005664825455324013
118 0.0009079086694440643
123 0.000188234616351904
124 0.00009942778247685315
167 0.0009043587776695111
171 0.0002737223581753738
177 0.00015160120460271228
250 0.0003712334023506965
282 0.0003818991754555788
288 0.00022801868959232616
292 0.0005829699755420034
310 0.00048680093312278375
361 0.0006758309323565803
375 0.00025891534254753946
411 0.00022304017535425432
430 0.00044730308704364933
442 0.000648573141485873
495 0.0003753890228061612
515 0.0010516433720379667
546 0.0004120699366150429
782 0.0007228436844087877
783 0.0007881489921597373
784 0.0050766918455933015
785 0.0012691729613983254
786 0.00040380304757415875
787 0.0004737399020075509
788 0.0012448628488535354
789 0.0007881489921597373
790 0.0014663051394961752
791 0.0006758309323565803