9 0.00003408325317367242
13 0.000012991549433809848
16 0.00015091663305076506
30 0.00022182651134558653
36 0.00004148193135099767
38 0.000005801646248097621
39 0.000013901335368914586
40 0.000012008345186710319
41 0.000014853122149744404
43 0.000008243075158511493
45 0.00025964242459217314
49 0.00008324134787818645
52 0.00014497369525357328
55 0.00009700475713476236
63 0.0000037855318677072396
64 0.00018731984297588175
65 0.00001773141897136357
68 0.0002914849877710017
82 0.0014162063638310035
88 0.00024872719512041187
89 0.00009505729945367397
123 0.000188234616351904
128 0.00045619873460859607
165 0.00022550415909059743
171 0.0001368611790876869
180 0.00005682431219851005
207 0.0013516618647131605
237 0.0003558910215031841
255 0.0005181909241565506
333 0.0004338499289216686
375 0.00025891534254753946
396 0.00019196354460646538
468 0.0018817247858283254
530 0.002472873310575752
538 0.0005705016212312678
558 0.0003775208863403447
622 0.0003911548205288988
649 0.0003960586369806884
664 0.0022809936730429805
786 0.0012114091427224763
858 0.0002457554359134993
896 0.0011583651350332708
898 0.0003014743275909555
1000 0.0006534821266696528
1713 0.0008241398732300858
2194 0.0005587052342654505
2195 0.003920892760017917
2224 0.001236436655287876
3721 0.000873114324417637
3722 0.001746228648835274
3723 0.001746228648835274
3724 0.000873114324417637