0 0.00019243773886705868
1 0.0001309668193588762
2 0.00017273030805218352
5 0.0002365665368606119
6 0.0002400196965770493
7 0.000233207996263883
8 0.00028224872431895635
16 0.00015091663305076506
20 0.0004929832974362684
34 0.00017375506102007999
36 0.00004148193135099767
37 0.0004195196388193289
38 0.000005801646248097621
39 0.000004633778456304862
40 0.000012008345186710319
41 0.000014853122149744404
42 0.000051443803059355216
43 0.00001236461273776724
49 0.00008324134787818645
51 0.00004686777384075253
52 0.00014497369525357328
58 0.0008237551125322549
59 0.000602379158534602
60 0.0002572917550567303
61 0.00035285287846540845
63 0.0000037855318677072396
64 0.00018731984297588175
67 0.00004203784642398019
81 0.00036481418372881415
82 0.0005664825455324013
85 0.0007307188851000811
87 0.000378312535575597
89 0.00009505729945367397
105 0.0003314569809760339
247 0.00026056072380914035
307 0.00022550415909059743
310 0.00016226697770759457
475 0.0028626807009279687
483 0.000618218327643938
1062 0.00025810086072372616
2085 0.0003672140565768559
2202 0.00046465581618336337
2203 0.0004603543550640608
2204 0.0010516433720379667
2821 0.0006037805934374678
3090 0.0007881489921597373
3469 0.0006758309323565803
3725 0.0007881489921597373
3726 0.000873114324417637
3727 0.000873114324417637
3728 0.000873114324417637
3729 0.005238685946505822