0 0.00019243773886705868
12 0.0002564879550388143
13 0.00010393239547047879
14 0.0005050923328198371
15 0.0005129759100776286
16 0.00007545831652538253
34 0.0002171938262751
36 0.00004148193135099767
38 0.000008702469372146433
39 0.000004633778456304862
40 0.00000900625889003274
41 0.000007426561074872202
43 0.00001236461273776724
45 0.00012982121229608657
46 0.0001834307973068906
47 0.00022570639808232424
49 0.00008324134787818645
51 0.00009373554768150506
52 0.00014497369525357328
56 0.00019433189464916796
57 0.0002501368139214302
63 0.000007571063735414479
64 0.00018731984297588175
65 0.00001773141897136357
66 0.00018628059697440975
68 0.0017489099266260106
77 0.0009293116323667267
88 0.00024872719512041187
89 0.00009505729945367397
94 0.0009570950805910472
104 0.00016413845014333722
122 0.00018417084982617462
127 0.00041790813825628515
171 0.0001368611790876869
176 0.00033751149866781817
177 0.00015160120460271228
180 0.00005682431219851005
265 0.0004120699366150429
287 0.00025810086072372616
293 0.0003285382939579267
411 0.00022304017535425432
468 0.0003136207976380542
515 0.0010516433720379667
520 0.00016189608767124534
544 0.0004785475402955236
573 0.0001652752038556845
642 0.0003887745697496512
790 0.0014663051394961752
852 0.0003887745697496512
868 0.0002709256892452844
979 0.0004338499289216686
995 0.0005791825675166354
1000 0.0006534821266696528
1650 0.00041790813825628515
1837 0.000999839230418156
2191 0.0005908656000986806
3007 0.00043049138832493966
3470 0.000499919615209078
3507 0.0008676998578433372
3737 0.0029537898357102094
3738 0.0013516618647131605
3739 0.006984914595341096
3740 0.000873114324417637
3741 0.0007881489921597373
3742 0.000873114324417637
3743 0.000873114324417637