13 0.000006495774716904924
16 0.00007545831652538253
27 0.0006750229973356363
28 0.00025332444879269114
29 0.00026649997158873667
36 0.00008296386270199534
38 0.000008702469372146433
39 0.000004633778456304862
40 0.00000900625889003274
41 0.000007426561074872202
42 0.00010288760611871043
43 0.000004121537579255747
44 0.00006817776768764914
46 0.0001834307973068906
47 0.00027084767769878907
49 0.00012486202181727967
52 0.00014497369525357328
59 0.00020079305284486732
61 0.00017642643923270423
63 0.0000037855318677072396
64 0.00018731984297588175
76 0.0001335842653591911
89 0.00009505729945367397
105 0.0003314569809760339
118 0.0015131811157401073
130 0.00027274170858643915
165 0.00022550415909059743
197 0.0002904236905482616
273 0.000549621148441263
277 0.00009965045113662244
310 0.00032453395541518913
397 0.0025383459227966507
411 0.00044608035070850863
591 0.00044451570202655086
641 0.000393582208037624
785 0.0025383459227966507
839 0.000549621148441263
980 0.00036332233087023905
1037 0.0002709256892452844
1240 0.0011817312001973612
1312 0.000618218327643938
1356 0.0029537898357102094
1396 0.0007384145119945503
1499 0.000393582208037624
1506 0.0006534821266696528
1625 0.0005332529953860384
1666 0.0005791825675166354
1744 0.0006534821266696528
1886 0.0004785475402955236
2260 0.00045619873460859607
2532 0.0007384474589275524
3159 0.0012691729613983254
3744 0.000873114324417637
3745 0.001746228648835274
3746 0.001746228648835274
3747 0.001746228648835274
3748 0.001746228648835274
3749 0.000873114324417637