13 0.000045470423018334476
30 0.0006654795340367597
34 0.000043438765255019996
36 0.00004148193135099767
38 0.000005801646248097621
39 0.000013901335368914586
40 0.00001801251778006548
41 0.000014853122149744404
42 0.00010288760611871043
43 0.00002472922547553448
46 0.00013757309798016797
47 0.00027084767769878907
49 0.00020810336969546614
51 0.00004686777384075253
61 0.00035285287846540845
63 0.0000018927659338536198
65 0.00001773141897136357
84 0.0002130879622223576
88 0.00024872719512041187
104 0.00016413845014333722
107 0.0004098622713982304
113 0.00011133348371866765
150 0.00035621126149020904
196 0.0013406466732161513
247 0.00026056072380914035
275 0.0004120699366150429
277 0.00019930090227324488
355 0.002443841899160292
356 0.00040649720137641123
412 0.00028729384230050906
437 0.00032153186911851154
520 0.0003237921753424907
538 0.0002852508106156339
545 0.0007971722597919076
546 0.0004120699366150429
549 0.00040380304757415875
658 0.0003841483956894837
672 0.0004942172352587358
691 0.0003038092374917516
724 0.0023634624003947224
782 0.0014456873688175754
827 0.0013516618647131605
890 0.0006534821266696528
893 0.0033976879770631027
897 0.001117410468530901
915 0.00032290148184198857
1120 0.002063076061672949
1194 0.0006534821266696528
1269 0.0006758309323565803
1346 0.0005791825675166354
1542 0.001903759442097488
1629 0.00043049138832493966
1753 0.0021865154431905303
1827 0.00041790813825628515
1996 0.0005121877518304292
2155 0.00048355146215385347
2248 0.0007384474589275524
2269 0.0006345864806991627
2469 0.0007031836599018376
2638 0.0010665059907720767
2786 0.0047288939529584245
3757 0.002619342973252911
3758 0.002619342973252911
3759 0.006984914595341096
3760 0.007858028919758734
3761 0.000873114324417637
3762 0.002619342973252911
3763 0.000873114324417637
3764 0.0007031836599018376
3765 0.000873114324417637