0 0.00019243773886705868
1 0.0002619336387177524
2 0.00017273030805218352
5 0.0002365665368606119
6 0.0002400196965770493
7 0.000233207996263883
8 0.00028224872431895635
13 0.000025983098867619697
16 0.00007545831652538253
19 0.00013212323419503196
28 0.0005066488975853823
30 0.00022182651134558653
33 0.00022662121650080273
34 0.000043438765255019996
38 0.000011603292496195242
39 0.000004633778456304862
40 0.000012008345186710319
41 0.000018566402687180508
42 0.000051443803059355216
43 0.000020607687896278735
45 0.0003894636368882597
47 0.00013542383884939454
52 0.00014497369525357328
55 0.00009700475713476236
58 0.0008237551125322549
59 0.000602379158534602
63 0.00000567829780156086
64 0.00018731984297588175
65 0.00007092567588545428
67 0.00004203784642398019
71 0.00012561808978093188
72 0.002117117270792451
74 0.0006099871709657873
75 0.00045217938883475555
77 0.00046465581618336337
82 0.0011329650910648025
83 0.001011800535681562
85 0.00048714592340005404
87 0.000756625071151194
89 0.00019011459890734794
100 0.0003059416346523785
102 0.00025332444879269114
104 0.00016413845014333722
130 0.00027274170858643915
148 0.0006037805934374678
196 0.0001675808341520189
247 0.0015633643428548424
253 0.0002472323099654942
255 0.00017273030805218352
264 0.00021085919057695548
267 0.0002783569986123394
277 0.00009965045113662244
278 0.0003775208863403447
279 0.00022929556638299245
299 0.0009474798040151018
360 0.00019339166635443979
402 0.000499919615209078
411 0.00044608035070850863
412 0.00028729384230050906
413 0.00024142866684252312
438 0.0021573022186119075
445 0.00023123617256302196
483 0.000618218327643938
494 0.00019532208520319432
555 0.0002457554359134993
613 0.0002597352724507996
664 0.0009123974692171921
671 0.0002597352724507996
876 0.0003911548205288988
1037 0.0002709256892452844
1060 0.0005705016212312678
1243 0.0007384474589275524
1256 0.0007881489921597373
1271 0.0003652527497189936
1321 0.0009813138130714298
1610 0.0013516618647131605
2582 0.0007881489921597373
2769 0.0007031836599018376
2818 0.0007881489921597373
3766 0.000873114324417637
3767 0.0007881489921597373
3768 0.000873114324417637
3769 0.000873114324417637
3770 0.000873114324417637
3771 0.000873114324417637
3772 0.000873114324417637