1 0.0002619336387177524
2 0.00017273030805218352
9 0.00010224975952101728
13 0.000019487324150714776
16 0.00007545831652538253
26 0.0002468679904672833
33 0.00011331060825040136
36 0.00004148193135099767
38 0.000005801646248097621
39 0.000009267556912609724
40 0.000015010431483387899
41 0.000018566402687180508
42 0.000051443803059355216
43 0.000008243075158511493
44 0.00006817776768764914
45 0.00012982121229608657
49 0.000041620673939093223
52 0.00014497369525357328
58 0.0002745850375107516
59 0.00040158610568973463
61 0.00035285287846540845
63 0.00000567829780156086
64 0.00018731984297588175
89 0.00009505729945367397
122 0.00018417084982617462
124 0.00009942778247685315
125 0.0002682511308492756
160 0.0005407124828378641
277 0.00019930090227324488
307 0.00022550415909059743
310 0.00016226697770759457
347 0.0002479774737404859
391 0.000832209213374875
401 0.000543302192065155
404 0.003807518884194976
430 0.00022365154352182467
468 0.0009408623929141627
475 0.0014313403504639844
480 0.0003672140565768559
490 0.0008676998578433372
491 0.0009332799141683663
492 0.00303752387140371
499 0.002472873310575752
505 0.0023517872232748723
506 0.002094281444021089
508 0.0010730045233971024
555 0.0002457554359134993
608 0.0006877613496108782
634 0.0005188152611795682
669 0.00012589385831905585
709 0.00027274170858643915
875 0.0003841483956894837
898 0.0003014743275909555
1035 0.0005908656000986806
1194 0.0006534821266696528
1397 0.0011211496698443758
2014 0.0010316420244163174
2631 0.0024724196196902574
3506 0.0007031836599018376
3773 0.0015762979843194746
3774 0.000873114324417637
3775 0.000873114324417637
3776 0.000873114324417637
3777 0.0009570950805910472