13 0.00003897464830142955
16 0.00007545831652538253
33 0.00045324243300160546
36 0.00004148193135099767
38 0.000014504115620244055
39 0.000013901335368914586
40 0.00002101460407674306
42 0.00020577521223742086
43 0.00002472922547553448
45 0.0007789272737765194
49 0.00012486202181727967
63 0.000007571063735414479
64 0.00018731984297588175
65 0.00001773141897136357
67 0.00012611353927194057
68 0.0002914849877710017
71 0.00012561808978093188
82 0.0011329650910648025
84 0.0002130879622223576
89 0.00009505729945367397
122 0.00018417084982617462
124 0.00009942778247685315
132 0.0003985861298959538
143 0.0013199558027731154
150 0.00035621126149020904
151 0.0003359696033249817
159 0.0001776836714179443
171 0.0001368611790876869
180 0.0001136486243970201
185 0.0002656336848489608
186 0.00025254616640991854
250 0.002227400414104179
251 0.00022002825322499402
253 0.0002472323099654942
255 0.0005181909241565506
277 0.00009965045113662244
310 0.0009736018662455675
353 0.0018769451140308064
389 0.00044451570202655086
412 0.00028729384230050906
413 0.00048285733368504623
437 0.00032153186911851154
457 0.0002936355528176933
475 0.0008588042102783905
497 0.0005305322565268504
520 0.00016189608767124534
542 0.009498472688972486
544 0.0009570950805910472
573 0.000330550407711369
622 0.0011734644615866965
633 0.00040649720137641123
634 0.0005188152611795682
696 0.0006534821266696528
770 0.0014356426208865709
779 0.00030263622314802144
792 0.004365571622088185
793 0.0007031836599018376
794 0.0005332529953860384
795 0.0012075611868749357
796 0.003492457297670548
797 0.000873114324417637
798 0.000873114324417637
799 0.000873114324417637
800 0.0007384474589275524
801 0.00873114324417637
802 0.007188303393366181
803 0.0005194705449015992
804 0.0007881489921597373
805 0.0009382274558947666
806 0.00632865293911654
807 0.006984914595341096
808 0.0007031836599018376
809 0.0005791825675166354
810 0.0008746061772762119
811 0.0022608969441737783
812 0.0007031836599018376
813 0.0006758309323565803
814 0.0007031836599018376
815 0.0004737399020075509
816 0.0007384474589275524
817 0.000873114324417637
818 0.0004942172352587358
819 0.000873114324417637