0 0.00019243773886705868
1 0.0001309668193588762
2 0.00017273030805218352
3 0.00037969048392546374
4 0.00035233775638020634
5 0.0002365665368606119
7 0.000233207996263883
8 0.00028224872431895635
9 0.00010224975952101728
13 0.000019487324150714776
16 0.00007545831652538253
18 0.00023724943034546792
26 0.00012343399523364164
34 0.00008687753051003999
36 0.00004148193135099767
37 0.00020975981940966445
38 0.000008702469372146433
39 0.000013901335368914586
40 0.00003602503556013096
41 0.000014853122149744404
42 0.00010288760611871043
43 0.000016486150317022987
44 0.00013635553537529827
45 0.00025964242459217314
46 0.0001834307973068906
47 0.00022570639808232424
48 0.00013154366307515625
49 0.00008324134787818645
51 0.00004686777384075253
52 0.00028994739050714656
56 0.00012955459643277864
58 0.0005491700750215032
59 0.0018071374756038062
60 0.0002572917550567303
61 0.00035285287846540845
63 0.0000037855318677072396
66 0.00009314029848720488
67 0.00016815138569592077
69 0.00023724943034546792
71 0.00012561808978093188
84 0.0002130879622223576
85 0.00048714592340005404
91 0.0005188152611795682
97 0.00023454039050719067
104 0.0006565538005733489
113 0.00011133348371866765
114 0.0008456503834671878
160 0.00018023749427928805
179 0.0006172337515594486
193 0.0005872711056353866
196 0.0005027425024560568
283 0.00041790813825628515
286 0.0001987752449196317
288 0.00045603737918465233
291 0.0003887745697496512
416 0.001244373218891155
437 0.0006430637382370231
457 0.0002936355528176933
493 0.00046908078101438134
495 0.0003753890228061612
578 0.0005258216860189834
716 0.0003136207976380542
788 0.002489725697707071
862 0.0011817312001973612
898 0.0003014743275909555
902 0.0007507780456123224
980 0.00036332233087023905
1319 0.000618218327643938
1320 0.002198484593765052
1412 0.0005188152611795682
1445 0.0005685167944117531
1534 0.0024151223737498713
1551 0.0025609387591521465
1586 0.0033976879770631027
1772 0.0007384474589275524
1781 0.000846746172956869
1949 0.002345568639736917
2923 0.003920892760017917
3208 0.002384583066587128
3507 0.0004338499289216686
3778 0.008122922048203076
3779 0.000873114324417637
3780 0.000873114324417637
3781 0.000873114324417637
3782 0.000873114324417637
3783 0.0007881489921597373
3784 0.000873114324417637
3785 0.000873114324417637
3786 0.000873114324417637
3787 0.000873114324417637
3788 0.000873114324417637