9 0.00006816650634734484
13 0.000045470423018334476
28 0.00025332444879269114
37 0.0006292794582289934
38 0.000008702469372146433
39 0.000009267556912609724
40 0.000012008345186710319
41 0.000011139841612308305
42 0.00010288760611871043
43 0.00001236461273776724
44 0.00006817776768764914
47 0.00022570639808232424
49 0.000041620673939093223
52 0.00014497369525357328
55 0.00009700475713476236
56 0.00019433189464916796
61 0.00035285287846540845
63 0.00000567829780156086
67 0.00004203784642398019
79 0.000549621148441263
80 0.000618218327643938
82 0.003965377818726809
84 0.0002130879622223576
102 0.0005066488975853823
103 0.00045217938883475555
104 0.00016413845014333722
123 0.000188234616351904
125 0.0002682511308492756
149 0.0003732936031739842
156 0.0004338499289216686
165 0.00022550415909059743
171 0.0001368611790876869
176 0.00033751149866781817
209 0.0011583651350332708
210 0.0003201773905469762
214 0.00054731981622391
251 0.00044005650644998804
260 0.0007637983509111575
277 0.0007972036090929795
286 0.0001987752449196317
288 0.00022801868959232616
320 0.0005894503033351281
345 0.0007384474589275524
366 0.00034225708731462997
412 0.00028729384230050906
413 0.00024142866684252312
468 0.0015681039881902713
495 0.0003753890228061612
497 0.00035368817101790026
633 0.00040649720137641123
648 0.0016008869527348814
682 0.0011261670684184837
711 0.0008185038060016722
716 0.0003136207976380542
751 0.00552425226076873
782 0.003614218422043939
823 0.0013565381665042668
852 0.0003887745697496512
888 0.000505900267840781
1037 0.0002709256892452844
1058 0.0013448629893844162
1060 0.0002852508106156339
1112 0.0003672140565768559
1120 0.0023578012133405124
1311 0.0007384474589275524
1653 0.004209349355828814
1667 0.013900381620399251
1674 0.0004338499289216686
1809 0.002027492797069741
2083 0.0013069642533393056
2089 0.0006345864806991627
2126 0.0007031836599018376
2319 0.000549621148441263
2746 0.0031128915670774093
3040 0.0005685167944117531
3789 0.000873114324417637
3790 0.001746228648835274
3791 0.000873114324417637
3792 0.000873114324417637
3793 0.000873114324417637
3794 0.000873114324417637