9 0.00006816650634734484
13 0.00003897464830142955
15 0.0002564879550388143
16 0.00015091663305076506
18 0.00047449886069093585
28 0.00025332444879269114
34 0.00008687753051003999
38 0.000008702469372146433
39 0.000009267556912609724
40 0.00001801251778006548
41 0.000018566402687180508
42 0.00015433140917806565
43 0.00001236461273776724
44 0.00006817776768764914
49 0.00012486202181727967
52 0.00014497369525357328
55 0.00009700475713476236
56 0.00006477729821638932
57 0.0001250684069607151
61 0.00035285287846540845
63 0.0000037855318677072396
66 0.00009314029848720488
81 0.0010944425511864426
84 0.0004261759244447152
87 0.0001891562677877985
113 0.0002226669674373353
118 0.002723726008332193
124 0.0001988555649537063
144 0.0003382847440033342
158 0.0011369676949575021
171 0.0001368611790876869
229 0.0005121877518304292
253 0.0002472323099654942
277 0.00019930090227324488
304 0.00026056072380914035
310 0.00032453395541518913
355 0.0004887683798320584
357 0.0003438806748054391
397 0.001903759442097488
411 0.000669120526062763
412 0.0005745876846010181
413 0.00048285733368504623
431 0.00037969048392546374
445 0.00023123617256302196
468 0.0015681039881902713
497 0.00017684408550895013
515 0.0005258216860189834
735 0.0011583651350332708
788 0.0012448628488535354
813 0.0006758309323565803
879 0.0002958245228348551
902 0.0003753890228061612
1109 0.001236436655287876
1196 0.0003841483956894837
1300 0.001011800535681562
1435 0.000618218327643938
1468 0.0004120699366150429
1472 0.00043730308863810597
1582 0.0006037805934374678
1923 0.0007881489921597373
2126 0.0007031836599018376
2199 0.0004785475402955236
2492 0.000618218327643938
3734 0.0007881489921597373
3751 0.000549621148441263
3795 0.000873114324417637
3796 0.002619342973252911
3797 0.0007881489921597373
3798 0.003492457297670548
3799 0.0007881489921597373
3800 0.0015762979843194746
3801 0.001746228648835274
3802 0.000873114324417637
3803 0.000873114324417637
3804 0.000873114324417637
3805 0.000873114324417637
3806 0.000873114324417637
3807 0.000873114324417637
3808 0.000873114324417637
3809 0.000873114324417637
3810 0.0014768949178551047