0 0.00019243773886705868
1 0.0001309668193588762
2 0.00017273030805218352
5 0.0002365665368606119
6 0.0002400196965770493
7 0.000233207996263883
8 0.00028224872431895635
13 0.000045470423018334476
16 0.00007545831652538253
26 0.00012343399523364164
30 0.00044365302269117307
34 0.000043438765255019996
38 0.000011603292496195242
39 0.000004633778456304862
40 0.000006004172593355159
41 0.000014853122149744404
43 0.000008243075158511493
45 0.0003894636368882597
48 0.00013154366307515625
49 0.00008324134787818645
52 0.00014497369525357328
61 0.00035285287846540845
63 0.000007571063735414479
64 0.00018731984297588175
66 0.00018628059697440975
72 0.0024699701492578593
74 0.00030499358548289365
82 0.0002832412727662006
87 0.000756625071151194
89 0.00019011459890734794
115 0.0002059878583080766
118 0.0006052724462960429
123 0.000188234616351904
130 0.00027274170858643915
151 0.0003359696033249817
159 0.0001776836714179443
165 0.00022550415909059743
171 0.0001368611790876869
192 0.0003242865707429365
196 0.0001675808341520189
214 0.000273659908111955
245 0.000181970089392662
250 0.0003712334023506965
255 0.00017273030805218352
267 0.0002783569986123394
286 0.0001987752449196317
287 0.00025810086072372616
288 0.00045603737918465233
320 0.002063076061672949
353 0.0003753890228061612
360 0.00038678333270887957
377 0.0006376754306325182
390 0.001236436655287876
411 0.00044608035070850863
412 0.00028729384230050906
413 0.00024142866684252312
442 0.0003242865707429365
494 0.00019532208520319432
496 0.0004929832974362684
497 0.00017684408550895013
520 0.00016189608767124534
539 0.00045217938883475555
664 0.0013685962038257882
721 0.0008965753262562775
759 0.0014308281633773554
781 0.00046465581618336337
841 0.0004338499289216686
858 0.0002457554359134993
868 0.0002709256892452844
876 0.0007823096410577976
1062 0.00025810086072372616
1070 0.0003541015143419739
1285 0.00036332233087023905
1300 0.000505900267840781
1472 0.00043730308863810597
1475 0.0006534821266696528
2027 0.00046465581618336337
2180 0.0005908656000986806
2650 0.0006037805934374678
3022 0.000499919615209078
3811 0.003492457297670548
3812 0.001746228648835274
3813 0.000873114324417637