1 0.0001309668193588762
13 0.00003247887358452463
19 0.00013212323419503196
27 0.00033751149866781817
28 0.00025332444879269114
38 0.000011603292496195242
39 0.000009267556912609724
40 0.000012008345186710319
41 0.000014853122149744404
42 0.00010288760611871043
43 0.000020607687896278735
45 0.00025964242459217314
46 0.0003210038952870586
47 0.00031598895731525394
48 0.00013154366307515625
49 0.000041620673939093223
52 0.00014497369525357328
55 0.00009700475713476236
56 0.00006477729821638932
61 0.00017642643923270423
63 0.000007571063735414479
64 0.00018731984297588175
66 0.0003725611939488195
67 0.00004203784642398019
68 0.0002914849877710017
81 0.0018240709186440709
82 0.0005664825455324013
85 0.00024357296170002702
104 0.00016413845014333722
114 0.00021141259586679695
118 0.0012105448925920858
123 0.000188234616351904
130 0.00027274170858643915
149 0.0007465872063479684
159 0.0001776836714179443
171 0.0001368611790876869
177 0.00015160120460271228
265 0.0004120699366150429
277 0.00019930090227324488
308 0.0005258216860189834
313 0.0004338499289216686
371 0.0004408563537610837
411 0.00022304017535425432
487 0.0008609827766498793
497 0.00035368817101790026
664 0.00045619873460859607
1064 0.000618218327643938
1070 0.0003541015143419739
1073 0.00046465581618336337
1548 0.0007971722597919076
1596 0.0004603543550640608
1857 0.0007031836599018376
1873 0.0006037805934374678
2375 0.0006758309323565803
2440 0.0006534821266696528
3814 0.0007384474589275524
3815 0.0015762979843194746
3816 0.000873114324417637
3817 0.000873114324417637
3818 0.0007881489921597373