13 0.000025983098867619697
16 0.00007545831652538253
33 0.00011331060825040136
34 0.000043438765255019996
38 0.000005801646248097621
39 0.000013901335368914586
40 0.00000900625889003274
42 0.000051443803059355216
43 0.000008243075158511493
45 0.00012982121229608657
46 0.0001834307973068906
47 0.00018056511846585937
49 0.000041620673939093223
52 0.00014497369525357328
56 0.00006477729821638932
63 0.000007571063735414479
64 0.00018731984297588175
65 0.00003546283794272714
67 0.00004203784642398019
68 0.0008744549633130053
71 0.00012561808978093188
89 0.00009505729945367397
97 0.00023454039050719067
100 0.0003059416346523785
113 0.00011133348371866765
114 0.00021141259586679695
120 0.006345864806991628
130 0.00027274170858643915
132 0.0003985861298959538
185 0.0002656336848489608
212 0.00040116683707882124
251 0.00022002825322499402
260 0.0007637983509111575
277 0.00009965045113662244
304 0.00026056072380914035
324 0.0003753890228061612
352 0.0002958245228348551
360 0.00019339166635443979
411 0.00044608035070850863
445 0.00023123617256302196
468 0.0006272415952761084
527 0.0005908656000986806
666 0.00032568748957397626
754 0.0021330119815441534
822 0.0011817312001973612
1133 0.00048355146215385347
1240 0.0005908656000986806
1297 0.000549621148441263
1343 0.0005258216860189834
1494 0.0005188152611795682
1835 0.0006534821266696528
2156 0.0005332529953860384
2342 0.0005587052342654505
2370 0.0014063673198036752
2507 0.0030189029671873397
2746 0.0005188152611795682
3139 0.0004942172352587358
3819 0.001746228648835274
3820 0.000873114324417637
3821 0.000873114324417637
3822 0.001746228648835274
3823 0.000873114324417637