0 0.00019243773886705868
1 0.0001309668193588762
2 0.00017273030805218352
3 0.00037969048392546374
4 0.00035233775638020634
5 0.0002365665368606119
6 0.0002400196965770493
7 0.000233207996263883
8 0.00028224872431895635
9 0.00017041626586836213
13 0.00003247887358452463
16 0.00007545831652538253
20 0.0002464916487181342
33 0.00011331060825040136
34 0.000043438765255019996
36 0.00004148193135099767
38 0.000008702469372146433
39 0.000009267556912609724
40 0.000012008345186710319
41 0.000014853122149744404
42 0.00010288760611871043
43 0.000016486150317022987
44 0.00013635553537529827
45 0.00012982121229608657
46 0.00022928849663361327
47 0.00022570639808232424
48 0.00013154366307515625
49 0.000041620673939093223
51 0.00004686777384075253
52 0.00028994739050714656
55 0.00009700475713476236
56 0.00006477729821638932
57 0.0002501368139214302
58 0.0008237551125322549
59 0.00040158610568973463
60 0.0002572917550567303
61 0.00035285287846540845
63 0.0000018927659338536198
67 0.00004203784642398019
81 0.0009120354593220354
85 0.00024357296170002702
87 0.000378312535575597
89 0.00009505729945367397
95 0.0004272224195725296
100 0.0003059416346523785
105 0.0009943709429281018
107 0.0002049311356991152
118 0.0009079086694440643
123 0.000188234616351904
150 0.00035621126149020904
159 0.0001776836714179443
165 0.00022550415909059743
171 0.0001368611790876869
183 0.0012487741905744152
193 0.0002936355528176933
196 0.0005027425024560568
206 0.00044451570202655086
237 0.0007117820430063682
263 0.0002338723830583595
287 0.00025810086072372616
288 0.00045603737918465233
396 0.0005758906338193962
468 0.0003136207976380542
507 0.00027274170858643915
538 0.0005705016212312678
550 0.00025332444879269114
578 0.0005258216860189834
641 0.000393582208037624
664 0.0009123974692171921
858 0.0004915108718269986
980 0.00036332233087023905
1028 0.0003541015143419739
1276 0.00048355146215385347
1278 0.002234820937061802
1463 0.0006534821266696528
1522 0.0005188152611795682
1523 0.0005188152611795682
1748 0.0007881489921597373
1749 0.0007031836599018376
2280 0.0006037805934374678
2957 0.0007881489921597373
3007 0.0008609827766498793
3824 0.005238685946505822
3825 0.0006758309323565803
3826 0.0005188152611795682
3827 0.000873114324417637
3828 0.000873114324417637
3829 0.000873114324417637