0 0.00019243773886705868
1 0.0001309668193588762
2 0.00017273030805218352
5 0.0002365665368606119
6 0.0002400196965770493
7 0.000233207996263883
8 0.00028224872431895635
13 0.000019487324150714776
16 0.00015091663305076506
28 0.00025332444879269114
29 0.00026649997158873667
34 0.000043438765255019996
37 0.0004195196388193289
38 0.000008702469372146433
39 0.000009267556912609724
40 0.00000900625889003274
41 0.000003713280537436101
43 0.00001236461273776724
45 0.00025964242459217314
46 0.0000917153986534453
47 0.00040627151654818366
49 0.000041620673939093223
51 0.00004686777384075253
52 0.00028994739050714656
55 0.00019400951426952473
56 0.00019433189464916796
57 0.0002501368139214302
58 0.0010983401500430064
59 0.000602379158534602
60 0.0002572917550567303
61 0.00035285287846540845
63 0.0000037855318677072396
64 0.0003746396859517635
66 0.00009314029848720488
67 0.00008407569284796038
71 0.00012561808978093188
72 0.00017642643923270423
87 0.0001891562677877985
99 0.0003271046043571432
104 0.00016413845014333722
105 0.0009943709429281018
107 0.0004098622713982304
115 0.0002059878583080766
118 0.0009079086694440643
124 0.00009942778247685315
139 0.00028224872431895635
158 0.0005684838474787511
176 0.00033751149866781817
198 0.0004691137279473833
212 0.00040116683707882124
217 0.002582948329949638
250 0.0003712334023506965
274 0.0008681145098558444
277 0.00029895135340986733
279 0.00022929556638299245
294 0.0003985861298959538
304 0.00026056072380914035
353 0.0007507780456123224
445 0.00023123617256302196
462 0.000618218327643938
466 0.000549621148441263
468 0.0006272415952761084
538 0.0005705016212312678
546 0.0004120699366150429
596 0.00043049138832493966
629 0.0005685167944117531
715 0.0004092519030008361
721 0.00044828766312813873
841 0.0008676998578433372
858 0.001474532615480996
861 0.0018949596080302035
868 0.0002709256892452844
980 0.0007266446617404781
994 0.0006758309323565803
1060 0.0002852508106156339
1062 0.00025810086072372616
1162 0.00030263622314802144
1214 0.000424038368775366
1236 0.001648863445323789
1310 0.00036332233087023905
1328 0.0007082030286839478
1378 0.0007031836599018376
2034 0.0026291084300949174
2202 0.0009293116323667267
2879 0.004219101959411027
3040 0.0005685167944117531
3294 0.0007031836599018376
3830 0.0047288939529584245
3831 0.0031525959686389492
3832 0.0006534821266696528
3833 0.0015762979843194746
3834 0.000873114324417637
3835 0.0007881489921597373
3836 0.000873114324417637
3837 0.0006345864806991627
3838 0.001746228648835274
3839 0.0007881489921597373
3840 0.0007881489921597373
3841 0.000873114324417637