0 0.00019243773886705868
1 0.0001309668193588762
2 0.00017273030805218352
5 0.0002365665368606119
6 0.0002400196965770493
7 0.000233207996263883
8 0.00028224872431895635
13 0.000019487324150714776
26 0.00012343399523364164
34 0.000043438765255019996
36 0.00004148193135099767
38 0.000005801646248097621
39 0.000004633778456304862
40 0.000015010431483387899
41 0.000014853122149744404
42 0.000051443803059355216
43 0.000008243075158511493
52 0.00014497369525357328
58 0.0013729251875537582
59 0.0010039652642243367
60 0.0002572917550567303
63 0.000007571063735414479
65 0.00003546283794272714
82 0.0002832412727662006
100 0.00015297081732618925
105 0.0003314569809760339
113 0.00011133348371866765
165 0.00022550415909059743
171 0.0001368611790876869
219 0.0023167302700665415
250 0.0003712334023506965
252 0.000549621148441263
274 0.0005787430065705628
278 0.0003775208863403447
292 0.0005829699755420034
310 0.0006490679108303783
350 0.000999839230418156
441 0.0006877613496108782
483 0.000618218327643938
484 0.001291474164974819
489 0.0007384474589275524
496 0.0002464916487181342
545 0.0007971722597919076
666 0.00032568748957397626
671 0.0002597352724507996
693 0.00045217938883475555
1007 0.000393582208037624
1029 0.0007117482910364039
1177 0.0005188152611795682
1182 0.00045217938883475555
1251 0.0006345864806991627
2115 0.0018113417803124036
2462 0.0007881489921597373
3270 0.008122922048203076
3842 0.0007881489921597373
3843 0.0007384474589275524
3844 0.000873114324417637
3845 0.000873114324417637
3846 0.0031525959686389492
3847 0.0031525959686389492
3848 0.003492457297670548
3849 0.0007881489921597373
3850 0.000873114324417637
3851 0.001746228648835274
3852 0.000873114324417637
3853 0.000873114324417637
3854 0.000873114324417637
3855 0.0007384474589275524
3856 0.000873114324417637
3857 0.000873114324417637
3858 0.000873114324417637