9 0.00010224975952101728
13 0.000006495774716904924
16 0.00015091663305076506
19 0.00066061617097516
29 0.0005329999431774733
34 0.00039094888729518
35 0.0011663237092489538
36 0.00024889158810598606
38 0.000005801646248097621
39 0.00002316889228152431
40 0.000012008345186710319
41 0.000014853122149744404
42 0.00010288760611871043
43 0.00001236461273776724
44 0.00006817776768764914
46 0.0004127192939405039
47 0.00036113023693171874
48 0.00013154366307515625
49 0.0001664826957563729
52 0.00014497369525357328
55 0.00009700475713476236
56 0.00012955459643277864
59 0.000602379158534602
61 0.00035285287846540845
63 0.00000567829780156086
64 0.00018731984297588175
67 0.00012611353927194057
68 0.0002914849877710017
72 0.0008821321961635212
81 0.004012956021016956
82 0.0002832412727662006
84 0.0004261759244447152
85 0.00024357296170002702
87 0.0001891562677877985
88 0.0004974543902408237
90 0.000499919615209078
102 0.00025332444879269114
104 0.00016413845014333722
114 0.0004228251917335939
122 0.00036834169965234924
124 0.00009942778247685315
125 0.0005365022616985512
140 0.0004603543550640608
143 0.003959867408319347
150 0.0007124225229804181
151 0.0003359696033249817
160 0.00018023749427928805
184 0.00040649720137641123
186 0.00025254616640991854
196 0.0001675808341520189
253 0.0002472323099654942
261 0.0002338723830583595
278 0.002265125318042068
287 0.0010324034428949047
289 0.000742466804701393
309 0.0006006466840248042
321 0.00048355146215385347
371 0.0004408563537610837
406 0.001011800535681562
493 0.0018763231240575254
494 0.0027345091928447206
497 0.00035368817101790026
520 0.0009713765260274722
573 0.0004958256115670535
622 0.0007823096410577976
670 0.000665885611996771
743 0.000499919615209078
753 0.0002783569986123394
1029 0.00023724943034546792
1036 0.0007465872063479684
1283 0.00033907303651746636
1346 0.0017375477025499064
1377 0.0006345864806991627
1442 0.0026030995735300115
1591 0.00140734118384215
1693 0.0005908656000986806
2007 0.0004408563537610837
2262 0.0012075611868749357
2585 0.0013516618647131605
3427 0.000618218327643938
3859 0.000873114324417637
3860 0.0014063673198036752
3861 0.001746228648835274
3862 0.0015762979843194746
3863 0.001746228648835274
3864 0.000873114324417637