0 0.00019243773886705868
1 0.0001309668193588762
2 0.00017273030805218352
5 0.0002365665368606119
6 0.0002400196965770493
7 0.000233207996263883
8 0.00028224872431895635
13 0.000012991549433809848
19 0.0005284929367801278
33 0.00022662121650080273
34 0.00008687753051003999
36 0.00008296386270199534
37 0.00020975981940966445
38 0.000008702469372146433
39 0.000009267556912609724
40 0.000012008345186710319
41 0.000011139841612308305
42 0.000051443803059355216
43 0.000016486150317022987
46 0.00013757309798016797
47 0.00027084767769878907
49 0.000041620673939093223
61 0.00035285287846540845
63 0.0000037855318677072396
64 0.00018731984297588175
65 0.00005319425691409072
66 0.00009314029848720488
72 0.00017642643923270423
75 0.0036174351106780444
82 0.0002832412727662006
85 0.00048714592340005404
87 0.000378312535575597
95 0.0004272224195725296
96 0.000618218327643938
97 0.00023454039050719067
98 0.0030354016070446863
99 0.0003271046043571432
100 0.0003059416346523785
101 0.0011583651350332708
102 0.00025332444879269114
103 0.00045217938883475555
104 0.00016413845014333722
105 0.0003314569809760339
106 0.001011800535681562
107 0.0004098622713982304
108 0.000549621148441263
109 0.0007881489921597373
110 0.000505900267840781
111 0.0007031836599018376
112 0.0007031836599018376
113 0.00011133348371866765
114 0.00021141259586679695
115 0.0002059878583080766