0 0.00019243773886705868
1 0.0001309668193588762
2 0.00017273030805218352
5 0.0002365665368606119
6 0.0002400196965770493
7 0.000233207996263883
13 0.000019487324150714776
26 0.00012343399523364164
27 0.00033751149866781817
34 0.00008687753051003999
36 0.00008296386270199534
38 0.000008702469372146433
39 0.000013901335368914586
40 0.000012008345186710319
41 0.000011139841612308305
42 0.00010288760611871043
43 0.00001236461273776724
45 0.0003894636368882597
46 0.0001834307973068906
47 0.00027084767769878907
49 0.000041620673939093223
51 0.00004686777384075253
52 0.00014497369525357328
63 0.0000037855318677072396
64 0.00018731984297588175
65 0.00001773141897136357
66 0.00018628059697440975
67 0.00004203784642398019
68 0.0008744549633130053
84 0.0002130879622223576
88 0.00024872719512041187
100 0.0004589124519785678
113 0.0002226669674373353
127 0.0016716325530251406
165 0.00022550415909059743
171 0.0001368611790876869
226 0.0004098622713982304
250 0.0003712334023506965
261 0.0002338723830583595
360 0.00019339166635443979
411 0.00022304017535425432
412 0.00028729384230050906
413 0.00024142866684252312
538 0.0002852508106156339
543 0.0023763518218841303
820 0.00046465581618336337
821 0.0006345864806991627
822 0.0005908656000986806
823 0.00045217938883475555
824 0.005517042945118162
825 0.001011800535681562
826 0.0004272224195725296
827 0.0013516618647131605
828 0.000873114324417637
829 0.0014768949178551047