0 0.00019243773886705868
1 0.0001309668193588762
2 0.00017273030805218352
5 0.0002365665368606119
6 0.0002400196965770493
7 0.000233207996263883
8 0.00028224872431895635
13 0.00003247887358452463
16 0.00007545831652538253
26 0.0006171699761682083
30 0.0008873060453823461
34 0.00034751012204015997
36 0.0003733373821589791
37 0.00020975981940966445
38 0.000008702469372146433
39 0.000041704006106743765
40 0.000012008345186710319
41 0.000014853122149744404
42 0.000051443803059355216
43 0.000016486150317022987
45 0.0006491060614804328
46 0.0003668615946137812
47 0.00036113023693171874
48 0.00013154366307515625
49 0.000041620673939093223
52 0.00028994739050714656
56 0.00006477729821638932
57 0.0001250684069607151
58 0.0010983401500430064
59 0.000602379158534602
60 0.0002572917550567303
61 0.00035285287846540845
63 0.0000094638296692681
64 0.00018731984297588175
65 0.00001773141897136357
67 0.00016815138569592077
89 0.00009505729945367397
100 0.0004589124519785678
113 0.0002226669674373353
117 0.0004338499289216686
125 0.0002682511308492756
150 0.0005343168922353136
171 0.0001368611790876869
180 0.00005682431219851005
184 0.00040649720137641123
186 0.00025254616640991854
192 0.000648573141485873
196 0.0003351616683040378
198 0.006098478463315984
217 0.00043049138832493966
226 0.0002049311356991152
245 0.000181970089392662
246 0.00040649720137641123
247 0.00026056072380914035
250 0.0003712334023506965
261 0.0002338723830583595
263 0.000467744766116719
265 0.0004120699366150429
267 0.0008350709958370184
269 0.014974830851035011
277 0.00029895135340986733
278 0.0003775208863403447
286 0.0001987752449196317
288 0.00022801868959232616
289 0.000742466804701393
296 0.0004887683798320584
298 0.0005908656000986806
310 0.00016226697770759457
335 0.000505900267840781
347 0.0002479774737404859
368 0.00018686500362842702
375 0.00025891534254753946
403 0.002234820937061802
467 0.00034552605606704003
491 0.00031109330472278875
538 0.0002852508106156339
551 0.0002832412727662006
576 0.0003086168757797243
594 0.0003438806748054391
614 0.0005121877518304292
670 0.001331771223993542
709 0.00027274170858643915
752 0.0024177573107692675
759 0.004292484490132066
805 0.0004691137279473833
826 0.0004272224195725296
841 0.0004338499289216686
858 0.0004915108718269986
863 0.00036920725599727517
898 0.000602948655181911
951 0.000549621148441263
966 0.003910936639858155
1007 0.000393582208037624
1029 0.00023724943034546792
1031 0.00042093493558288133
1073 0.00046465581618336337
1080 0.012364366552878762
1309 0.0007881489921597373
1551 0.0005121877518304292
1622 0.0008609827766498793
1892 0.0010516433720379667
1910 0.0005188152611795682
2014 0.0003438806748054391
2027 0.0009293116323667267
2083 0.0006534821266696528
2374 0.0007031836599018376
2381 0.000618218327643938
2416 0.0006534821266696528
2555 0.0007031836599018376
2605 0.005908656000986807
2654 0.0019141901611820944
2655 0.0005791825675166354
2661 0.000618218327643938
2774 0.022978251700123735
2940 0.010245936898076586
3237 0.0007384474589275524
3714 0.005791825675166355
3865 0.001746228648835274
3866 0.000873114324417637
3867 0.0007031836599018376
3868 0.000873114324417637
3869 0.008438203918822053
3870 0.000873114324417637
3871 0.0006345864806991627
3872 0.000873114324417637
3873 0.0005685167944117531
3874 0.000873114324417637
3875 0.000873114324417637
3876 0.000873114324417637
3877 0.000873114324417637
3878 0.000873114324417637
3879 0.000873114324417637
3880 0.000873114324417637