0 0.00019243773886705868
1 0.0005238672774355048
2 0.00017273030805218352
5 0.0002365665368606119
6 0.0002400196965770493
7 0.000233207996263883
13 0.000019487324150714776
26 0.0002468679904672833
38 0.000014504115620244055
39 0.000013901335368914586
40 0.00000900625889003274
41 0.000011139841612308305
43 0.000008243075158511493
46 0.00004585769932672265
51 0.00004686777384075253
52 0.00028994739050714656
58 0.0016475102250645098
60 0.0002572917550567303
63 0.00000567829780156086
64 0.0003746396859517635
65 0.00001773141897136357
67 0.00004203784642398019
71 0.00012561808978093188
81 0.00018240709186440708
100 0.00015297081732618925
104 0.00032827690028667443
113 0.0008906678697493412
117 0.0004338499289216686
123 0.000188234616351904
124 0.00009942778247685315
156 0.0004338499289216686
159 0.0001776836714179443
171 0.0002737223581753738
180 0.00005682431219851005
185 0.0034532379030364903
192 0.000648573141485873
196 0.0001675808341520189
209 0.0005791825675166354
245 0.000181970089392662
250 0.000742466804701393
277 0.00009965045113662244
307 0.00022550415909059743
310 0.00016226697770759457
324 0.0003753890228061612
341 0.0005908656000986806
353 0.0011261670684184837
368 0.00018686500362842702
404 0.0006345864806991627
416 0.0009332799141683663
442 0.0003242865707429365
445 0.0004624723451260439
457 0.0005872711056353866
475 0.0014313403504639844
520 0.00016189608767124534
545 0.0003985861298959538
551 0.0002832412727662006
806 0.005625469279214701
852 0.0003887745697496512
874 0.0006534821266696528
879 0.0005916490456697102
1072 0.003515918299509189
1087 0.0006037805934374678
1210 0.0016761157027963517
1321 0.0003271046043571432
1368 0.00045217938883475555
1495 0.0009382274558947666
1526 0.001011800535681562
1843 0.000393582208037624
1880 0.0005587052342654505
2129 0.0015564457835387047
2163 0.0005411640668664958
2631 0.0053569091759955575
2722 0.00041790813825628515
3055 0.0006534821266696528
3113 0.0006037805934374678
3881 0.002619342973252911
3882 0.0029537898357102094
3883 0.001746228648835274
3884 0.000873114324417637
3885 0.000873114324417637
3886 0.001746228648835274
3887 0.000873114324417637
3888 0.0006758309323565803