9 0.00006816650634734484
12 0.0012824397751940717
13 0.000025983098867619697
14 0.0005050923328198371
15 0.0005129759100776286
16 0.00015091663305076506
17 0.0011321674551243322
19 0.00013212323419503196
23 0.00045603737918465233
26 0.00012343399523364164
28 0.0005066488975853823
29 0.00026649997158873667
33 0.00011331060825040136
34 0.000043438765255019996
36 0.00004148193135099767
38 0.000005801646248097621
39 0.000004633778456304862
40 0.000012008345186710319
41 0.000014853122149744404
42 0.00010288760611871043
43 0.000008243075158511493
47 0.00004514127961646484
49 0.000041620673939093223
51 0.00004686777384075253
52 0.00014497369525357328
56 0.00012955459643277864
57 0.0001250684069607151
63 0.00000567829780156086
71 0.00012561808978093188
107 0.0002049311356991152
122 0.00018417084982617462
149 0.0003732936031739842
210 0.0003201773905469762
217 0.0008609827766498793
251 0.0006600847596749821
253 0.0004944646199309884
267 0.0002783569986123394
277 0.00029895135340986733
296 0.0004887683798320584
391 0.000832209213374875
392 0.0008908015295930374
399 0.0005938676863953582
412 0.00028729384230050906
413 0.00024142866684252312
444 0.000549621148441263
449 0.00043049138832493966
475 0.0011450722803711872
520 0.00016189608767124534
649 0.0003960586369806884
769 0.0009123974692171921
842 0.0005258216860189834
1330 0.0003960586369806884
1396 0.0007384145119945503
1603 0.0008023336741576425
1973 0.0013516618647131605
2906 0.0007881489921597373
2924 0.0007881489921597373
3224 0.0007881489921597373
3889 0.0014063673198036752
3890 0.004365571622088185
3891 0.000873114324417637
3892 0.000873114324417637
3893 0.000873114324417637
3894 0.000873114324417637