0 0.00019243773886705868
1 0.0001309668193588762
2 0.00017273030805218352
3 0.00037969048392546374
4 0.00035233775638020634
5 0.0002365665368606119
6 0.0002400196965770493
7 0.000233207996263883
8 0.00028224872431895635
9 0.00003408325317367242
13 0.000012991549433809848
16 0.00007545831652538253
20 0.0007394749461544028
21 0.000286106714668853
36 0.00004148193135099767
38 0.000008702469372146433
39 0.000004633778456304862
40 0.00000900625889003274
41 0.000011139841612308305
42 0.00010288760611871043
43 0.000020607687896278735
51 0.00004686777384075253
52 0.00028994739050714656
58 0.0005491700750215032
59 0.000602379158534602
60 0.0002572917550567303
61 0.00035285287846540845
63 0.0000018927659338536198
67 0.00004203784642398019
73 0.00019291377466338104
81 0.0005472212755932213
82 0.0002832412727662006
85 0.00024357296170002702
89 0.00009505729945367397
91 0.0010376305223591363
105 0.0003314569809760339
114 0.00021141259586679695
124 0.00009942778247685315
130 0.00027274170858643915
136 0.0002925555540824451
403 0.002234820937061802
411 0.00044608035070850863
650 0.000549621148441263
868 0.0002709256892452844
1062 0.00025810086072372616
1173 0.00041790813825628515
1276 0.00048355146215385347
2555 0.0014063673198036752
3895 0.000549621148441263
3896 0.000873114324417637
3897 0.000873114324417637