0 0.00019243773886705868
1 0.0001309668193588762
2 0.00017273030805218352
3 0.00037969048392546374
4 0.00035233775638020634
5 0.0002365665368606119
6 0.0002400196965770493
7 0.000233207996263883
8 0.00028224872431895635
9 0.00010224975952101728
13 0.000019487324150714776
16 0.00007545831652538253
20 0.0004929832974362684
21 0.0001430533573344265
22 0.0001341735889149772
34 0.000043438765255019996
36 0.00004148193135099767
38 0.000008702469372146433
39 0.000009267556912609724
40 0.000015010431483387899
41 0.000014853122149744404
42 0.00010288760611871043
43 0.000020607687896278735
44 0.00020453330306294742
45 0.00012982121229608657
46 0.0001834307973068906
47 0.00018056511846585937
48 0.00013154366307515625
49 0.00008324134787818645
51 0.00004686777384075253
52 0.00014497369525357328
61 0.00017642643923270423
63 0.0000037855318677072396
68 0.0005829699755420034
76 0.0002671685307183822
81 0.00018240709186440708
85 0.00048714592340005404
100 0.00015297081732618925
105 0.0003314569809760339
114 0.00021141259586679695
130 0.00027274170858643915
160 0.00018023749427928805
183 0.0002081290317624025
186 0.00025254616640991854
360 0.00019339166635443979
411 0.00044608035070850863
476 0.0022809936730429805
477 0.003172932403495814
496 0.0002464916487181342
497 0.00017684408550895013
552 0.00048355146215385347
689 0.00043049138832493966
716 0.0003136207976380542
780 0.0003775208863403447
876 0.0003911548205288988
1085 0.000393582208037624
1206 0.0019604463800089586
1207 0.0023644469764792122
1210 0.0005587052342654505
1662 0.0005587052342654505
3898 0.0007881489921597373
3899 0.000873114324417637
3900 0.000873114324417637
3901 0.000873114324417637
3902 0.000873114324417637
3903 0.000873114324417637
3904 0.000873114324417637
3905 0.000873114324417637
3906 0.000873114324417637
3907 0.000873114324417637