0 0.00019243773886705868
1 0.0002619336387177524
2 0.00017273030805218352
5 0.0002365665368606119
6 0.0002400196965770493
7 0.000233207996263883
8 0.00028224872431895635
13 0.00003247887358452463
19 0.00013212323419503196
33 0.00011331060825040136
34 0.00017375506102007999
35 0.0003887745697496512
36 0.00008296386270199534
37 0.00020975981940966445
38 0.000008702469372146433
39 0.000009267556912609724
40 0.000012008345186710319
41 0.000011139841612308305
42 0.000051443803059355216
43 0.000016486150317022987
45 0.0003894636368882597
46 0.0003668615946137812
47 0.00022570639808232424
48 0.00013154366307515625
49 0.00008324134787818645
52 0.00014497369525357328
56 0.00019433189464916796
58 0.0008237551125322549
59 0.000602379158534602
63 0.0000037855318677072396
64 0.00018731984297588175
65 0.00001773141897136357
68 0.0005829699755420034
72 0.0026463965884905636
82 0.0014162063638310035
87 0.001513250142302388
89 0.00028517189836102194
97 0.00023454039050719067
105 0.0003314569809760339
107 0.0002049311356991152
114 0.0004228251917335939
117 0.0004338499289216686
122 0.00018417084982617462
130 0.00027274170858643915
156 0.0004338499289216686
160 0.00018023749427928805
171 0.0002737223581753738
180 0.0001136486243970201
196 0.0005027425024560568
247 0.00026056072380914035
248 0.0007031836599018376
253 0.0002472323099654942
255 0.00017273030805218352
264 0.00021085919057695548
277 0.0004982522556831122
279 0.00022929556638299245
297 0.0010466537899913068
310 0.00016226697770759457
360 0.00019339166635443979
370 0.0007881489921597373
411 0.00022304017535425432
412 0.0005745876846010181
413 0.00048285733368504623
431 0.0011390714517763912
445 0.0009249446902520878
494 0.0015625766816255546
520 0.00016189608767124534
538 0.0002852508106156339
576 0.0003086168757797243
608 0.0006877613496108782
609 0.0008746061772762119
613 0.0002597352724507996
664 0.00045619873460859607
753 0.0002783569986123394
769 0.0013685962038257882
772 0.0002597352724507996
1029 0.00047449886069093585
1031 0.00042093493558288133
1111 0.0006037805934374678
1285 0.00036332233087023905
1340 0.0006345864806991627
1376 0.0004942172352587358
1499 0.001574328832150496
1542 0.0006345864806991627
1636 0.0004603543550640608
1742 0.003999356921672624
1830 0.000499919615209078
1839 0.002027492797069741
1903 0.0007881489921597373
2085 0.0003672140565768559
2180 0.0005908656000986806
2202 0.00046465581618336337
2203 0.0004603543550640608
2204 0.007361503604265769
2661 0.000618218327643938
2769 0.0007031836599018376
3259 0.0006037805934374678
3908 0.0005587052342654505
3909 0.0006758309323565803
3910 0.000873114324417637
3911 0.000873114324417637