9 0.00023858277221570697
13 0.00003897464830142955
34 0.0002171938262751
36 0.00008296386270199534
37 0.0004195196388193289
38 0.000005801646248097621
39 0.000013901335368914586
40 0.000015010431483387899
41 0.000007426561074872202
43 0.00001236461273776724
44 0.00006817776768764914
46 0.00013757309798016797
47 0.00018056511846585937
52 0.00014497369525357328
56 0.00006477729821638932
61 0.00035285287846540845
63 0.00000567829780156086
65 0.00003546283794272714
67 0.00008407569284796038
71 0.00012561808978093188
74 0.00030499358548289365
88 0.00024872719512041187
100 0.0004589124519785678
124 0.00009942778247685315
143 0.0023099226548529525
150 0.00035621126149020904
171 0.00041058353726306076
180 0.00005682431219851005
186 0.00025254616640991854
191 0.0005188152611795682
213 0.0005587052342654505
260 0.0003818991754555788
277 0.00009965045113662244
309 0.0006006466840248042
321 0.00048355146215385347
374 0.000505900267840781
377 0.0006376754306325182
394 0.0044479551173286225
399 0.0008908015295930374
416 0.0006221866094455775
435 0.0004603543550640608
441 0.0006877613496108782
445 0.0013874170353781318
577 0.000549621148441263
587 0.0004942172352587358
595 0.0013335471060796527
746 0.0003672140565768559
772 0.0002597352724507996
779 0.00030263622314802144
845 0.00043730308863810597
868 0.0002709256892452844
979 0.0004338499289216686
1053 0.0007881489921597373
1093 0.0007384145119945503
1115 0.00043730308863810597
1208 0.0003541015143419739
1315 0.00044828766312813873
1349 0.0029543280004934035
1478 0.000499919615209078
1532 0.0005908656000986806
1638 0.0007031836599018376
1701 0.000505900267840781
1741 0.0005908656000986806
2089 0.0006345864806991627
2323 0.0006758309323565803
2443 0.001236436655287876
2483 0.0005587052342654505
2795 0.0006534821266696528
2885 0.0005908656000986806
2922 0.0006534821266696528
3450 0.0007384474589275524
3609 0.000618218327643938
3689 0.0007384474589275524
3818 0.0015762979843194746
3912 0.0007881489921597373
3913 0.02444720108369384
3914 0.005238685946505822
3915 0.008438203918822053
3916 0.001746228648835274
3917 0.000873114324417637
3918 0.002619342973252911
3919 0.003940744960798687
3920 0.000873114324417637
3921 0.004365571622088185
3922 0.0007881489921597373
3923 0.0007881489921597373
3924 0.0007881489921597373
3925 0.001746228648835274
3926 0.000873114324417637
3927 0.0007031836599018376
3928 0.0003753890228061612
3929 0.000873114324417637
3930 0.000873114324417637
3931 0.000873114324417637
3932 0.000873114324417637