2 0.00017273030805218352
9 0.00006816650634734484
13 0.000019487324150714776
16 0.00007545831652538253
18 0.00023724943034546792
22 0.0001341735889149772
26 0.00012343399523364164
34 0.000043438765255019996
37 0.00020975981940966445
38 0.000008702469372146433
39 0.000009267556912609724
40 0.00001801251778006548
41 0.000011139841612308305
43 0.000016486150317022987
44 0.00006817776768764914
46 0.00022928849663361327
47 0.00027084767769878907
49 0.0001664826957563729
52 0.00014497369525357328
55 0.00019400951426952473
57 0.0001250684069607151
61 0.00035285287846540845
63 0.00000567829780156086
64 0.00018731984297588175
66 0.00009314029848720488
76 0.0001335842653591911
78 0.002842583972058766
89 0.00019011459890734794
107 0.0006147934070973456
108 0.004396969187530104
125 0.0005365022616985512
146 0.000264773477364449
160 0.00018023749427928805
175 0.0003753890228061612
177 0.00015160120460271228
193 0.0002936355528176933
261 0.000467744766116719
263 0.0002338723830583595
274 0.0020256005229969706
309 0.0006006466840248042
310 0.00032453395541518913
358 0.0011583651350332708
376 0.0006813094475963223
396 0.00038392708921293077
441 0.0003438806748054391
445 0.00023123617256302196
468 0.0003136207976380542
506 0.00029918306343158405
533 0.0004785475402955236
669 0.0002517877166381117
782 0.00036142184220439385
868 0.0002709256892452844
1001 0.00030739717354226806
1060 0.0002852508106156339
1062 0.00025810086072372616
1176 0.0004785475402955236
1182 0.00045217938883475555
1280 0.00032568748957397626
1290 0.0006221866094455775
1397 0.00028028741746109395
1698 0.0014768949178551047
3208 0.0006813094475963223
3933 0.0006037805934374678
3934 0.000873114324417637
3935 0.000873114324417637
3936 0.000873114324417637
3937 0.001746228648835274
3938 0.001746228648835274
3939 0.000873114324417637
3940 0.000873114324417637
3941 0.000873114324417637