1 0.0001309668193588762
13 0.000019487324150714776
16 0.00007545831652538253
23 0.00022801868959232616
26 0.0002468679904672833
33 0.0006798636495024083
36 0.00033185545080798137
38 0.000014504115620244055
39 0.00004633778456304862
40 0.000033022949263453375
41 0.000014853122149744404
42 0.000051443803059355216
43 0.000008243075158511493
45 0.00025964242459217314
48 0.0002630873261503125
49 0.00012486202181727967
51 0.00004686777384075253
52 0.00014497369525357328
60 0.0002572917550567303
61 0.00017642643923270423
63 0.00001135659560312172
65 0.00001773141897136357
66 0.00027942089546161464
67 0.00016815138569592077
84 0.0002130879622223576
100 0.0003059416346523785
104 0.00016413845014333722
105 0.0003314569809760339
113 0.00011133348371866765
115 0.0002059878583080766
122 0.00018417084982617462
128 0.0013685962038257882
143 0.0009899668520798367
150 0.00035621126149020904
159 0.0008884183570897217
165 0.00022550415909059743
171 0.0001368611790876869
176 0.0006750229973356363
186 0.00025254616640991854
193 0.0002936355528176933
196 0.0003351616683040378
212 0.00040116683707882124
251 0.0015401977725749585
255 0.00034546061610436703
275 0.0004120699366150429
277 0.0005979027068197347
287 0.0020648068857898093
288 0.00022801868959232616
291 0.0003887745697496512
335 0.000505900267840781
348 0.0025633345174351776
360 0.00019339166635443979
365 0.0008544448391450592
371 0.0004408563537610837
375 0.00025891534254753946
393 0.00033907303651746636
412 0.00028729384230050906
413 0.00024142866684252312
415 0.0006037805934374678
430 0.00022365154352182467
445 0.002081125553067198
452 0.0002764565099464942
470 0.0007593809678509275
520 0.0003237921753424907
527 0.0029543280004934035
543 0.0003960586369806884
550 0.00025332444879269114
551 0.0002832412727662006
573 0.0001652752038556845
576 0.0003086168757797243
659 0.0007031836599018376
697 0.0004691137279473833
746 0.0003672140565768559
753 0.0002783569986123394
776 0.0005121877518304292
780 0.0003775208863403447
803 0.0005194705449015992
823 0.00045217938883475555
870 0.0008965753262562775
903 0.0006758309323565803
911 0.0004120699366150429
970 0.0007881489921597373
994 0.0013516618647131605
1028 0.0003541015143419739
1148 0.0006345864806991627
1196 0.0003841483956894837
1219 0.0006758309323565803
1310 0.0014532893234809562
1348 0.0018546549829318141
1421 0.0006758309323565803
1469 0.010137463985348705
1472 0.00043730308863810597
1650 0.00041790813825628515
1672 0.004633460540133083
1705 0.007054222810170035
1996 0.0005121877518304292
2089 0.0006345864806991627
2103 0.0038473480390888415
2199 0.0004785475402955236
2456 0.0007031836599018376
2485 0.0005332529953860384
2535 0.0005332529953860384
2618 0.0006345864806991627
2625 0.0006345864806991627
3076 0.0007031836599018376
3484 0.0006758309323565803
3942 0.003492457297670548
3943 0.01812742681967396
3944 0.0007031836599018376
3945 0.0006534821266696528
3946 0.0006758309323565803
3947 0.0007881489921597373
3948 0.000873114324417637
3949 0.000873114324417637
3950 0.00873114324417637
3951 0.000873114324417637
3952 0.0007881489921597373
3953 0.003515918299509189
3954 0.004365571622088185
3955 0.0015762979843194746
3956 0.0005685167944117531
3957 0.000873114324417637
3958 0.004365571622088185
3959 0.001746228648835274
3960 0.000873114324417637
3961 0.000873114324417637
3962 0.000873114324417637
3963 0.0007881489921597373
3964 0.0007881489921597373
3965 0.000873114324417637
3966 0.0007384474589275524