1 0.0020954691097420193
13 0.00003897464830142955
14 0.00025254616640991854
16 0.00007545831652538253
26 0.00012343399523364164
34 0.000043438765255019996
36 0.00004148193135099767
38 0.000023206584992390484
39 0.000004633778456304862
40 0.000012008345186710319
41 0.000007426561074872202
42 0.000051443803059355216
43 0.00001236461273776724
46 0.00022928849663361327
47 0.00018056511846585937
49 0.0001664826957563729
51 0.00004686777384075253
52 0.00028994739050714656
56 0.00012955459643277864
57 0.0001250684069607151
63 0.00000567829780156086
65 0.00001773141897136357
68 0.0005829699755420034
84 0.0017047036977788609
88 0.00024872719512041187
105 0.0019887418858562035
107 0.0002049311356991152
115 0.0002059878583080766
124 0.00009942778247685315
125 0.0002682511308492756
130 0.00027274170858643915
134 0.0003672140565768559
159 0.0001776836714179443
160 0.00018023749427928805
165 0.00022550415909059743
171 0.0002737223581753738
196 0.0011730658390641327
212 0.00040116683707882124
226 0.0002049311356991152
229 0.0005121877518304292
250 0.000742466804701393
253 0.0002472323099654942
265 0.0004120699366150429
277 0.0007972036090929795
279 0.00022929556638299245
286 0.0001987752449196317
287 0.0005162017214474523
289 0.0003712334023506965
293 0.0003285382939579267
294 0.0003985861298959538
304 0.0015633643428548424
306 0.00043049138832493966
310 0.00048680093312278375
313 0.0004338499289216686
323 0.0006758309323565803
347 0.0002479774737404859
371 0.0017634254150443347
411 0.00022304017535425432
412 0.00028729384230050906
413 0.00024142866684252312
433 0.0005908656000986806
445 0.0006937085176890659
470 0.00037969048392546374
498 0.0003558910215031841
520 0.00016189608767124534
550 0.00025332444879269114
573 0.0001652752038556845
579 0.0004942172352587358
587 0.0004942172352587358
622 0.0003911548205288988
633 0.00040649720137641123
658 0.0003841483956894837
665 0.0014663051394961752
669 0.00012589385831905585
694 0.0004887683798320584
712 0.0007031836599018376
760 0.000848076737550732
842 0.0021032867440759335
866 0.0004272224195725296
876 0.0003911548205288988
879 0.0014791226141742757
905 0.0004942172352587358
915 0.00032290148184198857
946 0.0004785475402955236
979 0.0004338499289216686
1049 0.0014768949178551047
1054 0.0007384474589275524
1119 0.0006037805934374678
1196 0.0003841483956894837
1199 0.0006758309323565803
1205 0.0006345864806991627
1310 0.00036332233087023905
1331 0.000549621148441263
1339 0.0005188152611795682
1417 0.0003911548205288988
1479 0.00038643965984885517
1622 0.00043049138832493966
1650 0.00041790813825628515
1713 0.0004120699366150429
1759 0.0006037805934374678
2318 0.001236436655287876
2443 0.000618218327643938
2593 0.0007881489921597373
3142 0.0006758309323565803
3632 0.0007384474589275524
3832 0.0006534821266696528
3924 0.0007881489921597373
3964 0.0007881489921597373
3967 0.0007881489921597373
3968 0.0007881489921597373
3969 0.0006345864806991627
3970 0.000873114324417637
3971 0.0007384474589275524
3972 0.001746228648835274
3973 0.000873114324417637
3974 0.000873114324417637
3975 0.000873114324417637
3976 0.00611180027092346
3977 0.000873114324417637
3978 0.000873114324417637
3979 0.000873114324417637