0 0.00019243773886705868
1 0.0002619336387177524
2 0.00017273030805218352
5 0.0002365665368606119
6 0.0002400196965770493
7 0.000233207996263883
9 0.00003408325317367242
10 0.0009382274558947666
12 0.0002564879550388143
13 0.00003247887358452463
14 0.00025254616640991854
16 0.00007545831652538253
26 0.0002468679904672833
34 0.00013031629576506
35 0.0003887745697496512
36 0.00008296386270199534
38 0.000008702469372146433
39 0.000027802670737829172
40 0.00001801251778006548
41 0.000018566402687180508
43 0.00002472922547553448
46 0.0003668615946137812
47 0.00009028255923292969
49 0.000041620673939093223
55 0.00019400951426952473
56 0.0003238864910819466
57 0.0001250684069607151
59 0.00020079305284486732
61 0.0008821321961635212
63 0.00000567829780156086
65 0.00003546283794272714
66 0.00009314029848720488
67 0.00021018923211990097
88 0.00024872719512041187
89 0.00009505729945367397
97 0.0021108635145647165
100 0.00015297081732618925
112 0.0007031836599018376
113 0.00011133348371866765
122 0.00036834169965234924
123 0.000752938465407616
130 0.00027274170858643915
139 0.00028224872431895635
140 0.0004603543550640608
158 0.0011369676949575021
159 0.001066102028507666
177 0.00015160120460271228
180 0.0001136486243970201
196 0.0003351616683040378
197 0.0008712710716447848
210 0.0006403547810939524
222 0.0003841483956894837
225 0.0016837397423315253
226 0.0002049311356991152
245 0.000181970089392662
246 0.00040649720137641123
263 0.0002338723830583595
267 0.0005567139972246788
271 0.00029918306343158405
272 0.0004737399020075509
277 0.0004982522556831122
282 0.002291395052733473
287 0.0007743025821711785
293 0.0003285382939579267
306 0.0008609827766498793
307 0.00022550415909059743
310 0.00032453395541518913
313 0.0008676998578433372
319 0.00045619873460859607
332 0.0006345864806991627
347 0.0007439324212214578
361 0.0013516618647131605
371 0.0017634254150443347
375 0.00025891534254753946
416 0.00031109330472278875
427 0.00044451570202655086
442 0.0003242865707429365
461 0.0003985861298959538
466 0.006595453781295156
470 0.0007593809678509275
484 0.0021524569416246984
493 0.00023454039050719067
494 0.001171932511219166
520 0.0003237921753424907
540 0.0003471938241542892
572 0.00033907303651746636
596 0.00043049138832493966
624 0.0009775367596641168
625 0.0009671029243077069
628 0.0009671029243077069
638 0.0008023336741576425
662 0.001322569061283251
671 0.0005194705449015992
672 0.0004942172352587358
682 0.0011261670684184837
703 0.0002862680700927968
750 0.0003344468624572988
766 0.0004785475402955236
772 0.0005194705449015992
779 0.00030263622314802144
780 0.0003775208863403447
789 0.0015762979843194746
803 0.0002597352724507996
830 0.001746228648835274
831 0.0047288939529584245
832 0.00048355146215385347
833 0.0007881489921597373
834 0.0007031836599018376
835 0.0006758309323565803
836 0.000549621148441263
837 0.0006534821266696528
838 0.001746228648835274
839 0.000549621148441263
840 0.000873114324417637
841 0.0004338499289216686
842 0.0005258216860189834
843 0.0006345864806991627
844 0.0007881489921597373
845 0.00043730308863810597
846 0.0007031836599018376
847 0.0004737399020075509
848 0.000873114324417637
849 0.005517042945118162
850 0.0003960586369806884
851 0.000040928526061156217
852 0.0003887745697496512
853 0.000873114324417637
854 0.006835681918246784
855 0.003492457297670548
856 0.0007881489921597373
857 0.0006758309323565803
858 0.0004915108718269986
859 0.004136059200690765
860 0.000873114324417637
861 0.002368699510037755
862 0.0005908656000986806
863 0.0007384145119945503
864 0.000549621148441263
865 0.0006345864806991627
866 0.0004272224195725296
867 0.0006534821266696528
868 0.0002709256892452844
869 0.0005188152611795682
870 0.00044828766312813873
871 0.0003960586369806884
872 0.000873114324417637
873 0.00037969048392546374
874 0.0006534821266696528
875 0.0003841483956894837
876 0.0003911548205288988
877 0.0007881489921597373
878 0.0007031836599018376
879 0.0002958245228348551
880 0.0007881489921597373
881 0.0006037805934374678
882 0.0007881489921597373
883 0.0014768949178551047
884 0.0006037805934374678