9 0.00013633301269468968
13 0.000025983098867619697
16 0.00007545831652538253
22 0.0001341735889149772
26 0.00012343399523364164
27 0.0006750229973356363
33 0.00011331060825040136
34 0.00017375506102007999
36 0.00004148193135099767
38 0.0000029008231240488105
39 0.000009267556912609724
40 0.000015010431483387899
41 0.000014853122149744404
42 0.00010288760611871043
43 0.000016486150317022987
44 0.00013635553537529827
45 0.0006491060614804328
46 0.0003668615946137812
47 0.00036113023693171874
48 0.00013154366307515625
49 0.00008324134787818645
52 0.00014497369525357328
55 0.00009700475713476236
56 0.00012955459643277864
57 0.0001250684069607151
61 0.00035285287846540845
63 0.00000567829780156086
64 0.00018731984297588175
65 0.00001773141897136357
68 0.0017489099266260106
85 0.00024357296170002702
100 0.0003059416346523785
113 0.00011133348371866765
118 0.0006052724462960429
123 0.000188234616351904
124 0.00009942778247685315
160 0.0009011874713964403
180 0.0001136486243970201
247 0.0005211214476182807
261 0.0007016171491750785
287 0.00025810086072372616
304 0.0005211214476182807
309 0.0006006466840248042
310 0.00016226697770759457
360 0.00019339166635443979
422 0.00457437488668757
435 0.0004603543550640608
487 0.00043049138832493966
497 0.00017684408550895013
520 0.00016189608767124534
538 0.0002852508106156339
691 0.0012152369499670065
779 0.00030263622314802144
868 0.0002709256892452844
1062 0.0005162017214474523
1133 0.00048355146215385347
1465 0.0014063673198036752
1548 0.0007971722597919076
1667 0.0011583651350332708
1830 0.000499919615209078
1937 0.0017375477025499064
1947 0.0023644469764792122
2638 0.0005332529953860384
3085 0.001236436655287876
3281 0.009457787905916849
3282 0.0015762979843194746
3980 0.003492457297670548
3981 0.000873114324417637
3982 0.000873114324417637
3983 0.000873114324417637
3984 0.000873114324417637
3985 0.000873114324417637