9 0.00010224975952101728
13 0.000006495774716904924
16 0.00015091663305076506
33 0.00011331060825040136
34 0.000043438765255019996
37 0.0004195196388193289
38 0.000008702469372146433
39 0.000009267556912609724
40 0.000015010431483387899
41 0.000018566402687180508
42 0.000051443803059355216
43 0.000016486150317022987
44 0.00013635553537529827
45 0.00012982121229608657
46 0.0004127192939405039
47 0.00040627151654818366
48 0.00013154366307515625
49 0.000041620673939093223
55 0.00009700475713476236
57 0.0001250684069607151
61 0.00035285287846540845
63 0.0000037855318677072396
64 0.00018731984297588175
66 0.00009314029848720488
67 0.00004203784642398019
72 0.00035285287846540845
76 0.0001335842653591911
82 0.000849723818298602
83 0.001011800535681562
85 0.00024357296170002702
87 0.0001891562677877985
89 0.00009505729945367397
90 0.000499919615209078
104 0.00016413845014333722
136 0.0002925555540824451
146 0.000264773477364449
156 0.0013015497867650057
183 0.000416258063524805
245 0.000181970089392662
261 0.0002338723830583595
287 0.00025810086072372616
309 0.0006006466840248042
310 0.001947203732491135
464 0.000393582208037624
666 0.00032568748957397626
729 0.0004691137279473833
772 0.0002597352724507996
1015 0.0005685167944117531
1325 0.0015617526845401444
1632 0.0005908656000986806
1723 0.0007384474589275524
1832 0.0007881489921597373
1966 0.0005258216860189834
2688 0.0006758309323565803
3986 0.000873114324417637
3987 0.001746228648835274
3988 0.000873114324417637
3989 0.000873114324417637
3990 0.0007881489921597373
3991 0.000873114324417637
3992 0.000873114324417637
3993 0.0007384474589275524