1 0.0001309668193588762
13 0.000006495774716904924
16 0.00007545831652538253
19 0.0010569858735602557
26 0.00012343399523364164
28 0.00025332444879269114
34 0.000043438765255019996
36 0.00004148193135099767
37 0.0006292794582289934
38 0.000005801646248097621
39 0.000004633778456304862
40 0.000006004172593355159
41 0.000014853122149744404
43 0.00001236461273776724
45 0.00012982121229608657
48 0.00013154366307515625
49 0.00012486202181727967
52 0.00014497369525357328
56 0.00012955459643277864
63 0.0000037855318677072396
64 0.00018731984297588175
65 0.00001773141897136357
88 0.00024872719512041187
107 0.0002049311356991152
114 0.0008456503834671878
124 0.00029828334743055946
145 0.002027492797069741
165 0.00022550415909059743
192 0.0003242865707429365
193 0.0002936355528176933
196 0.0001675808341520189
277 0.00009965045113662244
286 0.0001987752449196317
293 0.0003285382939579267
294 0.0003985861298959538
304 0.00026056072380914035
349 0.0006534821266696528
364 0.0006758309323565803
393 0.0006781460730349327
412 0.0005745876846010181
455 0.00041790813825628515
497 0.00017684408550895013
500 0.0012691729613983254
600 0.0013516618647131605
622 0.0011734644615866965
638 0.00040116683707882124
642 0.0003887745697496512
649 0.0003960586369806884
667 0.00045619873460859607
708 0.00035955036976865123
786 0.0008076060951483175
822 0.0005908656000986806
858 0.0002457554359134993
912 0.0011370335888235062
996 0.0005685167944117531
1084 0.0007384145119945503
1095 0.0004120699366150429
1310 0.0014532893234809562
1637 0.0005332529953860384
1650 0.0012537244147688554
1843 0.000393582208037624
1892 0.0010516433720379667
2059 0.0011817312001973612
2103 0.003297726890647578
2273 0.002234820937061802
2746 0.0005188152611795682
3143 0.0006534821266696528
3257 0.0031525959686389492
3353 0.0005332529953860384
3956 0.0005685167944117531
3994 0.0006534821266696528
3995 0.000873114324417637
3996 0.000873114324417637
3997 0.0007881489921597373
3998 0.000873114324417637
3999 0.000873114324417637
4000 0.000873114324417637
4001 0.002619342973252911
4002 0.009604257568594007
4003 0.0007881489921597373
4004 0.0007881489921597373
4005 0.001746228648835274
4006 0.000873114324417637
4007 0.000873114324417637