0 0.00038487547773411737
1 0.0001309668193588762
2 0.00017273030805218352
5 0.0002365665368606119
6 0.0002400196965770493
7 0.000233207996263883
8 0.00028224872431895635
13 0.000019487324150714776
16 0.00015091663305076506
28 0.00025332444879269114
33 0.00011331060825040136
34 0.000043438765255019996
36 0.00004148193135099767
38 0.000011603292496195242
39 0.000009267556912609724
40 0.00001801251778006548
41 0.000018566402687180508
42 0.000051443803059355216
43 0.00002885076305479023
45 0.0003894636368882597
46 0.00022928849663361327
47 0.00022570639808232424
49 0.00012486202181727967
51 0.00004686777384075253
52 0.00028994739050714656
58 0.0016475102250645098
59 0.0010039652642243367
60 0.0002572917550567303
61 0.00035285287846540845
63 0.0000037855318677072396
64 0.00018731984297588175
67 0.00004203784642398019
71 0.00012561808978093188
84 0.0002130879622223576
118 0.0015131811157401073
121 0.0006037805934374678
123 0.000188234616351904
131 0.0004092519030008361
146 0.000529546954728898
160 0.00018023749427928805
165 0.00022550415909059743
171 0.0001368611790876869
180 0.00005682431219851005
250 0.0003712334023506965
255 0.00017273030805218352
264 0.00021085919057695548
286 0.0001987752449196317
310 0.0009736018662455675
373 0.0007384474589275524
403 0.002234820937061802
411 0.00022304017535425432
412 0.0011491753692020362
413 0.0009657146673700925
442 0.0003242865707429365
475 0.0002862680700927968
484 0.0021524569416246984
494 0.00019532208520319432
644 0.0074186199317272565
669 0.00012589385831905585
1037 0.0002709256892452844
1070 0.0003541015143419739
1628 0.0014063673198036752
1629 0.00043049138832493966
1997 0.0005587052342654505
2931 0.0013516618647131605
3028 0.0007031836599018376
3161 0.0015762979843194746
3725 0.0007881489921597373
4008 0.000873114324417637
4009 0.000873114324417637
4010 0.0015762979843194746
4011 0.000873114324417637
4012 0.001746228648835274
4013 0.000873114324417637
4014 0.000873114324417637