9 0.00003408325317367242
13 0.000006495774716904924
16 0.00022637494957614764
26 0.00012343399523364164
33 0.00011331060825040136
34 0.000043438765255019996
37 0.00020975981940966445
38 0.000005801646248097621
39 0.000004633778456304862
40 0.000012008345186710319
41 0.000007426561074872202
42 0.00010288760611871043
43 0.000008243075158511493
44 0.00006817776768764914
45 0.00025964242459217314
49 0.00008324134787818645
52 0.00014497369525357328
58 0.0002745850375107516
59 0.00040158610568973463
60 0.0002572917550567303
61 0.00035285287846540845
63 0.00000567829780156086
66 0.00009314029848720488
84 0.0006392638866670728
104 0.00016413845014333722
114 0.00021141259586679695
136 0.0014627777704122257
180 0.00005682431219851005
210 0.0003201773905469762
270 0.00035955036976865123
274 0.0011574860131411257
277 0.00009965045113662244
286 0.0001987752449196317
288 0.00045603737918465233
310 0.001135868843953162
357 0.0010316420244163174
396 0.00019196354460646538
424 0.005169132212492868
431 0.00037969048392546374
468 0.0012544831905522168
751 0.003222480485448426
782 0.00036142184220439385
868 0.0002709256892452844
876 0.0003911548205288988
1060 0.0002852508106156339
1397 0.00028028741746109395
1693 0.0005908656000986806
3538 0.0015997589861581152
3773 0.0007881489921597373
4015 0.0007881489921597373
4016 0.000873114324417637
4017 0.000873114324417637
4018 0.000873114324417637
4019 0.000873114324417637
4020 0.000873114324417637
4021 0.000873114324417637
4022 0.000873114324417637
4023 0.000873114324417637
4024 0.000873114324417637
4025 0.000873114324417637
4026 0.000873114324417637
4027 0.000873114324417637