9 0.00013633301269468968
13 0.00003247887358452463
14 0.00025254616640991854
16 0.00007545831652538253
22 0.0005366943556599089
28 0.00025332444879269114
36 0.00016592772540399069
37 0.0004195196388193289
38 0.000008702469372146433
39 0.000027802670737829172
40 0.000015010431483387899
41 0.000014853122149744404
42 0.00015433140917806565
43 0.000016486150317022987
44 0.00013635553537529827
45 0.00012982121229608657
46 0.0003210038952870586
47 0.00031598895731525394
48 0.00013154366307515625
49 0.00008324134787818645
51 0.00004686777384075253
52 0.00014497369525357328
55 0.00009700475713476236
56 0.00006477729821638932
61 0.00035285287846540845
63 0.00000567829780156086
64 0.00018731984297588175
66 0.00009314029848720488
67 0.00012611353927194057
71 0.00025123617956186376
73 0.00019291377466338104
82 0.0014162063638310035
84 0.0006392638866670728
85 0.00024357296170002702
88 0.00024872719512041187
89 0.00009505729945367397
90 0.000499919615209078
96 0.000618218327643938
113 0.0002226669674373353
115 0.0002059878583080766
120 0.0006345864806991627
124 0.00009942778247685315
125 0.0002682511308492756
128 0.005474384815303153
130 0.00027274170858643915
134 0.0003672140565768559
138 0.0003775208863403447
151 0.001007908809974945
171 0.0001368611790876869
173 0.0005411640668664958
176 0.00033751149866781817
177 0.00015160120460271228
184 0.00040649720137641123
191 0.0005188152611795682
196 0.0001675808341520189
226 0.0004098622713982304
261 0.0002338723830583595
267 0.0002783569986123394
277 0.00019930090227324488
309 0.0006006466840248042
310 0.0006490679108303783
328 0.0005587052342654505
360 0.00019339166635443979
392 0.0002969338431976791
411 0.00044608035070850863
416 0.0009332799141683663
430 0.00044730308704364933
441 0.0003438806748054391
445 0.00023123617256302196
537 0.0003960586369806884
543 0.0007921172739613768
546 0.0004120699366150429
552 0.00048355146215385347
555 0.0002457554359134993
564 0.0004942172352587358
614 0.0005121877518304292
633 0.00040649720137641123
665 0.0004887683798320584
698 0.00044451570202655086
753 0.0002783569986123394
782 0.00036142184220439385
790 0.0009775367596641168
826 0.0008544448391450592
898 0.0003014743275909555
955 0.0007881489921597373
967 0.0005791825675166354
1029 0.00023724943034546792
1112 0.0014688562263074237
1141 0.0029253569677939965
1450 0.00032568748957397626
1670 0.0018546549829318141
1837 0.000499919615209078
1957 0.001903759442097488
1995 0.000618218327643938
2054 0.000618218327643938
2103 0.001099242296882526
2381 0.000618218327643938
2414 0.0005411640668664958
2722 0.00041790813825628515
2772 0.0007384474589275524
3040 0.0005685167944117531
3092 0.0004338499289216686
3142 0.0006758309323565803
3714 0.0005791825675166354
3871 0.0012691729613983254
4028 0.007858028919758734
4029 0.004365571622088185
4030 0.001746228648835274
4031 0.000873114324417637
4032 0.000873114324417637
4033 0.000873114324417637
4034 0.019703724803993433
4035 0.000873114324417637
4036 0.000873114324417637
4037 0.000873114324417637
4038 0.000873114324417637
4039 0.004365571622088185
4040 0.000873114324417637
4041 0.000873114324417637
4042 0.0007881489921597373
4043 0.000873114324417637
4044 0.000873114324417637
4045 0.013096714866264555
4046 0.00611180027092346
4047 0.0013516618647131605
4048 0.0007881489921597373
4049 0.000873114324417637