1 0.0002619336387177524
9 0.00003408325317367242
13 0.000019487324150714776
19 0.00013212323419503196
26 0.00012343399523364164
27 0.00033751149866781817
28 0.0005066488975853823
29 0.00026649997158873667
33 0.00011331060825040136
34 0.00013031629576506
35 0.0003887745697496512
36 0.00004148193135099767
38 0.000005801646248097621
39 0.000013901335368914586
40 0.000015010431483387899
41 0.000011139841612308305
42 0.000051443803059355216
43 0.00001236461273776724
44 0.00013635553537529827
45 0.00012982121229608657
46 0.0001834307973068906
47 0.00018056511846585937
51 0.00004686777384075253
52 0.00028994739050714656
56 0.00006477729821638932
58 0.0005491700750215032
59 0.00040158610568973463
60 0.0002572917550567303
61 0.0005292793176981127
63 0.0000037855318677072396
64 0.00018731984297588175
66 0.00018628059697440975
68 0.0005829699755420034
72 0.0010585586353962255
76 0.0006679213267959556
82 0.002265930182129605
89 0.00028517189836102194
100 0.00015297081732618925
104 0.00016413845014333722
113 0.00011133348371866765
115 0.0004119757166161532
124 0.00009942778247685315
132 0.0003985861298959538
144 0.0006765694880066684
157 0.000618218327643938
165 0.00022550415909059743
171 0.0001368611790876869
176 0.00033751149866781817
183 0.0002081290317624025
186 0.00025254616640991854
260 0.0003818991754555788
264 0.00021085919057695548
277 0.00009965045113662244
335 0.000505900267840781
347 0.0002479774737404859
411 0.00022304017535425432
538 0.0002852508106156339
599 0.000618218327643938
634 0.0005188152611795682
664 0.0018247949384343843
701 0.0005685167944117531
754 0.0005332529953860384
839 0.000549621148441263
868 0.0002709256892452844
871 0.0003960586369806884
879 0.0002958245228348551
953 0.0005188152611795682
979 0.0004338499289216686
1016 0.0006758309323565803
1060 0.0002852508106156339
1084 0.00036920725599727517
1119 0.0006037805934374678
1142 0.0005188152611795682
1300 0.000505900267840781
1376 0.0004942172352587358
1400 0.0009474798040151018
1417 0.0003911548205288988
1539 0.0006758309323565803
1739 0.0006534821266696528
1880 0.0005587052342654505
2381 0.000618218327643938
2800 0.0031525959686389492
3359 0.0006534821266696528
3383 0.0007384474589275524
3564 0.0006758309323565803
3565 0.004430684753565315
3832 0.0006534821266696528
4050 0.001746228648835274
4051 0.004365571622088185
4052 0.000873114324417637
4053 0.0007384474589275524
4054 0.0007881489921597373
4055 0.0007881489921597373
4056 0.000873114324417637
4057 0.000873114324417637
4058 0.003492457297670548
4059 0.000873114324417637
4060 0.000873114324417637
4061 0.001746228648835274
4062 0.000873114324417637
4063 0.0007881489921597373
4064 0.0007384474589275524
4065 0.001746228648835274