1 0.0001309668193588762
13 0.000045470423018334476
16 0.00007545831652538253
19 0.00013212323419503196
20 0.0004929832974362684
34 0.00008687753051003999
36 0.00012444579405299303
38 0.000011603292496195242
39 0.000009267556912609724
40 0.00000900625889003274
41 0.000014853122149744404
42 0.000051443803059355216
43 0.000045336913371813215
45 0.0005192848491843463
46 0.0003668615946137812
47 0.00036113023693171874
48 0.00013154366307515625
49 0.0001664826957563729
52 0.00028994739050714656
55 0.00048502378567381193
63 0.0000094638296692681
64 0.0003746396859517635
67 0.00004203784642398019
68 0.0017489099266260106
81 0.002188885102372885
82 0.0002832412727662006
85 0.00024357296170002702
89 0.00019011459890734794
113 0.00011133348371866765
114 0.00021141259586679695
118 0.0036316346777762573
130 0.0005454834171728783
159 0.0001776836714179443
161 0.0019550735193282335
165 0.00022550415909059743
171 0.0001368611790876869
173 0.0005411640668664958
176 0.00033751149866781817
177 0.00015160120460271228
180 0.00005682431219851005
226 0.0002049311356991152
245 0.000181970089392662
264 0.00021085919057695548
277 0.00029895135340986733
290 0.0006345864806991627
293 0.0013141531758317068
310 0.00032453395541518913
347 0.0004959549474809718
356 0.00040649720137641123
360 0.00019339166635443979
371 0.0004408563537610837
377 0.0006376754306325182
411 0.00022304017535425432
430 0.00022365154352182467
540 0.0020831629449257353
671 0.0002597352724507996
697 0.0018764549117895333
703 0.0002862680700927968
721 0.00044828766312813873
753 0.0002783569986123394
787 0.0033161793140528565
803 0.0002597352724507996
928 0.00040116683707882124
1007 0.000393582208037624
1035 0.0005908656000986806
1058 0.0008965753262562775
1064 0.000618218327643938
1101 0.00046465581618336337
1153 0.0008241398732300858
1154 0.0003960586369806884
1374 0.0005411640668664958
1400 0.00947479804015102
1443 0.0007031836599018376
1873 0.0006037805934374678
1901 0.0006758309323565803
2105 0.0007881489921597373
2375 0.0006758309323565803
2440 0.0006534821266696528
2803 0.0007384474589275524
3814 0.0007384474589275524
3815 0.0047288939529584245
4077 0.000873114324417637
4078 0.000873114324417637
4079 0.0023644469764792122
4080 0.000873114324417637
4081 0.000873114324417637
4082 0.000873114324417637
4083 0.000873114324417637