10 0.00985138828689505
11 0.004911022836010034
12 0.0005129759100776286
13 0.00003897464830142955
28 0.0007599733463780734
30 0.00044365302269117307
34 0.00013031629576506
36 0.00004148193135099767
38 0.000008702469372146433
39 0.00002316889228152431
40 0.000006004172593355159
41 0.000011139841612308305
42 0.00010288760611871043
43 0.000004121537579255747
46 0.00027514619596033594
47 0.00027084767769878907
51 0.00004686777384075253
52 0.00014497369525357328
56 0.00006477729821638932
61 0.00035285287846540845
63 0.0000037855318677072396
64 0.00018731984297588175
66 0.00009314029848720488
67 0.00004203784642398019
71 0.00025123617956186376
100 0.00015297081732618925
104 0.00016413845014333722
113 0.0002226669674373353
114 0.0004228251917335939
115 0.0006179635749242299
122 0.00018417084982617462
124 0.00009942778247685315
125 0.0013412556542463782
126 0.0005908656000986806
133 0.0017055503832352594
149 0.0003732936031739842
160 0.00018023749427928805
165 0.0009020166363623897
210 0.0003201773905469762
211 0.0006534821266696528
214 0.00054731981622391
225 0.0008418698711657627
251 0.00022002825322499402
255 0.0006909212322087341
272 0.0004737399020075509
275 0.0008241398732300858
277 0.0008968540602296021
286 0.0003975504898392634
288 0.0036482990334772186
320 0.0008841754550026923
348 0.0008544448391450592
368 0.00037373000725685404
371 0.0004408563537610837
372 0.0008746061772762119
452 0.0002764565099464942
457 0.0002936355528176933
497 0.0005305322565268504
533 0.0004785475402955236
538 0.0002852508106156339
551 0.0002832412727662006
554 0.0003985861298959538
555 0.0002457554359134993
564 0.0004942172352587358
576 0.0006172337515594486
622 0.0011734644615866965
669 0.00012589385831905585
671 0.0002597352724507996
689 0.00043049138832493966
691 0.0003038092374917516
703 0.0002862680700927968
735 0.0017375477025499064
753 0.0002783569986123394
760 0.000424038368775366
779 0.0006052724462960429
787 0.0009474798040151018
805 0.0018764549117895333
902 0.0011261670684184837
920 0.0008299085659023568
980 0.00036332233087023905
988 0.00041790813825628515
1030 0.0004338499289216686
1032 0.0005332529953860384
1315 0.001793150652512555
1330 0.0007921172739613768
1827 0.00041790813825628515
1843 0.000393582208037624
1893 0.0018546549829318141
1995 0.000618218327643938
2108 0.00521264310764972
2114 0.0007881489921597373
2156 0.0005332529953860384
2199 0.0004785475402955236
2297 0.0006758309323565803
2342 0.0016761157027963517
2813 0.0007881489921597373
3353 0.0005332529953860384
3359 0.0006534821266696528
3401 0.0036922372946377622
4084 0.0013516618647131605
4085 0.001746228648835274
4086 0.001746228648835274
4087 0.0007881489921597373
4088 0.000873114324417637
4089 0.000873114324417637
4090 0.0006345864806991627
4091 0.000873114324417637
4092 0.0007384474589275524
4093 0.0007881489921597373
4094 0.000873114324417637
4095 0.001746228648835274
4096 0.0007881489921597373
4097 0.000873114324417637
4098 0.000873114324417637