0 0.00019243773886705868
1 0.0001309668193588762
2 0.00017273030805218352
5 0.0002365665368606119
6 0.0002400196965770493
7 0.000233207996263883
12 0.000769463865116443
13 0.000025983098867619697
16 0.00007545831652538253
19 0.00013212323419503196
23 0.001140093447961631
26 0.00012343399523364164
30 0.00044365302269117307
33 0.00011331060825040136
34 0.00008687753051003999
35 0.0007775491394993024
36 0.00008296386270199534
38 0.000008702469372146433
39 0.000013901335368914586
40 0.00001801251778006548
41 0.000014853122149744404
43 0.000020607687896278735
46 0.00027514619596033594
47 0.00009028255923292969
48 0.000526174652300625
49 0.0001664826957563729
51 0.00009373554768150506
52 0.00014497369525357328
55 0.00019400951426952473
56 0.00019433189464916796
59 0.0016063444227589385
61 0.00035285287846540845
63 0.00000567829780156086
66 0.00009314029848720488
81 0.00036481418372881415
84 0.0002130879622223576
88 0.00024872719512041187
89 0.00009505729945367397
107 0.0002049311356991152
110 0.000505900267840781
113 0.0002226669674373353
114 0.00021141259586679695
118 0.0009079086694440643
125 0.0002682511308492756
134 0.0003672140565768559
139 0.00028224872431895635
146 0.000264773477364449
158 0.0011369676949575021
159 0.0003553673428358886
160 0.0003604749885585761
162 0.0004149542829511784
177 0.00015160120460271228
180 0.00005682431219851005
184 0.00040649720137641123
191 0.0005188152611795682
210 0.0003201773905469762
226 0.0002049311356991152
250 0.002598633816454876
251 0.00022002825322499402
252 0.001648863445323789
255 0.00017273030805218352
264 0.00021085919057695548
272 0.0014212197060226527
277 0.0012954558647760917
282 0.0034370925791002093
283 0.00041790813825628515
287 0.00025810086072372616
288 0.00022801868959232616
292 0.0002914849877710017
293 0.0003285382939579267
306 0.0008609827766498793
310 0.00048680093312278375
313 0.0004338499289216686
352 0.0005916490456697102
357 0.0003438806748054391
368 0.00018686500362842702
371 0.0017634254150443347
375 0.00025891534254753946
403 0.001117410468530901
430 0.00022365154352182467
445 0.00023123617256302196
457 0.0002936355528176933
507 0.0008182251257593176
520 0.00016189608767124534
540 0.0003471938241542892
555 0.0002457554359134993
556 0.000505900267840781
557 0.004664422056529027
565 0.0006534821266696528
572 0.0006781460730349327
589 0.0004737399020075509
599 0.000618218327643938
633 0.00040649720137641123
672 0.0004942172352587358
716 0.0006272415952761084
721 0.00044828766312813873
735 0.0005791825675166354
766 0.0004785475402955236
782 0.0007228436844087877
786 0.001615212190296635
871 0.0003960586369806884
878 0.0007031836599018376
879 0.0002958245228348551
880 0.0007881489921597373
881 0.0006037805934374678
882 0.0007881489921597373
883 0.0007384474589275524
884 0.0006037805934374678
885 0.0006345864806991627
886 0.001746228648835274
887 0.0006758309323565803
888 0.001011800535681562
889 0.0014063673198036752
890 0.011762678280053751
891 0.0004785475402955236
892 0.00611180027092346
893 0.006417855067785861
894 0.0005121877518304292
895 0.0005332529953860384
896 0.0005791825675166354
897 0.001117410468530901
898 0.0003014743275909555
899 0.00044828766312813873
900 0.000873114324417637
901 0.0005685167944117531
902 0.0003753890228061612
903 0.0006758309323565803
904 0.0005908656000986806
905 0.0004942172352587358
906 0.0005908656000986806
907 0.0012691729613983254
908 0.0007305054994379872
909 0.000873114324417637
910 0.000873114324417637
911 0.0004120699366150429
912 0.0005685167944117531
913 0.0014063673198036752
914 0.000873114324417637
915 0.0009687044455259658
916 0.0014826517057762074
917 0.0006534821266696528
918 0.001746228648835274
919 0.0007031836599018376
920 0.0004149542829511784