0 0.00019243773886705868
1 0.0005238672774355048
2 0.00017273030805218352
5 0.0002365665368606119
6 0.0002400196965770493
7 0.000233207996263883
8 0.00028224872431895635
16 0.00007545831652538253
17 0.0005660837275621661
19 0.0007927394051701919
23 0.00022801868959232616
34 0.00008687753051003999
36 0.00008296386270199534
38 0.000014504115620244055
39 0.000004633778456304862
40 0.000006004172593355159
41 0.000011139841612308305
47 0.00013542383884939454
52 0.00014497369525357328
56 0.00006477729821638932
63 0.0000094638296692681
64 0.00018731984297588175
65 0.00007092567588545428
67 0.00004203784642398019
71 0.00012561808978093188
81 0.0009120354593220354
87 0.0001891562677877985
88 0.00024872719512041187
89 0.00028517189836102194
106 0.001011800535681562
118 0.0009079086694440643
123 0.000188234616351904
124 0.0001988555649537063
138 0.0003775208863403447
160 0.00018023749427928805
165 0.00022550415909059743
171 0.0001368611790876869
180 0.00005682431219851005
245 0.000181970089392662
258 0.0003960586369806884
259 0.00025891534254753946
261 0.000467744766116719
263 0.0002338723830583595
264 0.00021085919057695548
278 0.0003775208863403447
354 0.0006758309323565803
367 0.0002673724241223067
438 0.0010786511093059537
442 0.0003242865707429365
445 0.0004624723451260439
514 0.00043049138832493966
624 0.0009775367596641168
741 0.00035233775638020634
769 0.00045619873460859607
839 0.000549621148441263
879 0.0005916490456697102
1001 0.00030739717354226806
1074 0.001236436655287876
1250 0.0007031836599018376
1251 0.0012691729613983254
1650 0.00041790813825628515
2085 0.002570498396037992
2128 0.00043730308863810597
2546 0.0007881489921597373
2600 0.0005121877518304292
4099 0.001746228648835274
4100 0.001746228648835274
4101 0.003492457297670548
4102 0.000873114324417637
4103 0.000873114324417637
4104 0.000873114324417637
4105 0.0007384474589275524
4106 0.000873114324417637
4107 0.000873114324417637
4108 0.0007384474589275524
4109 0.000873114324417637
4110 0.0007384474589275524
4111 0.000873114324417637
4112 0.000873114324417637