9 0.00017041626586836213
13 0.000025983098867619697
14 0.0005050923328198371
15 0.0005129759100776286
22 0.00040252076674493167
27 0.00033751149866781817
34 0.000043438765255019996
36 0.00004148193135099767
37 0.0006292794582289934
38 0.0000261074081164393
39 0.000004633778456304862
40 0.000012008345186710319
41 0.000007426561074872202
43 0.00004121537579255747
51 0.0001406033215222576
59 0.0020079305284486735
63 0.00001324936153697534
65 0.00001773141897136357
66 0.00018628059697440975
67 0.00004203784642398019
73 0.00019291377466338104
100 0.0003059416346523785
103 0.0009043587776695111
104 0.0004924153504300117
115 0.0002059878583080766
125 0.0002682511308492756
144 0.0005074271160050014
171 0.0001368611790876869
177 0.00015160120460271228
186 0.00025254616640991854
204 0.0005258216860189834
210 0.0003201773905469762
245 0.000181970089392662
251 0.0006600847596749821
277 0.00009965045113662244
286 0.0003975504898392634
304 0.00026056072380914035
310 0.0006490679108303783
333 0.0008676998578433372
347 0.0002479774737404859
357 0.0003438806748054391
359 0.0005258216860189834
368 0.0005605950108852811
445 0.00023123617256302196
457 0.0005872711056353866
496 0.0002464916487181342
533 0.0004785475402955236
545 0.0019929306494797694
551 0.0002832412727662006
580 0.0004408563537610837
609 0.00043730308863810597
642 0.0007775491394993024
671 0.0002597352724507996
703 0.0002862680700927968
768 0.0054363895878460945
782 0.0014456873688175754
851 0.0004911423127338746
858 0.0002457554359134993
1028 0.0007082030286839478
1077 0.013516618647131608
1095 0.0004120699366150429
1120 0.0011789006066702562
1272 0.0011370335888235062
1395 0.001913450113186038
1411 0.0020487510073217167
2184 0.0006758309323565803
2258 0.0011583651350332708
2794 0.0005685167944117531
3033 0.0004737399020075509
3507 0.0004338499289216686
3826 0.0005188152611795682
4121 0.001746228648835274
4122 0.000873114324417637
4123 0.000873114324417637
4124 0.0036922372946377622
4125 0.0028127346396073505
4126 0.0007881489921597373
4127 0.0006037805934374678