13 0.000019487324150714776
14 0.00025254616640991854
16 0.00007545831652538253
17 0.0018869457585405536
18 0.0009489977213818717
19 0.00013212323419503196
23 0.00296424296470024
33 0.00033993182475120415
34 0.00013031629576506
36 0.00024889158810598606
37 0.00020975981940966445
38 0.000005801646248097621
39 0.000009267556912609724
40 0.000006004172593355159
41 0.000007426561074872202
43 0.000008243075158511493
44 0.00013635553537529827
46 0.00045857699326722653
47 0.00045141279616464847
49 0.000041620673939093223
51 0.00004686777384075253
56 0.00006477729821638932
57 0.0001250684069607151
63 0.0000037855318677072396
65 0.00003546283794272714
66 0.0003725611939488195
67 0.00004203784642398019
69 0.00023724943034546792
70 0.00035233775638020634
71 0.00012561808978093188
84 0.0002130879622223576
114 0.00021141259586679695
125 0.0008047533925478269
143 0.0016499447534663945
150 0.00035621126149020904
151 0.0006719392066499634
160 0.0003604749885585761
180 0.00005682431219851005
243 0.000264773477364449
251 0.0006600847596749821
310 0.00016226697770759457
352 0.0011832980913394203
360 0.00019339166635443979
439 0.0033145698097603394
452 0.0002764565099464942
496 0.0004929832974362684
498 0.0003558910215031841
576 0.0006172337515594486
803 0.0005194705449015992
851 0.00008185705212231243
1001 0.00030739717354226806
1034 0.0006813094475963223
2722 0.00041790813825628515
4120 0.0011370335888235062
4128 0.0005587052342654505