13 0.000019487324150714776
33 0.00011331060825040136
34 0.000043438765255019996
36 0.00012444579405299303
37 0.0020975981940966446
38 0.000005801646248097621
39 0.000004633778456304862
40 0.000006004172593355159
41 0.000007426561074872202
43 0.00001236461273776724
44 0.00013635553537529827
46 0.0001834307973068906
47 0.00018056511846585937
49 0.000041620673939093223
51 0.00004686777384075253
63 0.0000037855318677072396
65 0.00007092567588545428
66 0.00018628059697440975
72 0.0014114115138616338
87 0.001513250142302388
125 0.0002682511308492756
150 0.0021372675689412543
177 0.0009096072276162738
180 0.00005682431219851005
226 0.0004098622713982304
253 0.0002472323099654942
392 0.0011877353727907164
851 0.00008185705212231243
868 0.0002709256892452844
1001 0.00030739717354226806
1037 0.0002709256892452844
1153 0.0004120699366150429
1154 0.0011881759109420651
1178 0.0013015497867650057
1450 0.001302749958295905
1468 0.0004120699366150429
1788 0.0008241398732300858
2063 0.00040116683707882124