1 0.0002619336387177524
9 0.00023858277221570697
13 0.00012341971962119357
14 0.00025254616640991854
15 0.0002564879550388143
16 0.00022637494957614764
30 0.0013309590680735193
33 0.00033993182475120415
34 0.00008687753051003999
36 0.00012444579405299303
37 0.0004195196388193289
38 0.000011603292496195242
39 0.000009267556912609724
40 0.00000900625889003274
41 0.000018566402687180508
43 0.00004121537579255747
45 0.00012982121229608657
49 0.00008324134787818645
51 0.00009373554768150506
56 0.00012955459643277864
63 0.000007571063735414479
65 0.00005319425691409072
67 0.00008407569284796038
89 0.00009505729945367397
97 0.00023454039050719067
113 0.00011133348371866765
115 0.0002059878583080766
124 0.00009942778247685315
131 0.0004092519030008361
144 0.0005074271160050014
159 0.0001776836714179443
180 0.00005682431219851005
226 0.0002049311356991152
254 0.0008544448391450592
255 0.00017273030805218352
261 0.000467744766116719
264 0.0006325775717308665
277 0.00019930090227324488
307 0.00045100831818119485
310 0.00016226697770759457
318 0.0005908656000986806
360 0.0007735666654177591
396 0.0007678541784258615
401 0.000543302192065155
411 0.00022304017535425432
412 0.00028729384230050906
413 0.00024142866684252312
445 0.002081125553067198
494 0.00039064417040638865
496 0.0002464916487181342
586 0.0036226835606248072
590 0.0003672140565768559
649 0.0003960586369806884
652 0.0004737399020075509
669 0.00012589385831905585
689 0.0008609827766498793
746 0.0003672140565768559
780 0.003775208863403447
826 0.0004272224195725296
851 0.0002455711563669373
868 0.0002709256892452844
879 0.0002958245228348551
1060 0.0002852508106156339
1062 0.00025810086072372616
1069 0.0006534821266696528
1070 0.0003541015143419739
1073 0.00046465581618336337
1085 0.000393582208037624
1100 0.00040116683707882124
1133 0.00048355146215385347
1208 0.0007082030286839478
1210 0.001117410468530901
1211 0.0016761157027963517
1213 0.0011370335888235062
1223 0.0009775367596641168
1224 0.0008965753262562775
1478 0.000499919615209078
1479 0.00038643965984885517
1528 0.00043730308863810597
1781 0.0005644974486379127
1964 0.0007881489921597373
2630 0.0007384474589275524
2733 0.0006758309323565803
2779 0.0007881489921597373
3085 0.001236436655287876
4138 0.000873114324417637
4139 0.0007384474589275524
4140 0.000873114324417637
4141 0.000873114324417637
4142 0.0006345864806991627
4143 0.000873114324417637
4144 0.001746228648835274
4145 0.001746228648835274
4146 0.0012075611868749357
4147 0.0011370335888235062
4148 0.0014063673198036752