0 0.00019243773886705868
1 0.0001309668193588762
9 0.00013633301269468968
13 0.00003247887358452463
14 0.0005050923328198371
15 0.0005129759100776286
16 0.00007545831652538253
17 0.0033965023653729966
18 0.0014234965820728077
19 0.0002642464683900639
23 0.00045603737918465233
24 0.0005685167944117531
27 0.00033751149866781817
33 0.00022662121650080273
34 0.000043438765255019996
36 0.00008296386270199534
38 0.000008702469372146433
39 0.00002316889228152431
40 0.00001801251778006548
41 0.000014853122149744404
42 0.00015433140917806565
43 0.000008243075158511493
44 0.00013635553537529827
49 0.00012486202181727967
51 0.00004686777384075253
55 0.00009700475713476236
60 0.0002572917550567303
63 0.00000567829780156086
65 0.00007092567588545428
67 0.00004203784642398019
71 0.00025123617956186376
76 0.0008015055921551466
84 0.0002130879622223576
89 0.00019011459890734794
100 0.0004589124519785678
104 0.00016413845014333722
107 0.0002049311356991152
138 0.0003775208863403447
146 0.000264773477364449
159 0.0001776836714179443
179 0.000925850627339173
180 0.00005682431219851005
183 0.00083251612704961
236 0.0025609387591521465
249 0.007342353537128249
251 0.00022002825322499402
258 0.0011881759109420651
259 0.0015534920552852367
261 0.000467744766116719
277 0.00009965045113662244
321 0.00048355146215385347
360 0.00038678333270887957
391 0.0019418214978747085
399 0.0008908015295930374
411 0.00044608035070850863
435 0.0004603543550640608
445 0.0009249446902520878
475 0.002003876490649578
480 0.0003672140565768559
518 0.0006534821266696528
539 0.00045217938883475555
555 0.0002457554359134993
579 0.0004942172352587358
585 0.0003911548205288988
596 0.00043049138832493966
613 0.0005194705449015992
641 0.0027550754562633683
652 0.0004737399020075509
669 0.0002517877166381117
741 0.0010570132691406192
811 0.00045217938883475555
851 0.00008185705212231243
870 0.0031380136418969716
902 0.0007507780456123224
1028 0.0017705075717098697
1029 0.00023724943034546792
1037 0.0002709256892452844
1263 0.0005188152611795682
1300 0.000505900267840781
1301 0.0004942172352587358
1409 0.0005908656000986806
1603 0.00040116683707882124
1845 0.0007384474589275524
1971 0.000618218327643938
2021 0.000499919615209078
2409 0.0006345864806991627
2614 0.0006758309323565803
3001 0.0023634624003947224
4090 0.0006345864806991627
4149 0.0006534821266696528
4150 0.001746228648835274
4151 0.000873114324417637
4152 0.002619342973252911
4153 0.000873114324417637
4154 0.000873114324417637
4155 0.0006534821266696528
4156 0.000873114324417637
4157 0.000873114324417637
4158 0.000873114324417637
4159 0.000873114324417637
4160 0.002619342973252911
4161 0.000873114324417637
4162 0.000873114324417637
4163 0.000873114324417637
4164 0.000873114324417637