1 0.0002619336387177524
9 0.00010224975952101728
13 0.00003247887358452463
21 0.0001430533573344265
22 0.0001341735889149772
34 0.000043438765255019996
36 0.00012444579405299303
37 0.0004195196388193289
38 0.000014504115620244055
39 0.000013901335368914586
40 0.00000900625889003274
41 0.000018566402687180508
43 0.000037093838213301725
49 0.000041620673939093223
51 0.00009373554768150506
63 0.0000094638296692681
65 0.00008865709485681788
66 0.00009314029848720488
67 0.00012611353927194057
71 0.00012561808978093188
104 0.00016413845014333722
113 0.00011133348371866765
125 0.0002682511308492756
144 0.0006765694880066684
150 0.00017810563074510452
160 0.0003604749885585761
171 0.0001368611790876869
180 0.00005682431219851005
196 0.0001675808341520189
255 0.00017273030805218352
263 0.0002338723830583595
273 0.000549621148441263
277 0.00019930090227324488
286 0.0007951009796785268
288 0.00022801868959232616
307 0.00022550415909059743
310 0.00016226697770759457
366 0.0006845141746292599
396 0.0005758906338193962
457 0.0005872711056353866
464 0.000787164416075248
491 0.00031109330472278875
493 0.0009381615620287627
494 0.0013672545964223603
505 0.0006719392066499634
506 0.0005983661268631681
508 0.0008047533925478269
512 0.0025401001867573682
642 0.0007775491394993024
649 0.0003960586369806884
669 0.00012589385831905585
671 0.0002597352724507996
690 0.0004942172352587358
709 0.0005454834171728783
751 0.003222480485448426
851 0.00032742820848924973
928 0.001604667348315285
980 0.00036332233087023905
1084 0.00036920725599727517
1120 0.0011789006066702562
1310 0.00036332233087023905
1376 0.0004942172352587358
1395 0.0006958000411585592
1396 0.0018460362799863762
1398 0.0008076060951483175
1411 0.0005121877518304292
1594 0.000549621148441263
1847 0.0006345864806991627
2014 0.0030949260732489525
2665 0.0013069642533393056
3676 0.0007031836599018376
3826 0.0005188152611795682
4165 0.009457787905916849
4166 0.0006758309323565803
4167 0.0007031836599018376
4168 0.003492457297670548
4169 0.000424038368775366
4170 0.0005791825675166354
4171 0.0007031836599018376
4172 0.0005258216860189834
4173 0.001746228648835274