0 0.00019243773886705868
1 0.0001309668193588762
2 0.00017273030805218352
5 0.0002365665368606119
6 0.0002400196965770493
7 0.000233207996263883
13 0.000019487324150714776
28 0.00025332444879269114
33 0.00011331060825040136
34 0.000043438765255019996
36 0.0002074096567549884
38 0.000005801646248097621
39 0.000009267556912609724
40 0.000012008345186710319
41 0.000014853122149744404
42 0.000051443803059355216
43 0.000016486150317022987
45 0.0005192848491843463
52 0.00028994739050714656
58 0.0008237551125322549
59 0.000602379158534602
60 0.0002572917550567303
61 0.00035285287846540845
63 0.00000567829780156086
64 0.00018731984297588175
65 0.00001773141897136357
66 0.00009314029848720488
67 0.00008407569284796038
68 0.0017489099266260106
71 0.00012561808978093188
81 0.0016416638267796638
85 0.0007307188851000811
97 0.00023454039050719067
100 0.0007648540866309464
118 0.0006052724462960429
123 0.000376469232703808
124 0.00009942778247685315
159 0.0003553673428358886
160 0.00018023749427928805
165 0.00022550415909059743
191 0.0005188152611795682
192 0.000648573141485873
223 0.003556125616212407
225 0.00042093493558288133
229 0.0005121877518304292
263 0.0002338723830583595
267 0.0008350709958370184
392 0.0002969338431976791
411 0.00022304017535425432
445 0.0004624723451260439
476 0.00045619873460859607
497 0.00035368817101790026
606 0.0005685167944117531
703 0.0002862680700927968
704 0.000618218327643938
850 0.0003960586369806884
911 0.0024724196196902574
921 0.002619342973252911
922 0.0021865154431905303
923 0.007858028919758734
924 0.003940744960798687
925 0.011350486217429281
926 0.004054985594139482
927 0.001099242296882526
928 0.0008023336741576425
929 0.0014768949178551047
930 0.000873114324417637
931 0.000873114324417637
932 0.001746228648835274
933 0.000618218327643938
934 0.0015762979843194746
935 0.000873114324417637
936 0.000873114324417637
937 0.000873114324417637
938 0.000873114324417637
939 0.000873114324417637
940 0.0006345864806991627
941 0.000873114324417637
942 0.00043730308863810597