9 0.00013633301269468968
12 0.0005129759100776286
13 0.00003897464830142955
14 0.00025254616640991854
15 0.0002564879550388143
16 0.00015091663305076506
30 0.00022182651134558653
34 0.00026063259153012
36 0.00016592772540399069
38 0.000005801646248097621
39 0.000009267556912609724
40 0.00000900625889003274
41 0.000011139841612308305
43 0.00002472922547553448
44 0.0003408888384382457
45 0.0003894636368882597
48 0.0002630873261503125
49 0.00020810336969546614
51 0.0001406033215222576
63 0.0000037855318677072396
65 0.00003546283794272714
69 0.00023724943034546792
70 0.00035233775638020634
71 0.0005024723591237275
89 0.00009505729945367397
113 0.0004453339348746706
160 0.00018023749427928805
180 0.00005682431219851005
185 0.0010625347393958431
186 0.0005050923328198371
222 0.0003841483956894837
226 0.0008197245427964607
259 0.00025891534254753946
271 0.0005983661268631681
274 0.004919315555849785
277 0.00009965045113662244
279 0.00022929556638299245
287 0.0005162017214474523
352 0.0002958245228348551
360 0.00019339166635443979
365 0.0008544448391450592
368 0.00018686500362842702
375 0.00025891534254753946
391 0.0013870153556247917
392 0.0002969338431976791
401 0.000543302192065155
413 0.00024142866684252312
416 0.0015554665236139438
430 0.00022365154352182467
439 0.0006629139619520678
445 0.00023123617256302196
457 0.0002936355528176933
475 0.004294021051391953
493 0.0011727019525359535
594 0.0003438806748054391
625 0.00048355146215385347
649 0.0003960586369806884
666 0.00032568748957397626
669 0.0005035754332762234
715 0.0004092519030008361
851 0.00008185705212231243
868 0.0002709256892452844
893 0.0003775208863403447
908 0.0007305054994379872
928 0.001203500511236464
960 0.002705820334332479
1001 0.00030739717354226806
1062 0.00025810086072372616
1388 0.0003753890228061612
1413 0.0004149542829511784
1495 0.0009382274558947666
1529 0.0003818991754555788
1538 0.0009293116323667267
1781 0.0011289948972758254
2021 0.000499919615209078
2148 0.00044828766312813873
2447 0.0007971722597919076
2866 0.0006534821266696528
3058 0.0005908656000986806
3208 0.002043928342788967
3221 0.0006758309323565803
3341 0.003172932403495814
4137 0.00048355146215385347
4174 0.0037093099658636283
4175 0.0018546549829318141
4176 0.011034085890236325
4177 0.0006758309323565803
4178 0.0007031836599018376
4179 0.0007384474589275524
4180 0.0006345864806991627
4181 0.0007881489921597373
4182 0.000873114324417637
4183 0.0007031836599018376
4184 0.000873114324417637
4185 0.0006345864806991627