1 0.0003929004580766286
9 0.00010224975952101728
13 0.000012991549433809848
16 0.00015091663305076506
21 0.000286106714668853
22 0.0002683471778299544
34 0.00013031629576506
36 0.00004148193135099767
38 0.000005801646248097621
39 0.000018535113825219447
40 0.000015010431483387899
41 0.000011139841612308305
43 0.000037093838213301725
44 0.00027271107075059654
45 0.00012982121229608657
48 0.0002630873261503125
49 0.00012486202181727967
51 0.00009373554768150506
55 0.0006790332999433367
60 0.0002572917550567303
63 0.0000037855318677072396
65 0.00003546283794272714
67 0.00008407569284796038
69 0.00023724943034546792
70 0.00035233775638020634
71 0.00012561808978093188
72 0.0026463965884905636
76 0.0002671685307183822
87 0.0024590314812413805
104 0.00016413845014333722
177 0.0007580060230135615
180 0.00005682431219851005
196 0.0001675808341520189
208 0.0029537898357102094
286 0.0001987752449196317
287 0.0005162017214474523
304 0.00026056072380914035
306 0.00043049138832493966
310 0.00032453395541518913
352 0.0002958245228348551
360 0.00019339166635443979
391 0.0011096122844998333
401 0.00108660438413031
413 0.00024142866684252312
416 0.0006221866094455775
430 0.00022365154352182467
475 0.003435216841113562
493 0.0018763231240575254
555 0.0002457554359134993
563 0.0011370335888235062
675 0.0012691729613983254
772 0.0002597352724507996
851 0.00008185705212231243
1028 0.0010623045430259218
1029 0.00023724943034546792
1037 0.0002709256892452844
1395 0.0001739500102896398
1965 0.0007031836599018376
2378 0.0003003233420124021
2447 0.0003985861298959538
2605 0.0011817312001973612
2743 0.0007881489921597373
2997 0.0006345864806991627
3496 0.0014768949178551047
3777 0.0004785475402955236
4186 0.000873114324417637
4187 0.0007881489921597373
4188 0.001746228648835274
4189 0.0007881489921597373
4190 0.000873114324417637
4191 0.0007384474589275524
4192 0.0005258216860189834