9 0.00017041626586836213
13 0.0000779492966028591
16 0.00015091663305076506
34 0.00030407135678514
36 0.00008296386270199534
37 0.0006292794582289934
38 0.000005801646248097621
39 0.000009267556912609724
40 0.000012008345186710319
41 0.000011139841612308305
42 0.000051443803059355216
43 0.00001236461273776724
44 0.00013635553537529827
46 0.0003210038952870586
47 0.00031598895731525394
48 0.00013154366307515625
49 0.00012486202181727967
51 0.0001406033215222576
63 0.0000037855318677072396
65 0.00001773141897136357
66 0.00018628059697440975
67 0.00004203784642398019
71 0.00012561808978093188
84 0.001065439811111788
89 0.00019011459890734794
113 0.0002226669674373353
150 0.0005343168922353136
159 0.0001776836714179443
160 0.0007209499771171522
165 0.0006765124772717924
180 0.00005682431219851005
229 0.0005121877518304292
299 0.0009474798040151018
309 0.0003003233420124021
401 0.00018110073068838497
416 0.0006221866094455775
467 0.00034552605606704003
469 0.0005332529953860384
517 0.0007031836599018376
520 0.0003237921753424907
540 0.0003471938241542892
550 0.00025332444879269114
592 0.0007881489921597373
671 0.0002597352724507996
690 0.0004942172352587358
703 0.0002862680700927968
706 0.0012691729613983254
746 0.0003672140565768559
851 0.00008185705212231243
889 0.00632865293911654
1001 0.00030739717354226806
1028 0.0007082030286839478
1095 0.0004120699366150429
1479 0.00038643965984885517
1781 0.00028224872431895635
1814 0.001903759442097488
3077 0.014186681858875274
3208 0.00034065472379816113
4128 0.0005587052342654505
4193 0.000873114324417637
4194 0.0005908656000986806
4195 0.001746228648835274
4196 0.00611180027092346
4197 0.0007384474589275524
4198 0.00611180027092346
4199 0.00611180027092346