1 0.0001309668193588762
9 0.00023858277221570697
13 0.00009743662075357388
17 0.0003773891517081107
18 0.004744988606909359
19 0.000924862639365224
28 0.00025332444879269114
33 0.00022662121650080273
34 0.00008687753051003999
36 0.00012444579405299303
38 0.000005801646248097621
39 0.000013901335368914586
40 0.00000900625889003274
41 0.000011139841612308305
42 0.00015433140917806565
43 0.00001236461273776724
44 0.00013635553537529827
46 0.00027514619596033594
47 0.00027084767769878907
49 0.000041620673939093223
51 0.00004686777384075253
55 0.00009700475713476236
56 0.00012955459643277864
57 0.0001250684069607151
63 0.0000037855318677072396
65 0.00005319425691409072
67 0.00008407569284796038
68 0.0005829699755420034
69 0.00023724943034546792
71 0.00012561808978093188
88 0.00024872719512041187
100 0.00015297081732618925
104 0.00032827690028667443
113 0.00011133348371866765
124 0.00009942778247685315
149 0.0003732936031739842
150 0.0017810563074510454
158 0.0008527257712181266
165 0.00022550415909059743
171 0.0002737223581753738
180 0.00005682431219851005
196 0.0003351616683040378
243 0.000264773477364449
277 0.00019930090227324488
286 0.0001987752449196317
289 0.002227400414104179
310 0.00032453395541518913
360 0.00019339166635443979
430 0.000670954630565474
493 0.00023454039050719067
494 0.0015625766816255546
496 0.0004929832974362684
614 0.0005121877518304292
648 0.0028815965149227864
662 0.0004408563537610837
666 0.000977062468721929
669 0.0002517877166381117
687 0.0005258216860189834
779 0.0012105448925920858
787 0.0004737399020075509
851 0.00008185705212231243
858 0.000737266307740498
1007 0.000787164416075248
1058 0.00044828766312813873
1120 0.0005894503033351281
1479 0.00038643965984885517
1705 0.0004149542829511784
2175 0.0007031836599018376
2378 0.0003003233420124021
3601 0.0003672140565768559
3928 0.0011261670684184837
4200 0.0006345864806991627
4201 0.004691137279473834
4202 0.0018113417803124036