9 0.00013633301269468968
13 0.00005196619773523939
19 0.0002642464683900639
34 0.000043438765255019996
36 0.00008296386270199534
38 0.000005801646248097621
39 0.000013901335368914586
40 0.00000900625889003274
41 0.000011139841612308305
42 0.00015433140917806565
43 0.000016486150317022987
44 0.00013635553537529827
46 0.0001834307973068906
47 0.00018056511846585937
51 0.00004686777384075253
63 0.0000037855318677072396
65 0.00001773141897136357
66 0.00009314029848720488
67 0.00004203784642398019
68 0.0002914849877710017
73 0.00019291377466338104
76 0.0013358426535919111
81 0.0018240709186440709
89 0.00009505729945367397
104 0.00016413845014333722
136 0.0002925555540824451
150 0.0005343168922353136
165 0.00022550415909059743
171 0.0001368611790876869
180 0.00005682431219851005
264 0.00021085919057695548
368 0.00018686500362842702
494 0.002343865022438332
551 0.0002832412727662006
691 0.0003038092374917516
851 0.00008185705212231243
858 0.0012287771795674966
993 0.00043049138832493966
1120 0.00029472515166756405
1153 0.0004120699366150429
1154 0.0003960586369806884
1264 0.0023232790809168172
1395 0.0003479000205792796
1511 0.0004408563537610837
2063 0.00040116683707882124
4202 0.0012075611868749357
4203 0.000505900267840781
4204 0.00045619873460859607
4205 0.0005188152611795682
4206 0.000873114324417637