9 0.00020449951904203455
13 0.000012991549433809848
16 0.00007545831652538253
18 0.00023724943034546792
19 0.00039636970258509594
21 0.0001430533573344265
22 0.0005366943556599089
34 0.000043438765255019996
38 0.000008702469372146433
39 0.000004633778456304862
40 0.000006004172593355159
41 0.000014853122149744404
42 0.000051443803059355216
43 0.000020607687896278735
51 0.00009373554768150506
63 0.00000567829780156086
65 0.00001773141897136357
67 0.00004203784642398019
73 0.00019291377466338104
81 0.0005472212755932213
89 0.00009505729945367397
104 0.0006565538005733489
122 0.00018417084982617462
130 0.00027274170858643915
138 0.0003775208863403447
144 0.0006765694880066684
146 0.000264773477364449
160 0.00018023749427928805
179 0.0012344675031188972
347 0.0002479774737404859
411 0.00044608035070850863
671 0.0002597352724507996
716 0.0003136207976380542
825 0.002023601071363124
851 0.00016371410424462487
1029 0.00047449886069093585
1037 0.0002709256892452844
1062 0.00025810086072372616
1070 0.0003541015143419739
1086 0.0005258216860189834
1120 0.00029472515166756405
1395 0.0003479000205792796
1586 0.0003775208863403447
1788 0.0004120699366150429
2378 0.0003003233420124021
3163 0.0023634624003947224
3601 0.0003672140565768559
4202 0.0006037805934374678
4207 0.006984914595341096
4208 0.0015762979843194746
4209 0.003492457297670548
4210 0.001746228648835274
4211 0.000873114324417637
4212 0.000873114324417637
4213 0.000873114324417637
4214 0.000873114324417637
4215 0.000873114324417637
4216 0.001999678460836312