9 0.00013633301269468968
13 0.000012991549433809848
19 0.0002642464683900639
21 0.0001430533573344265
22 0.0001341735889149772
26 0.00012343399523364164
34 0.00008687753051003999
36 0.00004148193135099767
38 0.000008702469372146433
39 0.000013901335368914586
40 0.00000900625889003274
41 0.000011139841612308305
43 0.000016486150317022987
51 0.00004686777384075253
63 0.00000567829780156086
65 0.00003546283794272714
67 0.00004203784642398019
97 0.00023454039050719067
102 0.00025332444879269114
135 0.00029805329448025724
165 0.00022550415909059743
171 0.0001368611790876869
179 0.000925850627339173
180 0.00005682431219851005
245 0.000181970089392662
261 0.0002338723830583595
264 0.00021085919057695548
391 0.0011096122844998333
475 0.001717608420556781
851 0.00016371410424462487
1062 0.00025810086072372616
1120 0.00029472515166756405
1178 0.0017353997156866743
1325 0.0009370516107240867
1586 0.0015100835453613788
1788 0.0004120699366150429
2640 0.00043730308863810597
3208 0.00034065472379816113
4201 0.00140734118384215
4202 0.0012075611868749357
4217 0.000873114324417637
4218 0.0006758309323565803
4219 0.0017055503832352594
4220 0.000873114324417637
4221 0.0004887683798320584
4222 0.00045217938883475555
4223 0.00044451570202655086
4224 0.0005411640668664958