9 0.00020449951904203455
13 0.000025983098867619697
14 0.00025254616640991854
19 0.0002642464683900639
21 0.000286106714668853
22 0.0001341735889149772
33 0.00011331060825040136
34 0.00008687753051003999
36 0.00004148193135099767
38 0.000005801646248097621
39 0.000013901335368914586
40 0.000012008345186710319
41 0.000011139841612308305
42 0.00010288760611871043
43 0.000016486150317022987
44 0.00013635553537529827
45 0.00012982121229608657
46 0.00027514619596033594
47 0.00027084767769878907
49 0.000041620673939093223
51 0.00009373554768150506
52 0.00028994739050714656
55 0.00009700475713476236
56 0.00019433189464916796
57 0.0001250684069607151
60 0.0002572917550567303
63 0.0000037855318677072396
65 0.00001773141897136357
67 0.00008407569284796038
76 0.0008015055921551466
81 0.0014592567349152566
87 0.0001891562677877985
89 0.00009505729945367397
100 0.0003059416346523785
104 0.0006565538005733489
114 0.00021141259586679695
130 0.00027274170858643915
144 0.0006765694880066684
146 0.000264773477364449
160 0.00018023749427928805
165 0.00022550415909059743
171 0.0001368611790876869
177 0.00015160120460271228
179 0.0015430843788986218
180 0.00005682431219851005
192 0.0003242865707429365
196 0.0005027425024560568
243 0.000264773477364449
255 0.0008636515402609177
273 0.000549621148441263
277 0.00009965045113662244
287 0.0005162017214474523
294 0.0003985861298959538
310 0.0014604027993683514
367 0.0002673724241223067
368 0.00018686500362842702
411 0.00044608035070850863
437 0.00032153186911851154
493 0.00023454039050719067
494 0.0009766104260159718
506 0.0023934645074526724
515 0.0005258216860189834
520 0.00016189608767124534
542 0.000499919615209078
614 0.0005121877518304292
669 0.00012589385831905585
670 0.0003329428059983855
671 0.0002597352724507996
803 0.0002597352724507996
851 0.00008185705212231243
868 0.0005418513784905688
980 0.00036332233087023905
1062 0.0005162017214474523
1084 0.00036920725599727517
1100 0.0008023336741576425
1120 0.0014736257583378206
1224 0.0008965753262562775
1312 0.000618218327643938
1320 0.001648863445323789
1325 0.003123505369080289
1395 0.0001739500102896398
1396 0.00036920725599727517
1415 0.0007031836599018376
1596 0.0004603543550640608
1666 0.0011583651350332708
1796 0.0006037805934374678
2398 0.001793150652512555
2407 0.0011817312001973612
2577 0.0006758309323565803
2722 0.00041790813825628515
2764 0.001236436655287876
3502 0.00036332233087023905
4202 0.0030189029671873397
4205 0.0010376305223591363
4225 0.000873114324417637
4226 0.0007881489921597373
4227 0.000873114324417637
4228 0.000873114324417637
4229 0.000873114324417637
4230 0.0007881489921597373