9 0.00030674927856305184
13 0.00003247887358452463
21 0.0001430533573344265
22 0.0005366943556599089
34 0.00013031629576506
38 0.000005801646248097621
39 0.000032436449194134037
40 0.00000900625889003274
41 0.000014853122149744404
42 0.00015433140917806565
43 0.00002472922547553448
44 0.00013635553537529827
45 0.00025964242459217314
46 0.00027514619596033594
47 0.00027084767769878907
49 0.00008324134787818645
51 0.00004686777384075253
55 0.00009700475713476236
56 0.00006477729821638932
57 0.0001250684069607151
63 0.0000037855318677072396
65 0.00003546283794272714
66 0.00018628059697440975
67 0.00025222707854388114
71 0.00012561808978093188
104 0.0016413845014333725
123 0.000188234616351904
124 0.00009942778247685315
125 0.0005365022616985512
158 0.0005684838474787511
171 0.0001368611790876869
180 0.0001136486243970201
255 0.00017273030805218352
261 0.0007016171491750785
275 0.0004120699366150429
277 0.00009965045113662244
310 0.0008113348885379729
401 0.00018110073068838497
442 0.0003242865707429365
555 0.0002457554359134993
638 0.0008023336741576425
669 0.0003776815749571676
678 0.0004603543550640608
691 0.0003038092374917516
729 0.0009382274558947666
851 0.00008185705212231243
863 0.00036920725599727517
928 0.00040116683707882124
980 0.00036332233087023905
1037 0.0002709256892452844
1120 0.00029472515166756405
1153 0.0004120699366150429
1178 0.002169249644608343
1321 0.0009813138130714298
1325 0.0006247010738160577
1328 0.0056656242294715825
1529 0.0003818991754555788
1785 0.0006099871709657873
2063 0.00040116683707882124
2953 0.0007031836599018376
4202 0.0018113417803124036
4231 0.010245936898076586
4232 0.000873114324417637
4233 0.000873114324417637
4234 0.000873114324417637
4235 0.000873114324417637
4236 0.0004942172352587358
4237 0.000873114324417637
4238 0.000873114324417637
4239 0.000873114324417637
4240 0.000873114324417637
4241 0.0007881489921597373
4242 0.000873114324417637
4243 0.000873114324417637