2 0.00017273030805218352
9 0.00010224975952101728
10 0.010789615742789816
12 0.004873271145737473
13 0.000019487324150714776
17 0.0003773891517081107
18 0.00023724943034546792
19 0.00013212323419503196
21 0.0001430533573344265
22 0.001207562300234795
33 0.00011331060825040136
34 0.000043438765255019996
36 0.00012444579405299303
38 0.000005801646248097621
39 0.000013901335368914586
40 0.00000900625889003274
41 0.000011139841612308305
42 0.00010288760611871043
43 0.00001236461273776724
44 0.00013635553537529827
45 0.00025964242459217314
46 0.00022928849663361327
47 0.00022570639808232424
49 0.000041620673939093223
51 0.00004686777384075253
55 0.00009700475713476236
56 0.00006477729821638932
57 0.0001250684069607151
63 0.0000037855318677072396
65 0.00003546283794272714
67 0.00004203784642398019
104 0.00016413845014333722
126 0.003545193600592084
127 0.00041790813825628515
133 0.0017055503832352594
177 0.00030320240920542457
180 0.00005682431219851005
226 0.0002049311356991152
255 0.00017273030805218352
271 0.006282844332063266
277 0.0005979027068197347
288 0.0006840560687769785
347 0.0012398873687024298
396 0.0005758906338193962
442 0.0003242865707429365
495 0.0003753890228061612
496 0.0002464916487181342
520 0.0003237921753424907
546 0.0004120699366150429
564 0.0044479551173286225
648 0.002241241733828834
662 0.0004408563537610837
669 0.00012589385831905585
746 0.0007344281131537118
753 0.0002783569986123394
803 0.0005194705449015992
851 0.00008185705212231243
858 0.0002457554359134993
993 0.0017219655532997587
1007 0.000787164416075248
1052 0.0005258216860189834
1153 0.0004120699366150429
1154 0.0003960586369806884
1280 0.0006513749791479525
1290 0.0021776531330595216
1468 0.006181049049225644
1785 0.0006099871709657873
2063 0.0036105015337093917
2269 0.0006345864806991627
3601 0.0007344281131537118
4149 0.008495267646705487
4202 0.0006037805934374678
4226 0.0023644469764792122
4244 0.0031525959686389492
4245 0.0006345864806991627
4246 0.0007384474589275524
4247 0.0006534821266696528