9 0.00027266602538937937
13 0.000012991549433809848
19 0.00039636970258509594
33 0.00022662121650080273
34 0.00017375506102007999
36 0.00008296386270199534
38 0.000005801646248097621
39 0.000013901335368914586
40 0.000012008345186710319
41 0.000011139841612308305
42 0.00010288760611871043
43 0.000020607687896278735
44 0.00013635553537529827
46 0.00022928849663361327
47 0.00022570639808232424
49 0.000041620673939093223
51 0.00004686777384075253
55 0.00009700475713476236
56 0.00006477729821638932
57 0.0001250684069607151
63 0.0000037855318677072396
65 0.00001773141897136357
67 0.00004203784642398019
81 0.00018240709186440708
100 0.000611883269304757
165 0.00022550415909059743
171 0.0001368611790876869
179 0.0021603181304580706
180 0.0001136486243970201
247 0.00026056072380914035
261 0.0002338723830583595
360 0.00019339166635443979
669 0.00012589385831905585
851 0.00008185705212231243
1062 0.0005162017214474523
1120 0.00029472515166756405
1264 0.00046465581618336337
1325 0.0015617526845401444
1803 0.0004942172352587358
2021 0.000499919615209078
2640 0.0008746061772762119
2705 0.0012691729613983254
2989 0.001236436655287876
3350 0.003379154661782902
4202 0.0006037805934374678
4221 0.0009775367596641168
4248 0.004219101959411027
4249 0.0007881489921597373
4250 0.000873114324417637
4251 0.000873114324417637
4252 0.0006534821266696528
4253 0.0006037805934374678
4254 0.0006534821266696528
4255 0.000873114324417637