2 0.00017273030805218352
9 0.00034083253173672426
12 0.0002564879550388143
13 0.000025983098867619697
16 0.00007545831652538253
19 0.0002642464683900639
21 0.0001430533573344265
34 0.0002171938262751
36 0.00008296386270199534
37 0.0004195196388193289
38 0.000005801646248097621
39 0.000013901335368914586
40 0.00000900625889003274
41 0.000011139841612308305
42 0.000051443803059355216
43 0.000016486150317022987
44 0.00013635553537529827
46 0.0004127192939405039
47 0.00040627151654818366
49 0.000041620673939093223
55 0.00019400951426952473
56 0.00012955459643277864
57 0.0002501368139214302
59 0.000602379158534602
63 0.00000567829780156086
65 0.00003546283794272714
66 0.00027942089546161464
67 0.00012611353927194057
71 0.00012561808978093188
72 0.0005292793176981127
73 0.00019291377466338104
76 0.0002671685307183822
87 0.0001891562677877985
89 0.00019011459890734794
100 0.00015297081732618925
125 0.0005365022616985512
156 0.0004338499289216686
177 0.00015160120460271228
180 0.00005682431219851005
192 0.0003242865707429365
222 0.0003841483956894837
457 0.0005872711056353866
467 0.00034552605606704003
480 0.0003672140565768559
520 0.00016189608767124534
556 0.000505900267840781
691 0.0003038092374917516
715 0.0004092519030008361
747 0.0005188152611795682
851 0.00008185705212231243
863 0.00036920725599727517
901 0.002842583972058766
1030 0.0017353997156866743
1395 0.0001739500102896398
1417 0.0003911548205288988
1529 0.0011456975263667364
1586 0.0015100835453613788
1785 0.00030499358548289365
2085 0.0003672140565768559
2378 0.0003003233420124021
2992 0.00048355146215385347
3928 0.0007507780456123224
4256 0.0066460271303479725
4257 0.0003887745697496512