1 0.0001309668193588762
2 0.00017273030805218352
9 0.00034083253173672426
13 0.00005846197245214433
16 0.00007545831652538253
17 0.0003773891517081107
18 0.00047449886069093585
19 0.00013212323419503196
21 0.0004291600720032795
23 0.00022801868959232616
26 0.00012343399523364164
33 0.00022662121650080273
38 0.000008702469372146433
39 0.000013901335368914586
40 0.000012008345186710319
41 0.000018566402687180508
42 0.000051443803059355216
43 0.000016486150317022987
44 0.00013635553537529827
45 0.00012982121229608657
46 0.0004127192939405039
47 0.00040627151654818366
55 0.00009700475713476236
56 0.00006477729821638932
57 0.0001250684069607151
63 0.0000037855318677072396
65 0.00003546283794272714
67 0.00008407569284796038
71 0.00025123617956186376
72 0.00017642643923270423
74 0.00030499358548289365
76 0.0001335842653591911
97 0.00046908078101438134
177 0.00015160120460271228
180 0.0001136486243970201
183 0.0002081290317624025
186 0.00025254616640991854
310 0.00016226697770759457
445 0.00023123617256302196
467 0.00034552605606704003
479 0.0010376305223591363
490 0.0034707994313733486
491 0.0034220263519506764
495 0.0003753890228061612
499 0.006800401604083319
505 0.0013438784132999268
507 0.00027274170858643915
512 0.00031751252334467103
558 0.0007550417726806894
628 0.0009671029243077069
669 0.00012589385831905585
686 0.003631706828256978
691 0.0003038092374917516
709 0.0021819336686915132
851 0.00008185705212231243
852 0.0011663237092489538
988 0.00041790813825628515
1142 0.0005188152611795682
1187 0.00035770704084433884
1328 0.0007082030286839478
1395 0.0001739500102896398
1397 0.0008408622523832819
1519 0.0009293116323667267
1529 0.0011456975263667364
1910 0.0020752610447182726
2014 0.004470448772470708
2346 0.00044828766312813873
2378 0.0003003233420124021
2636 0.00044451570202655086
4192 0.0010516433720379667
4258 0.000873114324417637
4259 0.000873114324417637
4260 0.001746228648835274
4261 0.0005908656000986806
4262 0.000873114324417637
4263 0.000873114324417637