9 0.00017041626586836213
13 0.00003897464830142955
16 0.00007545831652538253
19 0.0002642464683900639
30 0.00022182651134558653
34 0.000043438765255019996
38 0.000008702469372146433
39 0.000027802670737829172
40 0.00000900625889003274
41 0.000011139841612308305
42 0.00010288760611871043
43 0.000016486150317022987
44 0.00013635553537529827
46 0.00022928849663361327
47 0.00022570639808232424
48 0.00013154366307515625
49 0.00008324134787818645
55 0.00009700475713476236
56 0.00012955459643277864
57 0.0001250684069607151
63 0.0000094638296692681
65 0.00003546283794272714
72 0.0007057057569308169
76 0.0010686741228735288
87 0.0001891562677877985
89 0.00009505729945367397
102 0.00025332444879269114
113 0.0002226669674373353
124 0.00009942778247685315
144 0.001522281348015004
150 0.00017810563074510452
177 0.00015160120460271228
196 0.0010054850049121137
226 0.001024655678495576
253 0.0002472323099654942
264 0.00021085919057695548
307 0.00022550415909059743
310 0.00016226697770759457
392 0.0020785369023837543
393 0.00033907303651746636
401 0.000543302192065155
430 0.00022365154352182467
441 0.0006877613496108782
480 0.0011016421697305678
573 0.0001652752038556845
609 0.00043730308863810597
669 0.00012589385831905585
750 0.0010033405873718965
851 0.00008185705212231243
868 0.0018964798247169913
1062 0.0007743025821711785
1321 0.0009813138130714298
1395 0.0001739500102896398
1450 0.0022798124270178343
1701 0.000505900267840781
1788 0.0008241398732300858
3502 0.00036332233087023905
4264 0.0007881489921597373
4265 0.001236436655287876