9 0.00013633301269468968
13 0.00003247887358452463
16 0.00007545831652538253
22 0.0002683471778299544
26 0.00012343399523364164
28 0.00025332444879269114
38 0.000008702469372146433
39 0.000018535113825219447
40 0.00002101460407674306
41 0.000014853122149744404
42 0.00010288760611871043
43 0.000016486150317022987
44 0.00013635553537529827
46 0.0003210038952870586
47 0.00031598895731525394
48 0.00013154366307515625
49 0.00008324134787818645
51 0.0001874710953630101
55 0.00019400951426952473
56 0.00019433189464916796
57 0.0001250684069607151
63 0.000007571063735414479
65 0.00001773141897136357
66 0.0005588417909232293
67 0.00016815138569592077
69 0.00047449886069093585
71 0.00025123617956186376
73 0.00019291377466338104
89 0.0003802291978146959
100 0.00015297081732618925
113 0.0002226669674373353
122 0.00036834169965234924
144 0.0005074271160050014
150 0.00035621126149020904
159 0.0001776836714179443
171 0.0001368611790876869
177 0.0009096072276162738
180 0.0001136486243970201
192 0.0003242865707429365
226 0.0006147934070973456
246 0.00040649720137641123
255 0.00017273030805218352
264 0.00021085919057695548
277 0.00019930090227324488
357 0.002063284048832635
367 0.0002673724241223067
377 0.0006376754306325182
391 0.00166441842674975
430 0.00044730308704364933
475 0.0031489487710207654
497 0.00035368817101790026
520 0.0003237921753424907
540 0.0003471938241542892
554 0.0003985861298959538
613 0.0007792058173523988
669 0.00012589385831905585
670 0.000665885611996771
743 0.000499919615209078
851 0.00008185705212231243
1093 0.00036920725599727517
1154 0.0015842345479227535
1280 0.0006513749791479525
1395 0.0005218500308689194
2082 0.009660489494999485
2427 0.004266023963088307
2446 0.002703323729426321
2805 0.010338264424985736
3777 0.0004785475402955236
4148 0.003515918299509189
4266 0.009457787905916849
4267 0.007093340929437637
4268 0.000873114324417637