9 0.00013633301269468968
12 0.0005129759100776286
13 0.000012991549433809848
22 0.0002683471778299544
37 0.00020975981940966445
38 0.000008702469372146433
39 0.000013901335368914586
40 0.000012008345186710319
41 0.000011139841612308305
42 0.00010288760611871043
43 0.000020607687896278735
44 0.00013635553537529827
46 0.00027514619596033594
47 0.00027084767769878907
48 0.00013154366307515625
49 0.00008324134787818645
55 0.00048502378567381193
56 0.00006477729821638932
57 0.0001250684069607151
63 0.00000567829780156086
65 0.00001773141897136357
66 0.00009314029848720488
76 0.0001335842653591911
87 0.0001891562677877985
104 0.00016413845014333722
113 0.00011133348371866765
123 0.000188234616351904
124 0.00009942778247685315
151 0.0003359696033249817
175 0.0003753890228061612
180 0.0001136486243970201
237 0.0003558910215031841
260 0.0003818991754555788
270 0.00035955036976865123
271 0.00029918306343158405
274 0.0011574860131411257
297 0.00034888459666376895
360 0.00019339166635443979
396 0.0007678541784258615
441 0.0006877613496108782
457 0.0005872711056353866
596 0.00043049138832493966
669 0.00012589385831905585
851 0.00008185705212231243
960 0.002164656267465983
1070 0.0003541015143419739
1111 0.0006037805934374678
1280 0.0006513749791479525
1290 0.00031109330472278875
1301 0.0004942172352587358
1396 0.0007384145119945503
1538 0.00046465581618336337
1550 0.000999839230418156
1942 0.0005685167944117531
2318 0.000618218327643938
2336 0.0004691137279473833
2811 0.0006037805934374678
3582 0.0006758309323565803
4174 0.001236436655287876
4266 0.0015762979843194746
4269 0.000873114324417637
4270 0.00611180027092346