9 0.00017041626586836213
13 0.000019487324150714776
16 0.00015091663305076506
17 0.0015095566068324428
19 0.00039636970258509594
22 0.0002683471778299544
23 0.0006840560687769785
26 0.00012343399523364164
30 0.001109132556727933
33 0.00022662121650080273
34 0.000043438765255019996
36 0.00016592772540399069
38 0.000008702469372146433
39 0.000018535113825219447
40 0.00000900625889003274
41 0.000011139841612308305
42 0.00020577521223742086
43 0.00001236461273776724
44 0.00013635553537529827
45 0.00012982121229608657
46 0.0003210038952870586
47 0.00031598895731525394
48 0.00013154366307515625
49 0.00012486202181727967
51 0.00004686777384075253
63 0.0000037855318677072396
65 0.00005319425691409072
66 0.00027942089546161464
67 0.00016815138569592077
69 0.00023724943034546792
71 0.00025123617956186376
84 0.0002130879622223576
88 0.00024872719512041187
89 0.00009505729945367397
100 0.0009178249039571356
104 0.00032827690028667443
124 0.0001988555649537063
136 0.0002925555540824451
143 0.00032998895069327885
150 0.0008905281537255227
177 0.0007580060230135615
180 0.00005682431219851005
258 0.0007921172739613768
259 0.0010356613701901578
288 0.0015961308271462834
367 0.0016042345447338402
377 0.0003188377153162591
393 0.00033907303651746636
396 0.0007678541784258615
430 0.00022365154352182467
467 0.00034552605606704003
497 0.00017684408550895013
520 0.00016189608767124534
580 0.0004408563537610837
596 0.0008609827766498793
613 0.0002597352724507996
741 0.0007046755127604127
753 0.0002783569986123394
851 0.00008185705212231243
858 0.0017202880513944954
875 0.0003841483956894837
1603 0.0008023336741576425
1785 0.00030499358548289365
2485 0.0005332529953860384
3601 0.0011016421697305678
4271 0.0006758309323565803
4272 0.000873114324417637
4273 0.000873114324417637
4274 0.000873114324417637
4275 0.000873114324417637
4276 0.000873114324417637
4277 0.000873114324417637
4278 0.000873114324417637