9 0.00017041626586836213
13 0.00003247887358452463
22 0.0001341735889149772
27 0.0010125344960034547
38 0.000005801646248097621
39 0.000013901335368914586
40 0.00000900625889003274
41 0.000014853122149744404
42 0.000051443803059355216
43 0.000016486150317022987
44 0.00013635553537529827
45 0.00012982121229608657
46 0.00027514619596033594
47 0.00027084767769878907
51 0.00004686777384075253
63 0.0000037855318677072396
65 0.00001773141897136357
66 0.00009314029848720488
67 0.00012611353927194057
69 0.00023724943034546792
70 0.00035233775638020634
71 0.00012561808978093188
73 0.00019291377466338104
84 0.0006392638866670728
88 0.0004974543902408237
89 0.00019011459890734794
100 0.0004589124519785678
114 0.00021141259586679695
150 0.00035621126149020904
162 0.0004149542829511784
171 0.0002737223581753738
180 0.0001136486243970201
210 0.0006403547810939524
219 0.008687738512749532
304 0.0005211214476182807
377 0.0003188377153162591
465 0.000618218327643938
596 0.00043049138832493966
608 0.0003438806748054391
613 0.0002597352724507996
703 0.0002862680700927968
851 0.00008185705212231243
875 0.0003841483956894837
942 0.00043730308863810597
1062 0.0005162017214474523
1395 0.0003479000205792796
1895 0.0007384474589275524
2082 0.01147183127531189
2427 0.0031995179723162304
2581 0.0007031836599018376
2805 0.0022153423767826575