9 0.00013633301269468968
13 0.000019487324150714776
17 0.0022643349102486644
19 0.00039636970258509594
23 0.00022801868959232616
29 0.0005329999431774733
30 0.00022182651134558653
34 0.000043438765255019996
36 0.00016592772540399069
38 0.000008702469372146433
39 0.000009267556912609724
40 0.000015010431483387899
41 0.00002227968322461661
42 0.00015433140917806565
43 0.000008243075158511493
44 0.00013635553537529827
45 0.00012982121229608657
46 0.00045857699326722653
47 0.00045141279616464847
48 0.00013154366307515625
49 0.000041620673939093223
55 0.00009700475713476236
56 0.00012955459643277864
57 0.0001250684069607151
60 0.0002572917550567303
61 0.00035285287846540845
63 0.0000037855318677072396
64 0.00018731984297588175
65 0.00001773141897136357
66 0.00009314029848720488
67 0.00004203784642398019
71 0.00012561808978093188
76 0.0009350898575143378
79 0.000549621148441263
102 0.00025332444879269114
125 0.0008047533925478269
136 0.0002925555540824451
150 0.00017810563074510452
183 0.0014569032223368179
247 0.00026056072380914035
287 0.00025810086072372616
309 0.0006006466840248042
399 0.0020785369023837543
402 0.000999839230418156
424 0.0007384474589275524
520 0.00016189608767124534
669 0.00012589385831905585
694 0.0004887683798320584
734 0.002472873310575752
858 0.0002457554359134993
1007 0.004722986496451488
1008 0.0007881489921597373
1009 0.000873114324417637
1010 0.0020487510073217167
1011 0.000873114324417637
1012 0.0005685167944117531
1013 0.001746228648835274
1014 0.0007881489921597373
1015 0.0005685167944117531
1016 0.0006758309323565803
1017 0.000873114324417637
1018 0.000873114324417637
1019 0.000873114324417637