13 0.000006495774716904924
16 0.00015091663305076506
17 0.0005660837275621661
33 0.00033993182475120415
36 0.00008296386270199534
38 0.000008702469372146433
39 0.000027802670737829172
40 0.00000900625889003274
41 0.000011139841612308305
43 0.000004121537579255747
44 0.00020453330306294742
46 0.00022928849663361327
47 0.00022570639808232424
48 0.00013154366307515625
55 0.0007760380570780989
56 0.00012955459643277864
63 0.00001135659560312172
65 0.00003546283794272714
67 0.00004203784642398019
71 0.00012561808978093188
89 0.0005703437967220439
104 0.00016413845014333722
113 0.00011133348371866765
160 0.0014418999542343044
177 0.0006064048184108491
180 0.00005682431219851005
185 0.001328168424244804
207 0.003379154661782902
277 0.00009965045113662244
360 0.00019339166635443979
368 0.00018686500362842702
375 0.0010356613701901578
468 0.0003136207976380542
496 0.0002464916487181342
772 0.0002597352724507996
780 0.003775208863403447
851 0.00008185705212231243
1085 0.000393582208037624
2497 0.000424038368775366
4128 0.001117410468530901
4279 0.0021095509797055133
4280 0.0004338499289216686
4281 0.0007384474589275524
4282 0.0007881489921597373
4283 0.0007881489921597373