9 0.00013633301269468968
12 0.0002564879550388143
13 0.00005196619773523939
14 0.00025254616640991854
15 0.0002564879550388143
21 0.000572213429337706
34 0.000043438765255019996
36 0.00016592772540399069
38 0.00002030576186834168
39 0.000013901335368914586
40 0.000006004172593355159
41 0.000007426561074872202
42 0.000051443803059355216
49 0.00008324134787818645
51 0.00004686777384075253
55 0.00009700475713476236
63 0.00001135659560312172
65 0.00003546283794272714
66 0.00009314029848720488
67 0.00004203784642398019
72 0.0007057057569308169
76 0.0004007527960775733
88 0.00024872719512041187
97 0.00023454039050719067
122 0.0005525125494785239
123 0.000188234616351904
124 0.00009942778247685315
150 0.00035621126149020904
171 0.0001368611790876869
177 0.00015160120460271228
180 0.00005682431219851005
221 0.0005587052342654505
243 0.000264773477364449
267 0.0008350709958370184
277 0.00009965045113662244
288 0.002052168206330936
304 0.00026056072380914035
396 0.0005758906338193962
430 0.00022365154352182467
520 0.00016189608767124534
580 0.0004408563537610837
598 0.006704462811185407
691 0.0003038092374917516
851 0.0004092852606115622
928 0.001203500511236464
1120 0.00029472515166756405
1219 0.0013516618647131605
1290 0.00031109330472278875
1395 0.0006958000411585592
1738 0.0006758309323565803
1764 0.0007031836599018376
1966 0.0005258216860189834
2378 0.0003003233420124021
3751 0.000549621148441263
3994 0.0006534821266696528
4284 0.0007384474589275524
4285 0.0007384474589275524
4286 0.007881489921597373
4287 0.0012691729613983254
4288 0.0006758309323565803
4289 0.002594076305897841
4290 0.000873114324417637
4291 0.0007384474589275524
4292 0.0007881489921597373