9 0.00017041626586836213
13 0.000025983098867619697
22 0.0001341735889149772
33 0.00011331060825040136
34 0.00013031629576506
36 0.00004148193135099767
38 0.000014504115620244055
39 0.000013901335368914586
40 0.000024016690373420637
41 0.000025992963762052712
42 0.000051443803059355216
43 0.00002472922547553448
44 0.00020453330306294742
46 0.0004127192939405039
47 0.00045141279616464847
48 0.00013154366307515625
49 0.000041620673939093223
55 0.00009700475713476236
56 0.00012955459643277864
57 0.0001250684069607151
63 0.000007571063735414479
65 0.00001773141897136357
67 0.00008407569284796038
71 0.00025123617956186376
89 0.00019011459890734794
117 0.0004338499289216686
122 0.0005525125494785239
135 0.00029805329448025724
139 0.00028224872431895635
144 0.0005074271160050014
150 0.00035621126149020904
167 0.0018087175553390222
171 0.0001368611790876869
180 0.00005682431219851005
196 0.0001675808341520189
247 0.0007816821714274212
267 0.0005567139972246788
288 0.00022801868959232616
304 0.00026056072380914035
324 0.0003753890228061612
401 0.00036220146137676994
430 0.00044730308704364933
452 0.0002764565099464942
491 0.001244373218891155
507 0.0005454834171728783
520 0.0003237921753424907
542 0.0059990353825089375
549 0.00040380304757415875
557 0.0025442302126521964
573 0.0001652752038556845
596 0.001291474164974819
624 0.0004887683798320584
669 0.00012589385831905585
749 0.0004603543550640608
768 0.0014826517057762074
772 0.0002597352724507996
782 0.0010842655266131817
786 0.0012114091427224763
851 0.00008185705212231243
979 0.0030369495024516807
1115 0.00043730308863810597
1397 0.0008408622523832819
1411 0.0010243755036608584
1781 0.0005644974486379127
1843 0.000393582208037624
1995 0.000618218327643938
2830 0.0011817312001973612
3414 0.0006534821266696528
3502 0.00036332233087023905
4175 0.000618218327643938
4257 0.0003887745697496512
4284 0.005169132212492868
4287 0.004442105364894139
4293 0.000873114324417637
4294 0.0007881489921597373
4295 0.0007384474589275524
4296 0.0007384474589275524