9 0.00013633301269468968
13 0.000019487324150714776
16 0.00015091663305076506
17 0.002075640334394609
18 0.0011862471517273398
19 0.00013212323419503196
23 0.00045603737918465233
33 0.00011331060825040136
34 0.000043438765255019996
36 0.00008296386270199534
37 0.0004195196388193289
38 0.000005801646248097621
39 0.000009267556912609724
40 0.00000900625889003274
41 0.000011139841612308305
42 0.000051443803059355216
43 0.00001236461273776724
44 0.00006817776768764914
46 0.0003210038952870586
47 0.00027084767769878907
48 0.00013154366307515625
49 0.00008324134787818645
55 0.00009700475713476236
56 0.00006477729821638932
57 0.0001250684069607151
63 0.00000567829780156086
65 0.00003546283794272714
66 0.00009314029848720488
67 0.00004203784642398019
113 0.0002226669674373353
124 0.00009942778247685315
144 0.0010148542320100027
150 0.00017810563074510452
159 0.0001776836714179443
226 0.0002049311356991152
258 0.0007921172739613768
259 0.0005178306850950789
264 0.00021085919057695548
267 0.0002783569986123394
292 0.0002914849877710017
480 0.0003672140565768559
493 0.0009381615620287627
494 0.0009766104260159718
520 0.00016189608767124534
555 0.0002457554359134993
580 0.0004408563537610837
613 0.0005194705449015992
669 0.00012589385831905585
691 0.0003038092374917516
741 0.0007046755127604127
851 0.000040928526061156217
873 0.00037969048392546374
1028 0.0010623045430259218
1388 0.0007507780456123224
1603 0.00040116683707882124
1966 0.0005258216860189834
2128 0.0013119092659143181
3502 0.00036332233087023905
4170 0.0005791825675166354
4297 0.0007384474589275524
4298 0.0014768949178551047
4299 0.0005685167944117531
4300 0.0007384474589275524
4301 0.000873114324417637
4302 0.000873114324417637
4303 0.000873114324417637
4304 0.000873114324417637