9 0.00006816650634734484
13 0.00003247887358452463
14 0.00025254616640991854
16 0.00007545831652538253
17 0.0005660837275621661
18 0.00023724943034546792
19 0.0002642464683900639
22 0.0001341735889149772
23 0.00022801868959232616
27 0.004050137984013819
28 0.0007599733463780734
36 0.0005392651075629697
38 0.000008702469372146433
39 0.000027802670737829172
40 0.0000030020862966775796
41 0.000003713280537436101
44 0.00013635553537529827
46 0.0001834307973068906
47 0.00031598895731525394
48 0.0002630873261503125
49 0.000041620673939093223
55 0.00009700475713476236
56 0.00012955459643277864
57 0.0002501368139214302
63 0.00000567829780156086
65 0.00001773141897136357
67 0.00008407569284796038
69 0.00047449886069093585
71 0.00025123617956186376
74 0.00030499358548289365
89 0.0005703437967220439
104 0.00016413845014333722
113 0.0004453339348746706
124 0.00009942778247685315
132 0.0003985861298959538
160 0.0003604749885585761
165 0.00022550415909059743
180 0.00005682431219851005
184 0.00040649720137641123
185 0.0002656336848489608
192 0.0003242865707429365
226 0.0002049311356991152
246 0.00040649720137641123
247 0.00026056072380914035
251 0.00022002825322499402
255 0.00017273030805218352
263 0.0002338723830583595
279 0.0004585911327659849
287 0.00025810086072372616
304 0.00026056072380914035
307 0.00022550415909059743
319 0.00045619873460859607
352 0.0002958245228348551
360 0.00019339166635443979
367 0.0002673724241223067
372 0.0013119092659143181
445 0.00023123617256302196
467 0.00034552605606704003
469 0.0005332529953860384
470 0.0007593809678509275
496 0.0002464916487181342
543 0.0003960586369806884
548 0.0005791825675166354
564 0.0014826517057762074
575 0.000505900267840781
590 0.0003672140565768559
646 0.0003712334023506965
649 0.0003960586369806884
658 0.0003841483956894837
669 0.00012589385831905585
776 0.0005121877518304292
777 0.0020752610447182726
782 0.00036142184220439385
832 0.00048355146215385347
851 0.00008185705212231243
854 0.0010516433720379667
899 0.00044828766312813873
903 0.0006758309323565803
905 0.0004942172352587358
988 0.00041790813825628515
1283 0.00033907303651746636
1330 0.0003960586369806884
1529 0.0011456975263667364
1629 0.00043049138832493966
1785 0.0006099871709657873
1824 0.0005258216860189834
1843 0.000787164416075248
1855 0.0006037805934374678
2196 0.0005908656000986806
2447 0.0007971722597919076
2516 0.0007384474589275524
2574 0.0005791825675166354
2888 0.0005908656000986806
3022 0.000499919615209078
3201 0.0010823281337329915
3209 0.0014768949178551047
3226 0.0005188152611795682
3601 0.0003672140565768559
4306 0.002027492797069741
4307 0.00140734118384215
4308 0.001746228648835274
4309 0.003940744960798687
4310 0.000873114324417637
4311 0.002619342973252911
4312 0.0015762979843194746