2 0.00017273030805218352
9 0.00017041626586836213
13 0.00005196619773523939
16 0.00015091663305076506
34 0.000043438765255019996
38 0.000011603292496195242
39 0.000013901335368914586
40 0.000012008345186710319
41 0.000011139841612308305
42 0.00010288760611871043
43 0.000020607687896278735
44 0.00013635553537529827
46 0.0003668615946137812
47 0.00036113023693171874
48 0.00013154366307515625
49 0.00008324134787818645
51 0.00009373554768150506
63 0.00000567829780156086
65 0.00003546283794272714
66 0.00009314029848720488
67 0.00008407569284796038
71 0.00012561808978093188
73 0.0005787413239901431
76 0.0002671685307183822
81 0.0018240709186440709
87 0.0005674688033633956
131 0.0004092519030008361
150 0.00035621126149020904
180 0.0001136486243970201
230 0.0005916490456697102
243 0.000264773477364449
245 0.000181970089392662
255 0.00017273030805218352
265 0.0004120699366150429
289 0.0003712334023506965
307 0.00022550415909059743
310 0.00016226697770759457
367 0.0002673724241223067
401 0.00036220146137676994
413 0.00024142866684252312
493 0.000703621171521572
494 0.0009766104260159718
550 0.00025332444879269114
589 0.0004737399020075509
613 0.0007792058173523988
642 0.0003887745697496512
646 0.002227400414104179
691 0.0006076184749835032
749 0.0004603543550640608
753 0.0002783569986123394
760 0.000848076737550732
851 0.00008185705212231243
868 0.0002709256892452844
980 0.0007266446617404781
1028 0.0007082030286839478
1029 0.00023724943034546792
1062 0.00025810086072372616
1100 0.00040116683707882124
1162 0.0018158173388881287
1395 0.0006958000411585592
2378 0.0003003233420124021
4313 0.0007384474589275524