13 0.000006495774716904924
16 0.00007545831652538253
17 0.00018869457585405535
33 0.00011331060825040136
36 0.00008296386270199534
38 0.000011603292496195242
39 0.000004633778456304862
40 0.00000900625889003274
41 0.000007426561074872202
43 0.000008243075158511493
44 0.00020453330306294742
46 0.00013757309798016797
47 0.00018056511846585937
48 0.0002630873261503125
63 0.000007571063735414479
65 0.00003546283794272714
66 0.00009314029848720488
76 0.0001335842653591911
104 0.00016413845014333722
113 0.0002226669674373353
128 0.00045619873460859607
183 0.0002081290317624025
185 0.001328168424244804
277 0.00019930090227324488
299 0.0014212197060226527
366 0.00034225708731462997
372 0.00043730308863810597
399 0.0002969338431976791
401 0.00036220146137676994
413 0.00024142866684252312
540 0.0003471938241542892
657 0.001117410468530901
764 0.0005332529953860384
776 0.0005121877518304292
851 0.00008185705212231243
905 0.0004942172352587358
1024 0.000505900267840781
1076 0.0006758309323565803
1077 0.003379154661782902
1410 0.0039796175608822724
1781 0.000846746172956869
2497 0.000424038368775366
2527 0.0006534821266696528
2764 0.0030910916382196904
4048 0.0007881489921597373
4280 0.0004338499289216686
4307 0.0004691137279473833
4314 0.0029537898357102094
4315 0.000873114324417637
4316 0.000873114324417637
4317 0.000873114324417637