9 0.00006816650634734484
12 0.0005129759100776286
13 0.00003247887358452463
21 0.0001430533573344265
22 0.0005366943556599089
23 0.00045603737918465233
26 0.0004937359809345666
27 0.00033751149866781817
28 0.0005066488975853823
33 0.00011331060825040136
34 0.000043438765255019996
36 0.00012444579405299303
38 0.000011603292496195242
39 0.000018535113825219447
40 0.00000900625889003274
41 0.000018566402687180508
43 0.00001236461273776724
48 0.0002630873261503125
51 0.00004686777384075253
63 0.00000567829780156086
65 0.00001773141897136357
66 0.00018628059697440975
88 0.0004974543902408237
89 0.00009505729945367397
97 0.00023454039050719067
104 0.00016413845014333722
113 0.00011133348371866765
123 0.000188234616351904
127 0.00041790813825628515
150 0.00035621126149020904
160 0.00018023749427928805
180 0.00005682431219851005
218 0.0005332529953860384
271 0.0017950983805895045
274 0.0017362290197116888
276 0.0005332529953860384
277 0.00019930090227324488
288 0.0009120747583693047
307 0.00022550415909059743
347 0.0002479774737404859
367 0.0002673724241223067
368 0.00018686500362842702
375 0.00025891534254753946
391 0.0011096122844998333
393 0.0006781460730349327
396 0.00038392708921293077
430 0.00022365154352182467
439 0.0006629139619520678
452 0.0005529130198929884
475 0.0014313403504639844
533 0.0009570950805910472
589 0.0004737399020075509
608 0.0003438806748054391
638 0.0008023336741576425
648 0.0009605321716409287
841 0.0004338499289216686
851 0.00016371410424462487
858 0.0004915108718269986
861 0.0004737399020075509
902 0.0003753890228061612
1082 0.0008746061772762119
1110 0.0010665059907720767
1176 0.0004785475402955236
1208 0.0003541015143419739
1285 0.00036332233087023905
1290 0.00031109330472278875
1321 0.0003271046043571432
1377 0.0006345864806991627
1900 0.0006345864806991627
2043 0.0005332529953860384
3315 0.0009043587776695111
3719 0.0004272224195725296
3764 0.0007031836599018376
4331 0.0014768949178551047
4332 0.01222360054184692
4333 0.011350486217429281
4334 0.000873114324417637
4335 0.000873114324417637
4336 0.000873114324417637