0 0.00019243773886705868
1 0.0001309668193588762
2 0.00017273030805218352
5 0.0002365665368606119
6 0.0002400196965770493
7 0.000233207996263883
13 0.000012991549433809848
16 0.00007545831652538253
26 0.00012343399523364164
34 0.000043438765255019996
38 0.000008702469372146433
39 0.000004633778456304862
40 0.00000900625889003274
41 0.000007426561074872202
42 0.000051443803059355216
43 0.000008243075158511493
46 0.0000917153986534453
47 0.00009028255923292969
51 0.00009373554768150506
52 0.00014497369525357328
58 0.0008237551125322549
59 0.000602379158534602
61 0.00035285287846540845
63 0.0000018927659338536198
77 0.00046465581618336337
81 0.0005472212755932213
87 0.0001891562677877985
89 0.00019011459890734794
104 0.00016413845014333722
124 0.00009942778247685315
160 0.0003604749885585761
226 0.0002049311356991152
411 0.00044608035070850863
412 0.00028729384230050906
413 0.00024142866684252312
476 0.00045619873460859607
716 0.0003136207976380542
1020 0.0006758309323565803
1021 0.000873114324417637
1022 0.0007881489921597373
1023 0.000873114324417637
1024 0.000505900267840781