9 0.00010224975952101728
12 0.0002564879550388143
13 0.000025983098867619697
15 0.0002564879550388143
21 0.0001430533573344265
22 0.0002683471778299544
33 0.00011331060825040136
34 0.00017375506102007999
36 0.00008296386270199534
38 0.00002030576186834168
39 0.000009267556912609724
40 0.000006004172593355159
41 0.000007426561074872202
43 0.00001236461273776724
51 0.00004686777384075253
56 0.00006477729821638932
63 0.00001324936153697534
65 0.00008865709485681788
66 0.00027942089546161464
67 0.00008407569284796038
71 0.00025123617956186376
73 0.00019291377466338104
81 0.00018240709186440708
99 0.0006542092087142864
105 0.0003314569809760339
122 0.0005525125494785239
123 0.000188234616351904
131 0.0012277557090025085
150 0.00035621126149020904
159 0.0003553673428358886
171 0.0001368611790876869
176 0.00033751149866781817
180 0.00005682431219851005
196 0.0003351616683040378
212 0.0008023336741576425
214 0.000273659908111955
216 0.002793526171327253
226 0.0006147934070973456
234 0.0005332529953860384
243 0.001323867386822245
264 0.00021085919057695548
277 0.00009965045113662244
286 0.0003975504898392634
320 0.0005894503033351281
360 0.00019339166635443979
367 0.0002673724241223067
401 0.0007244029227535399
554 0.0007971722597919076
555 0.0002457554359134993
564 0.0004942172352587358
636 0.004922285619312864
701 0.0005685167944117531
721 0.012103766904459745
779 0.00030263622314802144
788 0.0004149542829511784
851 0.0004911423127338746
960 0.0010823281337329915
993 0.0021524569416246984
1001 0.00030739717354226806
1037 0.0002709256892452844
1063 0.0005188152611795682
1117 0.0005332529953860384
1153 0.0012362098098451287
1154 0.0007921172739613768
1214 0.000848076737550732
1395 0.0005218500308689194
1588 0.0066460271303479725
1767 0.005227857013357222
1768 0.0006534821266696528
1769 0.002499598076045391
1818 0.0028127346396073505
1955 0.0006758309323565803
2063 0.00040116683707882124
2262 0.0018113417803124036
2799 0.0011817312001973612
2894 0.0007031836599018376
2932 0.0005587052342654505
3113 0.0006037805934374678
4047 0.0006758309323565803
4337 0.002793526171327253
4338 0.0007881489921597373
4339 0.0007881489921597373
4340 0.000873114324417637
4341 0.0007031836599018376
4342 0.004365571622088185
4343 0.000873114324417637