9 0.00023858277221570697
13 0.000006495774716904924
14 0.00025254616640991854
15 0.0002564879550388143
16 0.00007545831652538253
19 0.00039636970258509594
26 0.00012343399523364164
33 0.00045324243300160546
34 0.00008687753051003999
38 0.000005801646248097621
39 0.000013901335368914586
40 0.00000900625889003274
41 0.000011139841612308305
42 0.00010288760611871043
43 0.00001236461273776724
44 0.00020453330306294742
46 0.00022928849663361327
47 0.00022570639808232424
49 0.00012486202181727967
51 0.00009373554768150506
55 0.00009700475713476236
56 0.00012955459643277864
57 0.0001250684069607151
63 0.0000037855318677072396
65 0.00003546283794272714
67 0.00004203784642398019
72 0.0017642643923270424
73 0.00019291377466338104
76 0.00120225838823272
77 0.0009293116323667267
87 0.001513250142302388
113 0.00011133348371866765
160 0.00018023749427928805
180 0.00005682431219851005
183 0.002081290317624025
185 0.0002656336848489608
193 0.0005872711056353866
243 0.000529546954728898
251 0.00022002825322499402
263 0.0002338723830583595
278 0.001132562659021034
286 0.0001987752449196317
288 0.00045603737918465233
353 0.0018769451140308064
368 0.00018686500362842702
375 0.00025891534254753946
399 0.0020785369023837543
428 0.0004603543550640608
452 0.0013822825497324712
457 0.0002936355528176933
493 0.00023454039050719067
497 0.00035368817101790026
520 0.0003237921753424907
669 0.00012589385831905585
721 0.00044828766312813873
779 0.00030263622314802144
781 0.00046465581618336337
851 0.00008185705212231243
1029 0.0007117482910364039
1395 0.0001739500102896398
1545 0.0004737399020075509
2439 0.0028127346396073505
4344 0.0013069642533393056
4345 0.0007881489921597373
4346 0.0007384474589275524
4347 0.000873114324417637