13 0.00003897464830142955
16 0.00007545831652538253
17 0.0033965023653729966
18 0.0023724943034546795
19 0.00039636970258509594
33 0.00045324243300160546
34 0.000043438765255019996
36 0.00008296386270199534
38 0.000005801646248097621
39 0.000013901335368914586
40 0.00000900625889003274
41 0.000014853122149744404
42 0.000051443803059355216
43 0.000004121537579255747
44 0.00027271107075059654
51 0.0001874710953630101
57 0.0002501368139214302
63 0.0000037855318677072396
65 0.00007092567588545428
67 0.00016815138569592077
71 0.00012561808978093188
100 0.0009178249039571356
113 0.00011133348371866765
130 0.0005454834171728783
177 0.0004548036138081369
180 0.0001136486243970201
192 0.000648573141485873
243 0.000794320432093347
258 0.0015842345479227535
259 0.0023302380829278552
263 0.000467744766116719
267 0.0002783569986123394
279 0.00022929556638299245
286 0.0001987752449196317
288 0.001368112137553957
313 0.0004338499289216686
360 0.00019339166635443979
368 0.00018686500362842702
391 0.0005548061422499166
393 0.00033907303651746636
464 0.000393582208037624
468 0.0009408623929141627
493 0.000703621171521572
495 0.0007507780456123224
496 0.0007394749461544028
613 0.0007792058173523988
741 0.0007046755127604127
851 0.000040928526061156217
858 0.0002457554359134993
1028 0.0017705075717098697
1031 0.00042093493558288133
1036 0.0007465872063479684
1271 0.0007305054994379872
1605 0.0005587052342654505
1636 0.0004603543550640608
2722 0.00041790813825628515
3507 0.0013015497867650057
4348 0.000873114324417637
4349 0.000873114324417637
4350 0.000873114324417637