13 0.000006495774716904924
16 0.00007545831652538253
17 0.00018869457585405535
18 0.0007117482910364039
33 0.00033993182475120415
34 0.00013031629576506
36 0.00016592772540399069
38 0.000005801646248097621
39 0.00002316889228152431
40 0.000006004172593355159
41 0.000011139841612308305
43 0.000008243075158511493
44 0.00013635553537529827
46 0.00013757309798016797
47 0.00013542383884939454
49 0.000041620673939093223
51 0.00004686777384075253
63 0.0000037855318677072396
65 0.00001773141897136357
67 0.00012611353927194057
76 0.0005343370614367644
100 0.0004589124519785678
102 0.00025332444879269114
117 0.0004338499289216686
124 0.00009942778247685315
176 0.0006750229973356363
183 0.00083251612704961
253 0.0002472323099654942
255 0.00034546061610436703
258 0.0007921172739613768
259 0.0028480687680229344
260 0.0003818991754555788
267 0.0005567139972246788
268 0.00048355146215385347
303 0.0004887683798320584
367 0.004545331210079215
379 0.0006877613496108782
520 0.00016189608767124534
594 0.0003438806748054391
639 0.0005587052342654505
741 0.0007046755127604127
750 0.0003344468624572988
851 0.000040928526061156217
868 0.0002709256892452844
951 0.000549621148441263
1060 0.0002852508106156339
1066 0.0021201918438768304
1196 0.0003841483956894837
1235 0.0005258216860189834
1601 0.0007384474589275524
1603 0.00040116683707882124
1608 0.0005908656000986806
1612 0.0006345864806991627
1690 0.0005188152611795682
3549 0.0034750954050998127
3968 0.0007881489921597373
4351 0.0047288939529584245
4352 0.000873114324417637
4353 0.000873114324417637