13 0.000006495774716904924
16 0.00015091663305076506
30 0.0013309590680735193
33 0.00011331060825040136
34 0.0002171938262751
36 0.00008296386270199534
38 0.000005801646248097621
39 0.000004633778456304862
40 0.000006004172593355159
41 0.000007426561074872202
43 0.000045336913371813215
44 0.00013635553537529827
46 0.0000917153986534453
47 0.00009028255923292969
49 0.000041620673939093223
51 0.0001874710953630101
52 0.00014497369525357328
56 0.00012955459643277864
63 0.0000037855318677072396
65 0.00003546283794272714
66 0.00018628059697440975
76 0.0010686741228735288
89 0.00019011459890734794
104 0.0004924153504300117
113 0.0002226669674373353
114 0.0004228251917335939
124 0.00009942778247685315
171 0.0002737223581753738
176 0.00033751149866781817
177 0.0004548036138081369
183 0.0014569032223368179
196 0.0001675808341520189
230 0.0002958245228348551
243 0.001323867386822245
255 0.00017273030805218352
264 0.00021085919057695548
401 0.0023543094989490047
494 0.00039064417040638865
496 0.0002464916487181342
497 0.0010610645130537009
554 0.0003985861298959538
572 0.0006781460730349327
573 0.000330550407711369
646 0.0003712334023506965
670 0.000665885611996771
851 0.00008185705212231243
1028 0.0003541015143419739
1214 0.000424038368775366
1285 0.00036332233087023905
1468 0.0004120699366150429
1636 0.0004603543550640608
1781 0.0022579897945516508
1785 0.00030499358548289365
3208 0.00034065472379816113
4354 0.0007031836599018376
4355 0.0006758309323565803