0 0.0005773132166011761
1 0.0002619336387177524
9 0.00034083253173672426
12 0.0012824397751940717
13 0.000025983098867619697
14 0.0007576384992297557
15 0.000769463865116443
19 0.000924862639365224
22 0.00040252076674493167
26 0.00012343399523364164
30 0.00022182651134558653
34 0.00008687753051003999
36 0.00008296386270199534
38 0.0000029008231240488105
39 0.000018535113825219447
40 0.00001801251778006548
41 0.000011139841612308305
42 0.00010288760611871043
43 0.00003297230063404597
45 0.0003894636368882597
46 0.00004585769932672265
49 0.00024972404363455934
51 0.0001874710953630101
56 0.00019433189464916796
57 0.0002501368139214302
61 0.00017642643923270423
63 0.00000567829780156086
65 0.00001773141897136357
76 0.0002671685307183822
84 0.0004261759244447152
89 0.00028517189836102194
99 0.0009813138130714298
104 0.00016413845014333722
107 0.0004098622713982304
113 0.00011133348371866765
122 0.00018417084982617462
144 0.0008457118600083356
149 0.0003732936031739842
159 0.0001776836714179443
165 0.00022550415909059743
180 0.00005682431219851005
183 0.003746322571723246
196 0.0003351616683040378
223 0.007112251232424814
245 0.000181970089392662
251 0.00022002825322499402
253 0.0002472323099654942
255 0.00034546061610436703
264 0.00021085919057695548
270 0.00035955036976865123
271 0.0008975491902947523
277 0.0005979027068197347
286 0.0003975504898392634
288 0.002736224275107914
289 0.0003712334023506965
297 0.0006977691933275379
300 0.0004120699366150429
310 0.0009736018662455675
319 0.00045619873460859607
357 0.0003438806748054391
366 0.0006845141746292599
368 0.00018686500362842702
401 0.006338525574093475
406 0.000505900267840781
430 0.00022365154352182467
455 0.00041790813825628515
461 0.0003985861298959538
475 0.0005725361401855936
480 0.0007344281131537118
497 0.00035368817101790026
507 0.00027274170858643915
545 0.002790102909271677
546 0.0004120699366150429
557 0.003392306950202928
657 0.001117410468530901
658 0.0003841483956894837
698 0.00044451570202655086
782 0.00036142184220439385
786 0.001615212190296635
805 0.0009382274558947666
851 0.00008185705212231243
858 0.002949065230961992
891 0.0004785475402955236
893 0.0003775208863403447
980 0.0014532893234809562
1031 0.00042093493558288133
1066 0.000424038368775366
1067 0.0004408563537610837
1150 0.0006345864806991627
1280 0.000977062468721929
1397 0.00028028741746109395
1636 0.0004603543550640608
1753 0.0008746061772762119
1843 0.000393582208037624
1878 0.0007682967913789674
2012 0.000549621148441263
2195 0.0013069642533393056
2224 0.000618218327643938
2542 0.0006534821266696528
2603 0.000618218327643938
2637 0.00043049138832493966
2697 0.0008023336741576425
2700 0.0008076060951483175
2701 0.0004603543550640608
2702 0.00046465581618336337
2703 0.00045217938883475555
3018 0.0004408563537610837
3040 0.0005685167944117531
3683 0.0006758309323565803
4003 0.0007881489921597373
4309 0.0047288939529584245
4312 0.005517042945118162
4356 0.001746228648835274
4357 0.0007881489921597373
4358 0.0007881489921597373
4359 0.000873114324417637
4360 0.000873114324417637
4361 0.00611180027092346
4362 0.000873114324417637
4363 0.000873114324417637
4364 0.000873114324417637
4365 0.0007031836599018376
4366 0.003492457297670548
4367 0.0047288939529584245
4368 0.003492457297670548
4369 0.001099242296882526
4370 0.0004603543550640608
4371 0.0004785475402955236
4372 0.0004691137279473833
4373 0.00046465581618336337
4374 0.0004737399020075509
4375 0.0004603543550640608
4376 0.0006534821266696528
4377 0.003492457297670548