1 0.0001309668193588762
9 0.00010224975952101728
13 0.000006495774716904924
14 0.00025254616640991854
15 0.0002564879550388143
16 0.00022637494957614764
17 0.00018869457585405535
19 0.00013212323419503196
20 0.0009859665948725369
34 0.000043438765255019996
36 0.00004148193135099767
38 0.00002030576186834168
39 0.000009267556912609724
40 0.00000900625889003274
41 0.000011139841612308305
42 0.000051443803059355216
43 0.00001236461273776724
45 0.0003894636368882597
49 0.000041620673939093223
51 0.0001874710953630101
63 0.0000094638296692681
65 0.00005319425691409072
66 0.0004657014924360244
67 0.00008407569284796038
69 0.00023724943034546792
71 0.00012561808978093188
72 0.00035285287846540845
76 0.0004007527960775733
82 0.0005664825455324013
89 0.0003802291978146959
122 0.0005525125494785239
124 0.0001988555649537063
130 0.0005454834171728783
134 0.0003672140565768559
144 0.0005074271160050014
159 0.0007107346856717773
160 0.00018023749427928805
177 0.00030320240920542457
180 0.00005682431219851005
183 0.0002081290317624025
184 0.00040649720137641123
186 0.0007576384992297557
226 0.0002049311356991152
279 0.00022929556638299245
310 0.0006490679108303783
367 0.0002673724241223067
411 0.00022304017535425432
437 0.00032153186911851154
440 0.0014506543864615605
468 0.0015681039881902713
487 0.0017219655532997587
493 0.00023454039050719067
494 0.0015625766816255546
496 0.0004929832974362684
550 0.00025332444879269114
613 0.0002597352724507996
633 0.00040649720137641123
664 0.0018247949384343843
851 0.00032742820848924973
1001 0.00030739717354226806
1007 0.000787164416075248
1028 0.0003541015143419739
1037 0.0002709256892452844
1085 0.000787164416075248
1086 0.0005258216860189834
1101 0.00046465581618336337
1141 0.005014897659075422
1385 0.0007881489921597373
1444 0.0007881489921597373
1445 0.004548134355294025
1880 0.001117410468530901
1886 0.004306927862659713
2650 0.0006037805934374678
4378 0.0014768949178551047
4379 0.001746228648835274
4380 0.003492457297670548
4381 0.0031525959686389492
4382 0.0047288939529584245
4383 0.0006345864806991627
4384 0.001746228648835274
4385 0.0007881489921597373
4386 0.0014768949178551047
4387 0.001746228648835274