13 0.00003897464830142955
34 0.00008687753051003999
38 0.000008702469372146433
39 0.000027802670737829172
40 0.000012008345186710319
41 0.000018566402687180508
42 0.00015433140917806565
43 0.000016486150317022987
44 0.00013635553537529827
45 0.0003894636368882597
47 0.00009028255923292969
51 0.00023433886920376268
56 0.00019433189464916796
63 0.0000037855318677072396
65 0.00001773141897136357
66 0.00018628059697440975
67 0.00008407569284796038
71 0.00012561808978093188
76 0.0013358426535919111
81 0.00018240709186440708
87 0.0001891562677877985
89 0.00019011459890734794
100 0.0009178249039571356
113 0.0002226669674373353
114 0.00021141259586679695
124 0.0001988555649537063
130 0.00027274170858643915
160 0.0003604749885585761
165 0.00022550415909059743
171 0.0001368611790876869
177 0.00015160120460271228
180 0.00005682431219851005
183 0.002081290317624025
264 0.00021085919057695548
324 0.0003753890228061612
352 0.0002958245228348551
360 0.00019339166635443979
368 0.00018686500362842702
391 0.0005548061422499166
392 0.0005938676863953582
399 0.0029693384319767913
411 0.00044608035070850863
430 0.00044730308704364933
431 0.0007593809678509275
464 0.000393582208037624
468 0.00219534558346638
537 0.0003960586369806884
550 0.00025332444879269114
594 0.0003438806748054391
649 0.0003960586369806884
779 0.0006052724462960429
845 0.00043730308863810597
851 0.00008185705212231243
1084 0.00036920725599727517
1133 0.00048355146215385347
1156 0.0057069678729752505
1157 0.008862984001480211
1240 0.003545193600592084
1312 0.000618218327643938
1594 0.000549621148441263
1613 0.0010665059907720767
1705 0.0004149542829511784
1781 0.0005644974486379127
1843 0.000393582208037624
1848 0.0007031836599018376
1971 0.000618218327643938
1996 0.0020487510073217167
2085 0.0014688562263074237
2320 0.0006758309323565803
3470 0.003499437306463547
3507 0.0013015497867650057
3797 0.0007881489921597373