9 0.00017041626586836213
13 0.000019487324150714776
16 0.00007545831652538253
20 0.0002464916487181342
34 0.000043438765255019996
36 0.00004148193135099767
38 0.000011603292496195242
39 0.000009267556912609724
40 0.000006004172593355159
41 0.000011139841612308305
42 0.00020577521223742086
43 0.000053579988530324705
44 0.00013635553537529827
45 0.00025964242459217314
51 0.00009373554768150506
55 0.0006790332999433367
56 0.00012955459643277864
63 0.0000037855318677072396
65 0.00003546283794272714
67 0.00004203784642398019
68 0.0014574249388550088
76 0.0001335842653591911
84 0.0002130879622223576
88 0.0004974543902408237
89 0.00019011459890734794
97 0.00023454039050719067
100 0.0004589124519785678
104 0.0013131076011466977
122 0.00018417084982617462
124 0.0001988555649537063
130 0.00027274170858643915
177 0.00015160120460271228
180 0.00005682431219851005
186 0.00025254616640991854
226 0.0002049311356991152
236 0.004609689766473864
245 0.000181970089392662
261 0.000467744766116719
360 0.0005801749990633194
411 0.00044608035070850863
468 0.0015681039881902713
496 0.0002464916487181342
520 0.00016189608767124534
576 0.0003086168757797243
666 0.00032568748957397626
780 0.0003775208863403447
851 0.00008185705212231243
1060 0.0002852508106156339
1085 0.000393582208037624
1086 0.0005258216860189834
1400 0.002368699510037755
1886 0.0004785475402955236
1973 0.0006758309323565803
2129 0.0005188152611795682
3163 0.0005908656000986806