13 0.000006495774716904924
16 0.00007545831652538253
17 0.002075640334394609
18 0.0033214920248365518
23 0.001140093447961631
26 0.00012343399523364164
33 0.00022662121650080273
34 0.000043438765255019996
38 0.000008702469372146433
39 0.000009267556912609724
40 0.000006004172593355159
41 0.000007426561074872202
42 0.00010288760611871043
43 0.000004121537579255747
44 0.0005454221415011931
45 0.00012982121229608657
46 0.00004585769932672265
47 0.00009028255923292969
51 0.00009373554768150506
55 0.00009700475713476236
56 0.0005182183857311146
57 0.0001250684069607151
63 0.0000037855318677072396
65 0.00005319425691409072
66 0.00027942089546161464
67 0.00004203784642398019
71 0.00012561808978093188
76 0.0002671685307183822
89 0.00009505729945367397
97 0.00046908078101438134
100 0.000611883269304757
104 0.00016413845014333722
107 0.0002049311356991152
113 0.00011133348371866765
114 0.00021141259586679695
183 0.000416258063524805
185 0.0010625347393958431
245 0.000363940178785324
249 0.001932198299244276
251 0.00022002825322499402
253 0.0002472323099654942
259 0.0007767460276426184
277 0.00009965045113662244
347 0.0002479774737404859
363 0.00036332233087023905
368 0.00018686500362842702
399 0.0002969338431976791
431 0.00037969048392546374
449 0.0008609827766498793
468 0.0015681039881902713
505 0.0006719392066499634
506 0.0005983661268631681
550 0.00025332444879269114
613 0.0002597352724507996
622 0.0011734644615866965
669 0.00012589385831905585
670 0.0003329428059983855
686 0.003631706828256978
741 0.0007046755127604127
851 0.000040928526061156217
868 0.0002709256892452844
1034 0.00034065472379816113
1036 0.0003732936031739842
1062 0.00025810086072372616
1605 0.0005587052342654505
1973 0.0013516618647131605
2005 0.0006534821266696528
2407 0.001772596800296042
2497 0.000424038368775366
3001 0.0005908656000986806
3524 0.005517042945118162
4280 0.0004338499289216686
4281 0.0007384474589275524
4388 0.0014768949178551047
4389 0.000873114324417637
4390 0.000873114324417637
4391 0.000873114324417637
4392 0.000873114324417637
4393 0.000873114324417637
4394 0.001746228648835274
4395 0.001746228648835274
4396 0.000873114324417637
4397 0.000873114324417637
4398 0.000873114324417637
4399 0.000873114324417637
4400 0.000873114324417637
4401 0.000873114324417637