9 0.00013633301269468968
13 0.00005196619773523939
16 0.00022637494957614764
19 0.00013212323419503196
34 0.000043438765255019996
38 0.000008702469372146433
39 0.000009267556912609724
40 0.00000900625889003274
41 0.000011139841612308305
42 0.00015433140917806565
43 0.00003297230063404597
44 0.00020453330306294742
46 0.0003210038952870586
47 0.00031598895731525394
48 0.00013154366307515625
49 0.0001664826957563729
52 0.00014497369525357328
60 0.000771875265170191
61 0.00035285287846540845
63 0.00000567829780156086
64 0.0003746396859517635
67 0.00004203784642398019
73 0.00019291377466338104
74 0.0009149807564486811
81 0.0014592567349152566
82 0.0011329650910648025
104 0.00032827690028667443
113 0.00011133348371866765
114 0.00021141259586679695
118 0.0012105448925920858
149 0.0003732936031739842
165 0.00045100831818119485
171 0.0002737223581753738
177 0.00030320240920542457
214 0.002462939173007595
246 0.00040649720137641123
251 0.0013201695193499642
261 0.0002338723830583595
277 0.00029895135340986733
290 0.0006345864806991627
310 0.00032453395541518913
320 0.005894503033351282
368 0.00018686500362842702
412 0.00028729384230050906
413 0.00024142866684252312
438 0.004314604437223815
551 0.0005664825455324013
613 0.0002597352724507996
622 0.0003911548205288988
638 0.00040116683707882124
691 0.0003038092374917516
721 0.00044828766312813873
753 0.0002783569986123394
873 0.00037969048392546374
874 0.0006534821266696528
1025 0.000873114324417637
1026 0.0005411640668664958
1027 0.0010665059907720767
1028 0.0003541015143419739
1029 0.0007117482910364039
1030 0.0017353997156866743
1031 0.00042093493558288133
1032 0.0005332529953860384
1033 0.000873114324417637
1034 0.00034065472379816113