9 0.00010224975952101728
13 0.000019487324150714776
16 0.00015091663305076506
17 0.0009434728792702768
18 0.0014234965820728077
19 0.00039636970258509594
20 0.0002464916487181342
22 0.00040252076674493167
26 0.00012343399523364164
33 0.00011331060825040136
34 0.0002171938262751
36 0.00016592772540399069
38 0.000008702469372146433
39 0.000009267556912609724
40 0.000015010431483387899
41 0.000011139841612308305
43 0.000008243075158511493
44 0.00006817776768764914
45 0.00012982121229608657
46 0.00004585769932672265
47 0.00004514127961646484
49 0.000041620673939093223
51 0.00004686777384075253
63 0.00000567829780156086
65 0.00001773141897136357
67 0.00004203784642398019
76 0.0004007527960775733
122 0.00036834169965234924
124 0.00009942778247685315
150 0.00035621126149020904
159 0.0003553673428358886
180 0.00017047293659553015
245 0.000363940178785324
247 0.0005211214476182807
249 0.003864396598488552
347 0.0004959549474809718
391 0.0013870153556247917
392 0.0005938676863953582
401 0.00018110073068838497
430 0.00022365154352182467
452 0.0011058260397859769
475 0.001717608420556781
494 0.0015625766816255546
497 0.00017684408550895013
551 0.0002832412727662006
750 0.0003344468624572988
780 0.0003775208863403447
851 0.00016371410424462487
868 0.0002709256892452844
898 0.0003014743275909555
1007 0.001180746624112872
1034 0.00034065472379816113
1395 0.0001739500102896398
1450 0.0006513749791479525
1781 0.00028224872431895635
3092 0.0008676998578433372
3208 0.00034065472379816113
3777 0.0004785475402955236
4201 0.0004691137279473833
4426 0.000873114324417637
4427 0.000873114324417637
4428 0.000873114324417637
4429 0.000873114324417637
4430 0.000873114324417637
4431 0.0007881489921597373
4432 0.0006345864806991627
4433 0.000873114324417637