9 0.00020449951904203455
13 0.000012991549433809848
16 0.00007545831652538253
19 0.0002642464683900639
34 0.00008687753051003999
36 0.00004148193135099767
37 0.0004195196388193289
38 0.000005801646248097621
39 0.000013901335368914586
40 0.000012008345186710319
41 0.000018566402687180508
42 0.00010288760611871043
43 0.000020607687896278735
44 0.00013635553537529827
46 0.0005961500912473944
47 0.0005416953553975781
48 0.00013154366307515625
49 0.00008324134787818645
51 0.00004686777384075253
55 0.00009700475713476236
56 0.00006477729821638932
57 0.0001250684069607151
63 0.0000037855318677072396
65 0.00001773141897136357
67 0.00008407569284796038
69 0.00023724943034546792
71 0.00025123617956186376
72 0.002117117270792451
73 0.00019291377466338104
76 0.00120225838823272
87 0.000378312535575597
122 0.00018417084982617462
136 0.0011702222163297803
138 0.0003775208863403447
150 0.00017810563074510452
159 0.0001776836714179443
183 0.001873161285861623
186 0.0005050923328198371
303 0.0004887683798320584
365 0.0008544448391450592
368 0.00018686500362842702
430 0.00022365154352182467
493 0.00023454039050719067
494 0.0007812883408127773
497 0.00017684408550895013
539 0.00045217938883475555
550 0.00025332444879269114
573 0.0001652752038556845
624 0.0004887683798320584
669 0.0002517877166381117
851 0.00008185705212231243
858 0.0002457554359134993
1100 0.00040116683707882124
1325 0.0015617526845401444
1403 0.00034552605606704003
1528 0.0013119092659143181
1618 0.00040380304757415875
1997 0.0005587052342654505
3660 0.005227857013357222
4204 0.00045619873460859607
4257 0.0003887745697496512
4440 0.0014768949178551047
4441 0.0007881489921597373
4442 0.000618218327643938
4443 0.0005908656000986806
4444 0.000873114324417637
4445 0.000873114324417637