9 0.00020449951904203455
13 0.000012991549433809848
16 0.00007545831652538253
19 0.0002642464683900639
34 0.00008687753051003999
36 0.00004148193135099767
37 0.00020975981940966445
38 0.000005801646248097621
39 0.000013901335368914586
40 0.00000900625889003274
41 0.000014853122149744404
42 0.00010288760611871043
43 0.000020607687896278735
44 0.00013635553537529827
46 0.00045857699326722653
47 0.00040627151654818366
48 0.00013154366307515625
49 0.00008324134787818645
51 0.00009373554768150506
55 0.00009700475713476236
56 0.00006477729821638932
57 0.0001250684069607151
63 0.0000037855318677072396
65 0.00001773141897136357
67 0.00008407569284796038
72 0.002117117270792451
73 0.00019291377466338104
76 0.0009350898575143378
87 0.0001891562677877985
89 0.00009505729945367397
114 0.00021141259586679695
122 0.00018417084982617462
124 0.00009942778247685315
136 0.0011702222163297803
138 0.0003775208863403447
150 0.00017810563074510452
159 0.0001776836714179443
180 0.00005682431219851005
183 0.0010406451588120126
307 0.00022550415909059743
430 0.00022365154352182467
493 0.00023454039050719067
494 0.0007812883408127773
497 0.00017684408550895013
539 0.00045217938883475555
573 0.000330550407711369
624 0.0004887683798320584
669 0.00012589385831905585
851 0.00008185705212231243
858 0.0002457554359134993
1100 0.00040116683707882124
1325 0.0009370516107240867
1403 0.00034552605606704003
1528 0.0013119092659143181
1618 0.00040380304757415875
1997 0.0005587052342654505
3660 0.003267410633348264
4204 0.00045619873460859607
4257 0.0003887745697496512
4440 0.0014768949178551047
4441 0.0007881489921597373
4442 0.000618218327643938