0 0.00038487547773411737
1 0.0001309668193588762
9 0.00030674927856305184
13 0.000019487324150714776
16 0.00007545831652538253
19 0.0005284929367801278
20 0.0004929832974362684
22 0.0001341735889149772
28 0.00025332444879269114
34 0.000043438765255019996
36 0.00008296386270199534
38 0.000017404938744292866
39 0.000013901335368914586
40 0.000024016690373420637
41 0.000011139841612308305
42 0.00010288760611871043
43 0.00001236461273776724
46 0.00004585769932672265
47 0.00004514127961646484
51 0.0001406033215222576
56 0.0003238864910819466
63 0.00000567829780156086
65 0.00001773141897136357
66 0.00018628059697440975
67 0.00004203784642398019
72 0.0007057057569308169
74 0.00030499358548289365
76 0.0002671685307183822
85 0.00024357296170002702
89 0.0003802291978146959
124 0.00009942778247685315
144 0.0003382847440033342
150 0.0007124225229804181
159 0.0003553673428358886
180 0.0002272972487940402
186 0.0005050923328198371
197 0.0002904236905482616
210 0.0006403547810939524
217 0.0034439311065995173
226 0.0002049311356991152
245 0.000363940178785324
251 0.00044005650644998804
255 0.00017273030805218352
265 0.0004120699366150429
277 0.0012954558647760917
292 0.0002914849877710017
293 0.0006570765879158534
297 0.0006977691933275379
300 0.0004120699366150429
310 0.00016226697770759457
315 0.0004785475402955236
333 0.0004338499289216686
352 0.0002958245228348551
365 0.0008544448391450592
366 0.00034225708731462997
367 0.0034758415135899873
368 0.00018686500362842702
372 0.00043730308863810597
412 0.0005745876846010181
428 0.0004603543550640608
475 0.001717608420556781
545 0.0015943445195838151
585 0.0003911548205288988
638 0.00040116683707882124
658 0.0003841483956894837
669 0.00012589385831905585
708 0.00035955036976865123
851 0.00008185705212231243
871 0.0003960586369806884
1030 0.0004338499289216686
1060 0.0002852508106156339
1062 0.00025810086072372616
1066 0.000424038368775366
1067 0.0004408563537610837
1088 0.000499919615209078
1247 0.00046465581618336337
1442 0.0004338499289216686
1449 0.003411100766470519
1450 0.0006513749791479525
1773 0.0014997588456272344
1827 0.00041790813825628515
1878 0.0003841483956894837
1892 0.0005258216860189834
2034 0.0010516433720379667
2042 0.0021330119815441534
2163 0.0005411640668664958
2213 0.0008890314040531017
2464 0.0005908656000986806
2636 0.004000641318238959
2637 0.00043049138832493966
2697 0.001203500511236464
2700 0.00040380304757415875
2701 0.0004603543550640608
2702 0.00046465581618336337
2703 0.00045217938883475555
3007 0.00043049138832493966
3018 0.0004408563537610837
3944 0.0014063673198036752
4222 0.0022608969441737783
4370 0.0004603543550640608
4371 0.0004785475402955236
4372 0.0004691137279473833
4373 0.00046465581618336337
4374 0.0004737399020075509
4375 0.0004603543550640608
4446 0.013360489538134918
4447 0.016589172163935104
4448 0.0036922372946377622
4449 0.0007881489921597373
4450 0.0005332529953860384
4451 0.000873114324417637
4452 0.000873114324417637
4453 0.001746228648835274
4454 0.0022153423767826575
4455 0.000873114324417637
4456 0.0009043587776695111
4457 0.0005791825675166354
4458 0.000873114324417637
4459 0.0007384474589275524
4460 0.000873114324417637
4461 0.000873114324417637
4462 0.000873114324417637
4463 0.000873114324417637
4464 0.000873114324417637
4465 0.000873114324417637
4466 0.000873114324417637
4467 0.0006758309323565803