9 0.00023858277221570697
13 0.000019487324150714776
16 0.00007545831652538253
17 0.00018869457585405535
19 0.00039636970258509594
29 0.0007994999147662101
34 0.000043438765255019996
38 0.000005801646248097621
39 0.000013901335368914586
40 0.000012008345186710319
41 0.000018566402687180508
42 0.000051443803059355216
43 0.000016486150317022987
44 0.00013635553537529827
46 0.0005502923919206719
47 0.0005416953553975781
48 0.00013154366307515625
49 0.00008324134787818645
51 0.00004686777384075253
55 0.00009700475713476236
56 0.00012955459643277864
57 0.0001250684069607151
63 0.00000567829780156086
65 0.00003546283794272714
66 0.00027942089546161464
67 0.00008407569284796038
71 0.00025123617956186376
72 0.0015878379530943382
73 0.00019291377466338104
76 0.0010686741228735288
87 0.000378312535575597
104 0.00016413845014333722
113 0.0002226669674373353
114 0.00021141259586679695
159 0.0003553673428358886
183 0.0014569032223368179
185 0.0010625347393958431
186 0.0005050923328198371
196 0.0003351616683040378
247 0.00026056072380914035
277 0.00009965045113662244
363 0.00036332233087023905
365 0.0008544448391450592
368 0.00018686500362842702
372 0.00043730308863810597
392 0.0011877353727907164
445 0.00023123617256302196
493 0.00023454039050719067
494 0.000585966255609583
497 0.0007073763420358005
550 0.00025332444879269114
573 0.0001652752038556845
669 0.0002517877166381117
851 0.00008185705212231243
1325 0.0006247010738160577
1450 0.001302749958295905
1528 0.0013119092659143181
1618 0.00040380304757415875
2497 0.000424038368775366
2693 0.000424038368775366
3092 0.0004338499289216686
4257 0.0003887745697496512
4280 0.0004338499289216686
4443 0.0005908656000986806
4468 0.000873114324417637
4469 0.000873114324417637
4470 0.0007384474589275524