9 0.00017041626586836213
13 0.000025983098867619697
16 0.00007545831652538253
19 0.0002642464683900639
21 0.000572213429337706
29 0.0007994999147662101
34 0.000043438765255019996
38 0.000005801646248097621
39 0.000013901335368914586
40 0.00000900625889003274
41 0.000014853122149744404
42 0.000051443803059355216
43 0.000016486150317022987
44 0.00013635553537529827
46 0.00045857699326722653
47 0.00040627151654818366
48 0.00013154366307515625
49 0.00008324134787818645
51 0.00004686777384075253
55 0.00009700475713476236
56 0.00006477729821638932
57 0.0001250684069607151
63 0.0000037855318677072396
65 0.00001773141897136357
67 0.00008407569284796038
72 0.0008821321961635212
73 0.00019291377466338104
76 0.0002671685307183822
87 0.0001891562677877985
122 0.00036834169965234924
124 0.00009942778247685315
146 0.000264773477364449
150 0.00035621126149020904
176 0.00033751149866781817
177 0.0006064048184108491
180 0.00005682431219851005
247 0.00026056072380914035
401 0.00108660438413031
445 0.00023123617256302196
494 0.000585966255609583
573 0.0001652752038556845
669 0.00012589385831905585
691 0.0012152369499670065
851 0.00008185705212231243
898 0.0003014743275909555
1395 0.0005218500308689194
2378 0.0006006466840248042
4289 0.0005188152611795682