13 0.000025983098867619697
16 0.00015091663305076506
17 0.0015095566068324428
18 0.0035587414551820195
19 0.00013212323419503196
23 0.0006840560687769785
33 0.00011331060825040136
38 0.000005801646248097621
39 0.000013901335368914586
40 0.000006004172593355159
41 0.000011139841612308305
42 0.00010288760611871043
43 0.000004121537579255747
44 0.00013635553537529827
46 0.00045857699326722653
47 0.00045141279616464847
48 0.00013154366307515625
49 0.00008324134787818645
51 0.00004686777384075253
55 0.00009700475713476236
56 0.00012955459643277864
57 0.0001250684069607151
63 0.0000037855318677072396
65 0.00003546283794272714
67 0.00004203784642398019
69 0.00023724943034546792
71 0.00012561808978093188
76 0.0002671685307183822
97 0.00023454039050719067
104 0.0004924153504300117
113 0.0002226669674373353
180 0.00005682431219851005
183 0.000416258063524805
185 0.0010625347393958431
186 0.0005050923328198371
196 0.0001675808341520189
226 0.0002049311356991152
230 0.0002958245228348551
245 0.000181970089392662
277 0.00009965045113662244
286 0.0001987752449196317
365 0.0008544448391450592
368 0.00018686500362842702
372 0.00043730308863810597
375 0.00025891534254753946
452 0.0002764565099464942
493 0.00023454039050719067
494 0.000585966255609583
497 0.00017684408550895013
573 0.0001652752038556845
648 0.0012807095621879048
669 0.0002517877166381117
851 0.00008185705212231243
899 0.00044828766312813873
1283 0.0010172191095523992
1358 0.0004942172352587358
1528 0.0008746061772762119
1785 0.00030499358548289365
2497 0.000424038368775366
3736 0.0007384474589275524
4280 0.0004338499289216686
4471 0.000873114324417637
4472 0.000873114324417637
4473 0.0006758309323565803
4474 0.000873114324417637
4475 0.000873114324417637