0 0.00019243773886705868
1 0.0001309668193588762
2 0.00017273030805218352
4 0.00035233775638020634
5 0.0002365665368606119
6 0.0002400196965770493
7 0.000233207996263883
8 0.00028224872431895635
9 0.00017041626586836213
13 0.000006495774716904924
14 0.00025254616640991854
15 0.0002564879550388143
16 0.00007545831652538253
18 0.00047449886069093585
22 0.00040252076674493167
34 0.00008687753051003999
36 0.00016592772540399069
37 0.0008390392776386578
38 0.000008702469372146433
39 0.000009267556912609724
40 0.000012008345186710319
41 0.000014853122149744404
42 0.00010288760611871043
43 0.00002472922547553448
44 0.00013635553537529827
45 0.00025964242459217314
46 0.0003668615946137812
47 0.00036113023693171874
48 0.00013154366307515625
49 0.00008324134787818645
51 0.00004686777384075253
52 0.00028994739050714656
55 0.00019400951426952473
56 0.00012955459643277864
57 0.0001250684069607151
58 0.0005491700750215032
59 0.000602379158534602
60 0.0002572917550567303
61 0.00035285287846540845
63 0.0000018927659338536198
64 0.00018731984297588175
66 0.00018628059697440975
67 0.00004203784642398019
72 0.00035285287846540845
75 0.0031652557218432896
76 0.0002671685307183822
82 0.0002832412727662006
85 0.00048714592340005404
87 0.000378312535575597
88 0.00024872719512041187
124 0.00009942778247685315
144 0.0003382847440033342
151 0.0003359696033249817
152 0.0005587052342654505
157 0.001236436655287876
162 0.0004149542829511784
180 0.00005682431219851005
282 0.002291395052733473
441 0.0003438806748054391
497 0.0005305322565268504
498 0.0003558910215031841
511 0.0005908656000986806
520 0.00016189608767124534
650 0.000549621148441263
671 0.0002597352724507996
898 0.0003014743275909555
902 0.0003753890228061612
1035 0.001772596800296042
1036 0.0011198808095219527
1037 0.0002709256892452844
1038 0.0015762979843194746
1039 0.000873114324417637
1040 0.000873114324417637
1041 0.001746228648835274
1042 0.0005332529953860384
1043 0.0007881489921597373
1044 0.0007384474589275524
1045 0.0015762979843194746