9 0.00017041626586836213
13 0.000012991549433809848
19 0.0017176020445354157
22 0.0001341735889149772
38 0.000005801646248097621
39 0.00002316889228152431
40 0.00000900625889003274
41 0.000014853122149744404
42 0.00010288760611871043
43 0.000016486150317022987
44 0.00013635553537529827
46 0.00045857699326722653
47 0.00040627151654818366
48 0.00013154366307515625
49 0.000041620673939093223
51 0.00004686777384075253
55 0.00009700475713476236
56 0.00019433189464916796
63 0.00000567829780156086
65 0.00003546283794272714
67 0.00008407569284796038
73 0.00019291377466338104
104 0.00016413845014333722
113 0.00011133348371866765
125 0.0005365022616985512
180 0.0001136486243970201
186 0.00025254616640991854
214 0.00054731981622391
275 0.0004120699366150429
277 0.001096154962502847
288 0.001140093447961631
294 0.0003985861298959538
304 0.00026056072380914035
327 0.0011881759109420651
365 0.0004272224195725296
366 0.0006845141746292599
376 0.00034065472379816113
401 0.00018110073068838497
573 0.0001652752038556845
585 0.0003911548205288988
750 0.0003344468624572988
752 0.0019342058486154139
759 0.0007154140816886777
851 0.000040928526061156217
875 0.0003841483956894837
876 0.0003911548205288988
915 0.00032290148184198857
1029 0.00023724943034546792
1283 0.0013562921460698654
1395 0.0003479000205792796
1425 0.0009382274558947666
1613 0.0010665059907720767
1781 0.0005644974486379127
1814 0.0006345864806991627
2027 0.00046465581618336337
2416 0.0006534821266696528
2602 0.011489125850061867
2603 0.000618218327643938
3189 0.0005908656000986806
4125 0.0007031836599018376
4476 0.006984914595341096
4477 0.0063051919372778984
4478 0.00611180027092346
4479 0.000873114324417637
4480 0.0007384474589275524
4481 0.000873114324417637