1 0.0002619336387177524
9 0.00010224975952101728
13 0.000012991549433809848
21 0.0001430533573344265
30 0.00022182651134558653
33 0.00011331060825040136
36 0.00012444579405299303
38 0.000005801646248097621
39 0.000004633778456304862
40 0.000006004172593355159
41 0.000007426561074872202
43 0.00001236461273776724
44 0.00013635553537529827
46 0.00013757309798016797
47 0.00013542383884939454
51 0.00004686777384075253
63 0.0000037855318677072396
65 0.00001773141897136357
89 0.00009505729945367397
136 0.0005851111081648902
144 0.0005074271160050014
160 0.00018023749427928805
179 0.0003086168757797243
247 0.0005211214476182807
255 0.00034546061610436703
401 0.000543302192065155
411 0.00022304017535425432
498 0.0003558910215031841
587 0.0004942172352587358
648 0.0003201773905469762
851 0.00008185705212231243
1010 0.0005121877518304292
1037 0.0002709256892452844
1325 0.00031235053690802886
1696 0.0004887683798320584
3150 0.0005587052342654505
4421 0.0006758309323565803
4482 0.0007031836599018376
4483 0.000873114324417637