1 0.0001309668193588762
2 0.00017273030805218352
9 0.00013633301269468968
13 0.00003247887358452463
14 0.0010101846656396741
15 0.0010259518201552573
16 0.00030183326610153013
17 0.0024530294861027195
23 0.001140093447961631
33 0.00011331060825040136
36 0.00029037351945698374
38 0.000017404938744292866
39 0.000004633778456304862
40 0.000006004172593355159
41 0.000007426561074872202
43 0.000008243075158511493
49 0.00012486202181727967
51 0.00009373554768150506
56 0.00006477729821638932
63 0.0000018927659338536198
65 0.00001773141897136357
67 0.00004203784642398019
81 0.00018240709186440708
100 0.0003059416346523785
115 0.0006179635749242299
130 0.00027274170858643915
146 0.000794320432093347
175 0.0003753890228061612
196 0.0001675808341520189
243 0.000264773477364449
245 0.000363940178785324
254 0.0004272224195725296
259 0.00025891534254753946
267 0.0011134279944493577
279 0.0006878866991489774
307 0.00022550415909059743
368 0.00018686500362842702
401 0.001992108037572235
411 0.00022304017535425432
412 0.00028729384230050906
413 0.00024142866684252312
490 0.0017353997156866743
491 0.0031109330472278876
493 0.00023454039050719067
494 0.000585966255609583
497 0.00017684408550895013
520 0.00016189608767124534
613 0.0005194705449015992
709 0.0005454834171728783
851 0.0004092852606115622
898 0.0003014743275909555
905 0.0004942172352587358
1007 0.000393582208037624
1037 0.0002709256892452844
1060 0.0002852508106156339
1100 0.00040116683707882124
1285 0.00036332233087023905
1396 0.00036920725599727517
1504 0.0005332529953860384
1522 0.0005188152611795682
1523 0.0005188152611795682
1591 0.0004691137279473833
1824 0.0005258216860189834
2014 0.0027510453984435127
2345 0.003545193600592084
2722 0.00041790813825628515
3130 0.0006758309323565803
3713 0.0005587052342654505
3873 0.0022740671776470124
4484 0.001746228648835274
4485 0.001746228648835274
4486 0.00873114324417637
4487 0.000873114324417637
4488 0.000873114324417637
4489 0.000873114324417637
4490 0.000873114324417637
4491 0.000873114324417637
4492 0.000873114324417637
4493 0.000873114324417637
4494 0.000873114324417637