9 0.00013633301269468968
13 0.000012991549433809848
16 0.00015091663305076506
19 0.00013212323419503196
28 0.00025332444879269114
34 0.000043438765255019996
38 0.000005801646248097621
39 0.000009267556912609724
40 0.00000900625889003274
41 0.000011139841612308305
42 0.00010288760611871043
43 0.000045336913371813215
44 0.00013635553537529827
51 0.00004686777384075253
55 0.00029101427140428715
57 0.0001250684069607151
63 0.0000037855318677072396
65 0.00003546283794272714
66 0.00009314029848720488
67 0.00004203784642398019
73 0.0003858275493267621
76 0.0004007527960775733
81 0.002006478010508478
87 0.000756625071151194
99 0.0006542092087142864
100 0.0003059416346523785
154 0.0013258279239041356
180 0.0001136486243970201
251 0.00022002825322499402
263 0.0002338723830583595
264 0.00021085919057695548
282 0.001527596701822315
352 0.0002958245228348551
401 0.000543302192065155
468 0.0015681039881902713
590 0.0007344281131537118
851 0.00008185705212231243
1029 0.00047449886069093585
1358 0.0014826517057762074
1395 0.0001739500102896398
1822 0.0024151223737498713
4495 0.000873114324417637
4496 0.0007881489921597373
4497 0.000618218327643938