1 0.0001309668193588762
9 0.00017041626586836213
13 0.000019487324150714776
21 0.0001430533573344265
22 0.0001341735889149772
26 0.000370301985700925
34 0.000043438765255019996
36 0.00029037351945698374
38 0.000005801646248097621
39 0.000027802670737829172
40 0.00000900625889003274
41 0.000011139841612308305
42 0.00010288760611871043
43 0.000016486150317022987
44 0.00020453330306294742
46 0.0003668615946137812
47 0.00040627151654818366
49 0.000041620673939093223
51 0.00004686777384075253
55 0.00009700475713476236
56 0.00006477729821638932
57 0.0003752052208821453
63 0.0000037855318677072396
65 0.00001773141897136357
66 0.00009314029848720488
67 0.00012611353927194057
69 0.00023724943034546792
71 0.00025123617956186376
73 0.00019291377466338104
84 0.0012785277733341456
117 0.0004338499289216686
122 0.00018417084982617462
128 0.009580173426780518
143 0.0019799337041596734
159 0.0001776836714179443
180 0.0001136486243970201
192 0.001945719424457619
196 0.0001675808341520189
263 0.0002338723830583595
277 0.00029895135340986733
286 0.0001987752449196317
304 0.00026056072380914035
366 0.0010267712619438899
367 0.0002673724241223067
393 0.00033907303651746636
401 0.000905503653441925
464 0.000393582208037624
520 0.00016189608767124534
538 0.0002852508106156339
549 0.00040380304757415875
600 0.0006758309323565803
669 0.00012589385831905585
703 0.0002862680700927968
751 0.0018414174202562431
776 0.0010243755036608584
779 0.0006052724462960429
782 0.00036142184220439385
803 0.0005194705449015992
851 0.00008185705212231243
891 0.0004785475402955236
953 0.0010376305223591363
1083 0.0006345864806991627
1150 0.001903759442097488
1162 0.00030263622314802144
1310 0.00799309127914526
1395 0.0008697500514481991
1544 0.0006037805934374678
1667 0.0034750954050998127
1672 0.008687738512749532
1824 0.0010516433720379667
1892 0.0005258216860189834
2103 0.001099242296882526
2447 0.0003985861298959538
3018 0.0004408563537610837
4267 0.0023644469764792122
4314 0.016984291555333705
4498 0.0007881489921597373
4499 0.0007881489921597373
4500 0.002619342973252911
4501 0.001236436655287876