9 0.00020449951904203455
13 0.000012991549433809848
14 0.00025254616640991854
15 0.0002564879550388143
16 0.00022637494957614764
21 0.0001430533573344265
22 0.00040252076674493167
29 0.0005329999431774733
36 0.00008296386270199534
38 0.000008702469372146433
39 0.000009267556912609724
40 0.00000900625889003274
41 0.000011139841612308305
43 0.00002885076305479023
44 0.00027271107075059654
46 0.0003210038952870586
47 0.00031598895731525394
49 0.00008324134787818645
51 0.0001406033215222576
55 0.00009700475713476236
56 0.00006477729821638932
57 0.0001250684069607151
59 0.0030118957926730102
63 0.0000037855318677072396
67 0.00004203784642398019
89 0.00019011459890734794
102 0.0005066488975853823
108 0.000549621148441263
113 0.00011133348371866765
134 0.0007344281131537118
177 0.00015160120460271228
180 0.00005682431219851005
185 0.0002656336848489608
253 0.0002472323099654942
261 0.0007016171491750785
279 0.00022929556638299245
287 0.0005162017214474523
288 0.0006840560687769785
307 0.00022550415909059743
367 0.0002673724241223067
368 0.00018686500362842702
401 0.00018110073068838497
413 0.00024142866684252312
445 0.0006937085176890659
494 0.00019532208520319432
497 0.00017684408550895013
520 0.0003237921753424907
550 0.00025332444879269114
555 0.0002457554359134993
646 0.000742466804701393
669 0.0002517877166381117
671 0.0002597352724507996
851 0.00008185705212231243
858 0.0002457554359134993
908 0.0036525274971899364
1029 0.00023724943034546792
1093 0.00036920725599727517
1162 0.0006052724462960429
1208 0.0031869136290777656
1450 0.00032568748957397626
1586 0.0007550417726806894
3895 0.000549621148441263
4131 0.0005685167944117531
4459 0.0007384474589275524
4502 0.0007384474589275524
4503 0.000873114324417637