2 0.00017273030805218352
13 0.000012991549433809848
16 0.00007545831652538253
17 0.0011321674551243322
18 0.0011862471517273398
23 0.00022801868959232616
33 0.00022662121650080273
36 0.00008296386270199534
38 0.000005801646248097621
39 0.000009267556912609724
40 0.000006004172593355159
41 0.000007426561074872202
43 0.000004121537579255747
44 0.00013635553537529827
46 0.0001834307973068906
47 0.00022570639808232424
51 0.0001406033215222576
63 0.0000037855318677072396
65 0.00007092567588545428
66 0.00018628059697440975
76 0.00120225838823272
89 0.00019011459890734794
103 0.00045217938883475555
104 0.00016413845014333722
113 0.0002226669674373353
114 0.00021141259586679695
159 0.0001776836714179443
183 0.00083251612704961
185 0.0010625347393958431
196 0.0001675808341520189
223 0.0008890314040531017
234 0.0021330119815441534
259 0.00025891534254753946
277 0.00019930090227324488
307 0.00022550415909059743
363 0.00036332233087023905
368 0.00018686500362842702
429 0.0005258216860189834
520 0.00016189608767124534
550 0.00025332444879269114
851 0.000040928526061156217
1001 0.00030739717354226806
1263 0.0020752610447182726
1388 0.0003753890228061612
1401 0.003515918299509189
1591 0.0004691137279473833
2497 0.000848076737550732
4120 0.0022740671776470124
4504 0.000873114324417637
4505 0.000873114324417637
4506 0.0006037805934374678
4507 0.000873114324417637
4508 0.000873114324417637