1 0.0002619336387177524
9 0.00013633301269468968
13 0.000012991549433809848
16 0.00007545831652538253
19 0.00013212323419503196
32 0.0005188152611795682
38 0.000014504115620244055
39 0.000004633778456304862
40 0.0000030020862966775796
41 0.000007426561074872202
43 0.00001236461273776724
45 0.00012982121229608657
49 0.00008324134787818645
51 0.00009373554768150506
61 0.00035285287846540845
63 0.0000094638296692681
65 0.00001773141897136357
67 0.00004203784642398019
72 0.0007057057569308169
74 0.0006099871709657873
76 0.0002671685307183822
88 0.00024872719512041187
89 0.00019011459890734794
123 0.000188234616351904
130 0.00027274170858643915
171 0.0001368611790876869
180 0.00005682431219851005
197 0.0002904236905482616
210 0.0003201773905469762
300 0.0004120699366150429
304 0.00026056072380914035
392 0.0005938676863953582
411 0.00044608035070850863
487 0.00043049138832493966
494 0.00019532208520319432
851 0.00032742820848924973
868 0.0005418513784905688
871 0.0003960586369806884
946 0.0004785475402955236
1001 0.00030739717354226806
1062 0.0007743025821711785
1070 0.0003541015143419739
1450 0.0006513749791479525
1489 0.0006534821266696528
1548 0.0003985861298959538
1613 0.0015997589861581152
1765 0.0006037805934374678
1788 0.0004120699366150429
2194 0.0005587052342654505
2997 0.0006345864806991627
3969 0.0006345864806991627
4509 0.000873114324417637
4510 0.0007384474589275524
4511 0.000873114324417637
4512 0.0007881489921597373
4513 0.000873114324417637
4514 0.000873114324417637
4515 0.000873114324417637