1 0.0001309668193588762
9 0.00027266602538937937
13 0.000012991549433809848
16 0.00015091663305076506
22 0.0005366943556599089
26 0.00012343399523364164
34 0.00013031629576506
36 0.00004148193135099767
37 0.0006292794582289934
38 0.000008702469372146433
39 0.000018535113825219447
40 0.00001801251778006548
41 0.000011139841612308305
42 0.00010288760611871043
43 0.00003297230063404597
44 0.00020453330306294742
46 0.0003210038952870586
47 0.00031598895731525394
49 0.000041620673939093223
51 0.0001406033215222576
55 0.00009700475713476236
57 0.0001250684069607151
63 0.00000567829780156086
65 0.00001773141897136357
67 0.00008407569284796038
71 0.00012561808978093188
100 0.00015297081732618925
107 0.0002049311356991152
114 0.00021141259586679695
143 0.0016499447534663945
146 0.000264773477364449
151 0.0006719392066499634
158 0.00028424192373937554
177 0.00015160120460271228
179 0.000925850627339173
180 0.0001136486243970201
197 0.0005808473810965232
210 0.0006403547810939524
230 0.0002958245228348551
251 0.00022002825322499402
261 0.0002338723830583595
263 0.0002338723830583595
292 0.0002914849877710017
306 0.00043049138832493966
310 0.001135868843953162
347 0.0004959549474809718
348 0.0004272224195725296
375 0.00025891534254753946
412 0.0005745876846010181
413 0.00048285733368504623
467 0.00034552605606704003
470 0.00037969048392546374
487 0.00043049138832493966
490 0.0017353997156866743
491 0.0031109330472278876
492 0.003796904839254638
495 0.0003753890228061612
497 0.00017684408550895013
505 0.0013438784132999268
506 0.0008975491902947523
508 0.0026825113084927564
512 0.00031751252334467103
520 0.00016189608767124534
573 0.0001652752038556845
609 0.00043730308863810597
669 0.0002517877166381117
671 0.0002597352724507996
677 0.0007031836599018376
682 0.0003753890228061612
691 0.0003038092374917516
709 0.0008182251257593176
716 0.0003136207976380542
841 0.0004338499289216686
847 0.0004737399020075509
851 0.00008185705212231243
852 0.0007775491394993024
873 0.00037969048392546374
915 0.0009687044455259658
946 0.0004785475402955236
989 0.0007881489921597373
1052 0.0005258216860189834
1141 0.00041790813825628515
1300 0.000505900267840781
1321 0.0003271046043571432
1397 0.0016817245047665637
1445 0.0005685167944117531
1478 0.000499919615209078
1529 0.0003818991754555788
1548 0.0003985861298959538
1759 0.0006037805934374678
1785 0.00030499358548289365
1929 0.0007384474589275524
2631 0.0004120699366150429
2992 0.00048355146215385347
3969 0.0006345864806991627
4169 0.000424038368775366
4516 0.002027492797069741
4517 0.000873114324417637