9 0.00020449951904203455
13 0.000025983098867619697
16 0.00007545831652538253
34 0.00013031629576506
38 0.000005801646248097621
39 0.000013901335368914586
40 0.000033022949263453375
41 0.000007426561074872202
42 0.00010288760611871043
43 0.000008243075158511493
44 0.00020453330306294742
46 0.00027514619596033594
47 0.00027084767769878907
49 0.000041620673939093223
51 0.00004686777384075253
63 0.0000037855318677072396
65 0.00001773141897136357
67 0.00008407569284796038
71 0.00012561808978093188
88 0.00024872719512041187
113 0.00033400045115600295
122 0.0007366833993046985
150 0.0005343168922353136
171 0.0001368611790876869
180 0.00005682431219851005
226 0.0002049311356991152
270 0.0007191007395373025
277 0.00019930090227324488
287 0.00025810086072372616
307 0.00022550415909059743
328 0.0005587052342654505
367 0.0002673724241223067
452 0.0002764565099464942
508 0.0005365022616985512
555 0.0002457554359134993
556 0.0015177008035223431
558 0.0003775208863403447
608 0.0006877613496108782
629 0.0005685167944117531
841 0.0004338499289216686
850 0.0015842345479227535
851 0.00008185705212231243
863 0.00036920725599727517
898 0.0003014743275909555
942 0.00043730308863810597
1029 0.00023724943034546792
1031 0.00042093493558288133
1412 0.0005188152611795682
1499 0.00196791104018812
1529 0.0003818991754555788
1716 0.006182183276439381
1785 0.00030499358548289365
3507 0.0004338499289216686
3741 0.0007881489921597373
4328 0.0007384474589275524
4518 0.000873114324417637
4519 0.002619342973252911
4520 0.000873114324417637
4521 0.000873114324417637
4522 0.000873114324417637
4523 0.0007384474589275524
4524 0.00611180027092346