9 0.00017041626586836213
13 0.000012991549433809848
17 0.0005660837275621661
18 0.0011862471517273398
19 0.00039636970258509594
21 0.0001430533573344265
23 0.001140093447961631
26 0.0002468679904672833
33 0.00011331060825040136
36 0.00004148193135099767
37 0.00020975981940966445
38 0.000005801646248097621
39 0.000013901335368914586
40 0.000015010431483387899
41 0.000014853122149744404
42 0.00010288760611871043
43 0.00001236461273776724
44 0.00020453330306294742
46 0.0005044346925939492
47 0.0004965540757811133
49 0.0003329653915127458
51 0.00004686777384075253
55 0.00009700475713476236
56 0.00006477729821638932
57 0.0001250684069607151
63 0.0000037855318677072396
65 0.00003546283794272714
67 0.00004203784642398019
69 0.00023724943034546792
70 0.00035233775638020634
71 0.00025123617956186376
104 0.0008206922507166863
113 0.00011133348371866765
123 0.000188234616351904
124 0.00009942778247685315
144 0.0008457118600083356
162 0.0004149542829511784
165 0.0006765124772717924
171 0.0001368611790876869
174 0.001772596800296042
180 0.00005682431219851005
186 0.0005050923328198371
193 0.0002936355528176933
196 0.0011730658390641327
243 0.000529546954728898
259 0.0012945767127376974
261 0.0002338723830583595
277 0.00009965045113662244
286 0.0003975504898392634
287 0.00025810086072372616
293 0.004270997821453047
304 0.00026056072380914035
333 0.004772349218138355
360 0.00019339166635443979
396 0.00019196354460646538
449 0.00043049138832493966
464 0.000393582208037624
555 0.0004915108718269986
591 0.0013335471060796527
669 0.00012589385831905585
708 0.00035955036976865123
741 0.0007046755127604127
753 0.0002783569986123394
777 0.0005188152611795682
779 0.00030263622314802144
788 0.0029046799806582498
851 0.000040928526061156217
858 0.0002457554359134993
1034 0.0013626188951926445
1247 0.00046465581618336337
1440 0.0055639649487954435
1449 0.0011370335888235062
1603 0.00040116683707882124
1800 0.0013516618647131605
3026 0.0007384474589275524
3601 0.0007344281131537118
4137 0.00048355146215385347
4516 0.0013516618647131605
4523 0.0029537898357102094
4530 0.000873114324417637
4531 0.001746228648835274
4532 0.0014768949178551047
4533 0.0006037805934374678
4534 0.0007881489921597373
4535 0.0006758309323565803
4536 0.000873114324417637
4537 0.0007031836599018376
4538 0.0007881489921597373
4539 0.0007881489921597373
4540 0.000873114324417637
4541 0.000873114324417637
4542 0.000873114324417637
4543 0.000873114324417637
4544 0.000873114324417637
4545 0.000873114324417637
4546 0.000873114324417637
4547 0.000873114324417637
4548 0.000873114324417637
4549 0.000873114324417637
4550 0.000873114324417637
4551 0.000873114324417637
4552 0.000873114324417637
4553 0.000873114324417637
4554 0.000873114324417637