1 0.0002619336387177524
9 0.00017041626586836213
13 0.000025983098867619697
16 0.00015091663305076506
19 0.00013212323419503196
21 0.0001430533573344265
26 0.00012343399523364164
34 0.000043438765255019996
36 0.00016592772540399069
38 0.000005801646248097621
39 0.000013901335368914586
40 0.00000900625889003274
41 0.000011139841612308305
42 0.00010288760611871043
43 0.000016486150317022987
44 0.00020453330306294742
46 0.0004127192939405039
47 0.00045141279616464847
49 0.00012486202181727967
51 0.0001406033215222576
55 0.00009700475713476236
57 0.0001250684069607151
63 0.0000037855318677072396
65 0.00003546283794272714
66 0.00009314029848720488
67 0.00004203784642398019
69 0.00023724943034546792
71 0.00012561808978093188
72 0.0017642643923270424
73 0.0003858275493267621
76 0.0002671685307183822
77 0.0009293116323667267
87 0.0011349376067267911
100 0.00015297081732618925
101 0.0034750954050998127
103 0.00045217938883475555
104 0.00016413845014333722
113 0.00033400045115600295
127 0.00041790813825628515
135 0.00029805329448025724
141 0.0006534821266696528
159 0.000533051014253833
185 0.0002656336848489608
196 0.0006703233366080756
210 0.0003201773905469762
247 0.00026056072380914035
259 0.00025891534254753946
263 0.0002338723830583595
277 0.00019930090227324488
278 0.002642646204382413
304 0.0010422428952365614
307 0.00022550415909059743
367 0.0002673724241223067
368 0.00018686500362842702
412 0.00028729384230050906
413 0.00024142866684252312
494 0.000585966255609583
496 0.0002464916487181342
520 0.0003237921753424907
537 0.0003960586369806884
669 0.00012589385831905585
691 0.0006076184749835032
753 0.0002783569986123394
795 0.0012075611868749357
851 0.00008185705212231243
858 0.000737266307740498
879 0.0005916490456697102
911 0.0004120699366150429
922 0.00043730308863810597
1078 0.0004408563537610837
1100 0.0008023336741576425
1153 0.0004120699366150429
1154 0.0007921172739613768
1310 0.00036332233087023905
1395 0.0012176500720274788
1479 0.0007728793196977103
1495 0.0004691137279473833
1621 0.0004338499289216686
1668 0.0011370335888235062
1713 0.0004120699366150429
1878 0.0003841483956894837
1913 0.0007031836599018376
2061 0.0011817312001973612
2063 0.00040116683707882124
2722 0.0008358162765125703
2909 0.0006534821266696528
3190 0.0006758309323565803
3660 0.0006534821266696528
4200 0.0006345864806991627
4203 0.002023601071363124
4204 0.00045619873460859607
4555 0.002619342973252911
4556 0.001746228648835274
4557 0.002619342973252911
4558 0.001746228648835274
4559 0.001746228648835274
4560 0.0006345864806991627
4561 0.0007881489921597373