9 0.00017041626586836213
13 0.000006495774716904924
16 0.00007545831652538253
19 0.00013212323419503196
21 0.000286106714668853
37 0.0004195196388193289
38 0.000008702469372146433
39 0.000013901335368914586
40 0.000012008345186710319
41 0.000014853122149744404
42 0.00015433140917806565
43 0.000020607687896278735
44 0.00013635553537529827
45 0.00025964242459217314
46 0.0003210038952870586
47 0.00031598895731525394
48 0.00013154366307515625
49 0.00012486202181727967
55 0.00009700475713476236
56 0.00006477729821638932
57 0.0001250684069607151
63 0.000007571063735414479
65 0.00001773141897136357
66 0.00018628059697440975
67 0.00004203784642398019
72 0.0008821321961635212
76 0.0008015055921551466
86 0.0008817127075221674
87 0.0001891562677877985
89 0.00009505729945367397
135 0.0008941598834407718
144 0.0010148542320100027
159 0.0001776836714179443
177 0.00015160120460271228
180 0.00005682431219851005
192 0.0003242865707429365
245 0.000181970089392662
267 0.0005567139972246788
307 0.00022550415909059743
310 0.00048680093312278375
367 0.0002673724241223067
375 0.00025891534254753946
377 0.0003188377153162591
416 0.00031109330472278875
445 0.0004624723451260439
493 0.0009381615620287627
494 0.0015625766816255546
497 0.00017684408550895013
498 0.0003558910215031841
613 0.0002597352724507996
669 0.00012589385831905585
691 0.0003038092374917516
716 0.0003136207976380542
746 0.0003672140565768559
787 0.0009474798040151018
851 0.00008185705212231243
1028 0.0003541015143419739
1070 0.0003541015143419739
1280 0.00032568748957397626
1395 0.0006958000411585592
1548 0.0007971722597919076
2378 0.0006006466840248042
3313 0.007881489921597373
4562 0.0015762979843194746