9 0.00013633301269468968
12 0.0010259518201552573
13 0.000019487324150714776
23 0.00045603737918465233
33 0.00011331060825040136
34 0.000043438765255019996
38 0.000008702469372146433
39 0.000009267556912609724
40 0.000012008345186710319
41 0.000011139841612308305
43 0.000008243075158511493
44 0.00013635553537529827
45 0.0003894636368882597
46 0.00027514619596033594
47 0.00022570639808232424
48 0.00013154366307515625
49 0.00008324134787818645
61 0.00017642643923270423
63 0.000007571063735414479
65 0.00001773141897136357
122 0.00018417084982617462
160 0.00018023749427928805
258 0.0003960586369806884
259 0.00025891534254753946
270 0.001438201479074605
271 0.0008975491902947523
274 0.0008681145098558444
279 0.00022929556638299245
287 0.00025810086072372616
290 0.0006345864806991627
337 0.0021095509797055133
338 0.001648863445323789
367 0.0002673724241223067
396 0.0007678541784258615
416 0.00031109330472278875
430 0.00044730308704364933
452 0.0005529130198929884
467 0.00034552605606704003
537 0.0003960586369806884
572 0.0006781460730349327
573 0.0001652752038556845
594 0.0003438806748054391
703 0.0002862680700927968
715 0.0004092519030008361
741 0.00035233775638020634
746 0.0007344281131537118
753 0.0002783569986123394
851 0.000040928526061156217
874 0.0006534821266696528
980 0.0007266446617404781
1029 0.00047449886069093585
1278 0.0005587052342654505
1290 0.00031109330472278875
1468 0.0004120699366150429
3459 0.003172932403495814
4563 0.000873114324417637
4564 0.0007384474589275524
4565 0.0007881489921597373
4566 0.000873114324417637