9 0.00017041626586836213
12 0.0005129759100776286
13 0.000045470423018334476
14 0.0015152769984595113
15 0.001538927730232886
22 0.0001341735889149772
34 0.000043438765255019996
36 0.00008296386270199534
37 0.00020975981940966445
38 0.000005801646248097621
39 0.00002316889228152431
40 0.00000900625889003274
41 0.000011139841612308305
42 0.000051443803059355216
43 0.000016486150317022987
44 0.00013635553537529827
46 0.0004127192939405039
47 0.00040627151654818366
51 0.00004686777384075253
55 0.00009700475713476236
56 0.00006477729821638932
57 0.0001250684069607151
63 0.0000037855318677072396
65 0.00001773141897136357
67 0.00008407569284796038
69 0.00023724943034546792
71 0.00012561808978093188
84 0.0017047036977788609
89 0.0003802291978146959
96 0.000618218327643938
113 0.00033400045115600295
129 0.0009123974692171921
160 0.0003604749885585761
171 0.0001368611790876869
180 0.00005682431219851005
192 0.0009728597122288095
225 0.00042093493558288133
277 0.0006975531579563571
291 0.0003887745697496512
393 0.00033907303651746636
427 0.0008890314040531017
654 0.0035268508300886695
669 0.00012589385831905585
851 0.00008185705212231243
868 0.0002709256892452844
928 0.00040116683707882124
1062 0.00025810086072372616
1120 0.0005894503033351281
1400 0.0004737399020075509
1522 0.0005188152611795682
1523 0.0005188152611795682
1653 0.0033674794846630506
2082 0.014490734242499229
2083 0.0006534821266696528
2427 0.011198312903106807
2580 0.0006758309323565803
2581 0.0007031836599018376
2631 0.00412069936615043
2836 0.0009474798040151018
2885 0.0011817312001973612
4128 0.0005587052342654505
4567 0.0006345864806991627