9 0.00017041626586836213
13 0.00003247887358452463
16 0.00007545831652538253
17 0.0016982511826864983
19 0.0002642464683900639
22 0.0005366943556599089
30 0.0013309590680735193
33 0.00022662121650080273
36 0.0002074096567549884
38 0.000008702469372146433
39 0.000013901335368914586
40 0.00000900625889003274
41 0.000011139841612308305
42 0.00020577521223742086
43 0.00003297230063404597
44 0.00013635553537529827
46 0.0004127192939405039
47 0.00040627151654818366
48 0.00013154366307515625
49 0.00008324134787818645
51 0.00004686777384075253
55 0.00009700475713476236
56 0.00012955459643277864
57 0.0001250684069607151
63 0.00000567829780156086
67 0.00004203784642398019
71 0.00012561808978093188
74 0.00030499358548289365
76 0.0006679213267959556
89 0.00019011459890734794
100 0.0004589124519785678
104 0.0008206922507166863
113 0.00011133348371866765
114 0.00021141259586679695
136 0.0017553333244946707
159 0.0003553673428358886
179 0.0012344675031188972
180 0.0001136486243970201
226 0.0002049311356991152
247 0.00026056072380914035
255 0.0008636515402609177
258 0.0007921172739613768
259 0.0005178306850950789
268 0.0014506543864615605
293 0.0003285382939579267
303 0.0014663051394961752
335 0.000505900267840781
367 0.0002673724241223067
399 0.0008908015295930374
416 0.0009332799141683663
442 0.0003242865707429365
464 0.000393582208037624
537 0.0015842345479227535
669 0.00012589385831905585
741 0.0007046755127604127
787 0.0018949596080302035
851 0.000040928526061156217
868 0.0002709256892452844
1062 0.00025810086072372616
1066 0.000424038368775366
1280 0.000977062468721929
1603 0.00040116683707882124
1609 0.002027492797069741
1610 0.002027492797069741
2627 0.0010823281337329915
3601 0.0003672140565768559
4568 0.001746228648835274
4569 0.000873114324417637
4570 0.000873114324417637
4571 0.000873114324417637
4572 0.001746228648835274