2 0.00017273030805218352
9 0.00020449951904203455
12 0.0002564879550388143
13 0.000006495774716904924
16 0.00022637494957614764
17 0.0003773891517081107
18 0.0007117482910364039
19 0.0002642464683900639
23 0.00022801868959232616
33 0.00011331060825040136
34 0.000043438765255019996
36 0.00008296386270199534
38 0.000005801646248097621
39 0.000013901335368914586
40 0.000012008345186710319
41 0.000014853122149744404
42 0.000051443803059355216
43 0.000008243075158511493
44 0.00020453330306294742
46 0.00045857699326722653
47 0.0004965540757811133
49 0.00008324134787818645
55 0.00009700475713476236
56 0.00012955459643277864
57 0.0001250684069607151
63 0.000007571063735414479
65 0.00005319425691409072
66 0.0003725611939488195
67 0.00008407569284796038
68 0.0002914849877710017
69 0.00023724943034546792
70 0.00035233775638020634
71 0.00012561808978093188
81 0.00018240709186440708
89 0.00047528649726836993
102 0.00025332444879269114
104 0.00016413845014333722
113 0.00011133348371866765
122 0.00036834169965234924
159 0.0015991530427614993
183 0.000416258063524805
185 0.0010625347393958431
196 0.0005027425024560568
197 0.0002904236905482616
218 0.0005332529953860384
243 0.000529546954728898
274 0.002893715032852815
277 0.00009965045113662244
286 0.0001987752449196317
347 0.0004959549474809718
356 0.00040649720137641123
368 0.00018686500362842702
392 0.0005938676863953582
430 0.00044730308704364933
496 0.0004929832974362684
573 0.0001652752038556845
628 0.0014506543864615605
634 0.0005188152611795682
669 0.0002517877166381117
703 0.0002862680700927968
772 0.0002597352724507996
851 0.00008185705212231243
863 0.0011076217679918256
870 0.00044828766312813873
1107 0.0004272224195725296
1285 0.00036332233087023905
1529 0.001909495877277894
1634 0.000549621148441263
1638 0.0007031836599018376
2366 0.0012537244147688554
2497 0.000424038368775366
2627 0.0005411640668664958
2636 0.0008890314040531017
4137 0.00048355146215385347
4185 0.0006345864806991627
4280 0.0004338499289216686
4497 0.000618218327643938
4573 0.013096714866264555
4574 0.0007031836599018376
4575 0.000873114324417637
4576 0.0007881489921597373
4577 0.0007881489921597373
4578 0.000873114324417637
4579 0.000873114324417637
4580 0.000873114324417637
4581 0.000873114324417637
4582 0.0007384474589275524
4583 0.000873114324417637
4584 0.000873114324417637