9 0.00013633301269468968
13 0.0000779492966028591
16 0.00007545831652538253
17 0.00018869457585405535
19 0.00013212323419503196
34 0.000043438765255019996
36 0.00004148193135099767
38 0.000005801646248097621
39 0.000013901335368914586
40 0.000012008345186710319
41 0.000025992963762052712
43 0.000016486150317022987
44 0.00020453330306294742
46 0.0003668615946137812
47 0.00040627151654818366
49 0.00008324134787818645
63 0.0000094638296692681
65 0.00003546283794272714
66 0.00018628059697440975
67 0.00008407569284796038
69 0.00023724943034546792
71 0.00012561808978093188
72 0.0019406908315597465
73 0.00019291377466338104
87 0.0018915626778779851
89 0.0007604583956293918
100 0.0003059416346523785
104 0.0004924153504300117
113 0.00011133348371866765
115 0.0004119757166161532
162 0.0004149542829511784
180 0.0001136486243970201
185 0.001328168424244804
196 0.0003351616683040378
197 0.0005808473810965232
243 0.000529546954728898
267 0.0008350709958370184
277 0.00009965045113662244
366 0.00034225708731462997
367 0.0008021172723669201
368 0.00018686500362842702
377 0.0003188377153162591
416 0.0009332799141683663
464 0.000393582208037624
467 0.00034552605606704003
493 0.0009381615620287627
494 0.001757898766828749
550 0.0005066488975853823
608 0.0006877613496108782
613 0.0005194705449015992
670 0.0003329428059983855
753 0.0002783569986123394
772 0.0002597352724507996
779 0.0015131811157401073
781 0.0027879348971001803
851 0.00008185705212231243
858 0.0004915108718269986
1162 0.00030263622314802144
1395 0.0001739500102896398
1966 0.0005258216860189834
2497 0.000424038368775366
2816 0.0006345864806991627
3205 0.002027492797069741
4280 0.0004338499289216686
4582 0.0007384474589275524
4585 0.0014768949178551047
4586 0.0006758309323565803
4587 0.001746228648835274