9 0.00017041626586836213
13 0.000006495774716904924
16 0.00007545831652538253
19 0.00013212323419503196
20 0.0002464916487181342
38 0.000005801646248097621
39 0.000013901335368914586
40 0.00000900625889003274
41 0.000011139841612308305
42 0.000051443803059355216
43 0.00001236461273776724
44 0.00013635553537529827
46 0.0005044346925939492
47 0.0004965540757811133
51 0.0001874710953630101
55 0.00009700475713476236
56 0.00006477729821638932
57 0.0001250684069607151
63 0.00000567829780156086
65 0.00001773141897136357
67 0.00008407569284796038
69 0.00023724943034546792
70 0.00035233775638020634
71 0.00012561808978093188
72 0.0007057057569308169
73 0.00019291377466338104
76 0.0001335842653591911
87 0.0009457813389389926
89 0.00047528649726836993
113 0.0002226669674373353
160 0.0014418999542343044
162 0.0004149542829511784
177 0.00015160120460271228
180 0.00005682431219851005
192 0.0003242865707429365
196 0.0013406466732161513
226 0.001024655678495576
261 0.0002338723830583595
310 0.0006490679108303783
480 0.0022032843394611356
669 0.00012589385831905585
746 0.0003672140565768559
851 0.00008185705212231243
1001 0.00030739717354226806
1321 0.0006542092087142864
4137 0.00048355146215385347
4257 0.0003887745697496512