0 0.00019243773886705868
1 0.0001309668193588762
2 0.00017273030805218352
3 0.00037969048392546374
4 0.00035233775638020634
5 0.0002365665368606119
6 0.0002400196965770493
7 0.000233207996263883
8 0.00028224872431895635
9 0.00017041626586836213
13 0.00003897464830142955
20 0.0004929832974362684
21 0.000572213429337706
22 0.0001341735889149772
34 0.00013031629576506
35 0.0007775491394993024
36 0.00008296386270199534
38 0.000008702469372146433
39 0.000009267556912609724
40 0.000012008345186710319
41 0.000014853122149744404
42 0.00015433140917806565
43 0.000016486150317022987
44 0.00013635553537529827
45 0.00012982121229608657
46 0.00022928849663361327
47 0.00031598895731525394
48 0.00013154366307515625
49 0.000041620673939093223
51 0.00004686777384075253
52 0.00028994739050714656
55 0.00009700475713476236
58 0.0005491700750215032
59 0.00040158610568973463
60 0.0002572917550567303
61 0.00035285287846540845
63 0.0000018927659338536198
64 0.00018731984297588175
65 0.00001773141897136357
66 0.00018628059697440975
67 0.00004203784642398019
84 0.0002130879622223576
85 0.00048714592340005404
114 0.00021141259586679695
116 0.009844571238625728
117 0.0004338499289216686
118 0.0018158173388881287
119 0.0007881489921597373
120 0.0012691729613983254
121 0.0030189029671873397
122 0.00018417084982617462
123 0.000188234616351904
124 0.00009942778247685315
125 0.0008047533925478269
126 0.0023634624003947224
127 0.0008358162765125703
128 0.00045619873460859607
129 0.005018186080694557
130 0.00027274170858643915
131 0.0004092519030008361
132 0.0003985861298959538
133 0.0022740671776470124
134 0.0003672140565768559
135 0.0005961065889605145
136 0.0002925555540824451
137 0.000873114324417637
138 0.0018876044317017236
139 0.00028224872431895635
140 0.0004603543550640608
141 0.002613928506678611
142 0.0015762979843194746
143 0.0006599779013865577
144 0.0003382847440033342
145 0.0006758309323565803
146 0.000264773477364449
147 0.004365571622088185
148 0.0006037805934374678
149 0.0003732936031739842
150 0.00017810563074510452
151 0.0003359696033249817
152 0.0005587052342654505
153 0.000873114324417637
154 0.0003314569809760339
155 0.000873114324417637
156 0.0004338499289216686
157 0.000618218327643938
158 0.0005684838474787511
159 0.0001776836714179443
160 0.00018023749427928805
161 0.0004887683798320584
162 0.0004149542829511784
163 0.0007881489921597373