0 0.00019243773886705868
1 0.0002619336387177524
2 0.00017273030805218352
5 0.0002365665368606119
6 0.0002400196965770493
7 0.000233207996263883
13 0.000006495774716904924
16 0.00007545831652538253
20 0.0004929832974362684
26 0.00012343399523364164
33 0.00011331060825040136
36 0.00008296386270199534
37 0.00020975981940966445
38 0.000008702469372146433
39 0.000004633778456304862
40 0.000012008345186710319
41 0.000003713280537436101
42 0.000051443803059355216
43 0.00001236461273776724
47 0.00013542383884939454
49 0.000041620673939093223
51 0.0001406033215222576
52 0.00014497369525357328
56 0.00012955459643277864
63 0.00000567829780156086
64 0.00018731984297588175
65 0.00007092567588545428
66 0.00009314029848720488
72 0.00017642643923270423
75 0.004521793888347557
82 0.001699447636597204
83 0.0015177008035223431
87 0.0001891562677877985
88 0.00024872719512041187
89 0.00009505729945367397
113 0.0002226669674373353
114 0.00021141259586679695
130 0.00027274170858643915
158 0.00028424192373937554
159 0.0001776836714179443
177 0.00030320240920542457
180 0.00005682431219851005
184 0.00040649720137641123
196 0.0001675808341520189
277 0.00009965045113662244
297 0.00034888459666376895
360 0.00019339166635443979
371 0.0004408563537610837
376 0.00034065472379816113
433 0.0005908656000986806
449 0.00043049138832493966
468 0.0009408623929141627
471 0.00045619873460859607
472 0.0006534821266696528
558 0.0003775208863403447
790 0.0004887683798320584
1056 0.0006534821266696528
1057 0.0008676998578433372
1058 0.00044828766312813873
1059 0.0013516618647131605
1060 0.0002852508106156339
1061 0.000873114324417637
1062 0.0007743025821711785
1063 0.0005188152611795682
1064 0.000618218327643938
1065 0.0007881489921597373
1066 0.000424038368775366
1067 0.0004408563537610837