13 0.000006495774716904924
16 0.00007545831652538253
33 0.00011331060825040136
36 0.00008296386270199534
38 0.000008702469372146433
39 0.000004633778456304862
40 0.00000900625889003274
41 0.000011139841612308305
42 0.000051443803059355216
43 0.00001236461273776724
44 0.00013635553537529827
46 0.00027514619596033594
47 0.00022570639808232424
48 0.00013154366307515625
51 0.00004686777384075253
63 0.00000567829780156086
65 0.00001773141897136357
70 0.00035233775638020634
180 0.00005682431219851005
309 0.0003003233420124021
347 0.0002479774737404859
379 0.0003438806748054391
401 0.00018110073068838497
413 0.00024142866684252312
468 0.0003136207976380542
684 0.0031549301161139004
772 0.0012986763622539982
851 0.00008185705212231243
857 0.0006758309323565803
902 0.0003753890228061612
1173 0.008358162765125705
4137 0.00048355146215385347
4185 0.0006345864806991627
4415 0.0005908656000986806
4588 0.006984914595341096