9 0.00017041626586836213
13 0.00003247887358452463
14 0.0005050923328198371
15 0.0005129759100776286
16 0.00007545831652538253
17 0.00018869457585405535
22 0.00040252076674493167
26 0.00012343399523364164
33 0.00011331060825040136
34 0.000043438765255019996
36 0.00004148193135099767
38 0.000008702469372146433
39 0.000018535113825219447
40 0.00000900625889003274
41 0.000011139841612308305
42 0.000051443803059355216
43 0.00001236461273776724
44 0.00013635553537529827
46 0.00045857699326722653
47 0.0004965540757811133
48 0.00013154366307515625
49 0.00008324134787818645
51 0.00009373554768150506
55 0.00009700475713476236
56 0.00012955459643277864
57 0.0001250684069607151
63 0.0000037855318677072396
65 0.00003546283794272714
66 0.00018628059697440975
67 0.00008407569284796038
76 0.0002671685307183822
86 0.0004408563537610837
89 0.00009505729945367397
104 0.00016413845014333722
113 0.0002226669674373353
114 0.00021141259586679695
115 0.0002059878583080766
122 0.00018417084982617462
124 0.00009942778247685315
127 0.00041790813825628515
132 0.0007971722597919076
133 0.005685167944117532
150 0.00017810563074510452
158 0.00028424192373937554
171 0.0005474447163507476
185 0.0010625347393958431
186 0.0005050923328198371
226 0.0004098622713982304
230 0.0002958245228348551
259 0.00025891534254753946
277 0.00019930090227324488
297 0.00034888459666376895
304 0.00026056072380914035
365 0.0008544448391450592
368 0.00018686500362842702
396 0.0007678541784258615
430 0.00022365154352182467
452 0.0011058260397859769
457 0.0002936355528176933
461 0.0015943445195838151
543 0.0023763518218841303
573 0.0001652752038556845
648 0.0003201773905469762
669 0.00012589385831905585
747 0.0005188152611795682
770 0.0004785475402955236
851 0.00008185705212231243
905 0.0004942172352587358
980 0.0014532893234809562
993 0.00043049138832493966
1060 0.0002852508106156339
1154 0.0011881759109420651
1280 0.00032568748957397626
1290 0.00031109330472278875
1395 0.0003479000205792796
2063 0.00040116683707882124
2178 0.0006534821266696528
2497 0.000424038368775366
3040 0.0005685167944117531
3201 0.0005411640668664958
3401 0.010338264424985736
4280 0.0004338499289216686
4589 0.0005791825675166354
4590 0.003492457297670548
4591 0.000873114324417637
4592 0.0006534821266696528