9 0.00013633301269468968
11 0.0008185038060016722
12 0.000769463865116443
13 0.000025983098867619697
14 0.0005050923328198371
15 0.000769463865116443
16 0.00015091663305076506
33 0.00011331060825040136
34 0.00013031629576506
38 0.000008702469372146433
39 0.000009267556912609724
40 0.000006004172593355159
41 0.000007426561074872202
42 0.00010288760611871043
43 0.00001236461273776724
44 0.00013635553537529827
45 0.00012982121229608657
46 0.0004127192939405039
47 0.00040627151654818366
48 0.00013154366307515625
49 0.000041620673939093223
51 0.00004686777384075253
63 0.0000037855318677072396
65 0.00001773141897136357
81 0.00018240709186440708
88 0.00024872719512041187
89 0.00009505729945367397
125 0.0005365022616985512
134 0.0007344281131537118
150 0.00035621126149020904
158 0.00028424192373937554
180 0.00005682431219851005
186 0.0005050923328198371
196 0.0001675808341520189
222 0.0003841483956894837
230 0.0005916490456697102
237 0.0007117820430063682
270 0.001438201479074605
271 0.0008975491902947523
283 0.00041790813825628515
286 0.0003975504898392634
288 0.0018241495167386093
291 0.0003887745697496512
357 0.002063284048832635
368 0.00018686500362842702
396 0.0007678541784258615
538 0.0002852508106156339
573 0.0001652752038556845
715 0.0004092519030008361
851 0.00008185705212231243
868 0.0002709256892452844
980 0.0007266446617404781
1001 0.00030739717354226806
1015 0.0005685167944117531
1290 0.0015554665236139438
1388 0.0022523341368369675
1511 0.0004408563537610837
2152 0.0009884344705174716
2722 0.0008358162765125703
4593 0.0007881489921597373