9 0.00017041626586836213
12 0.0005129759100776286
13 0.000012991549433809848
16 0.00007545831652538253
23 0.00045603737918465233
26 0.00012343399523364164
33 0.00011331060825040136
34 0.00017375506102007999
35 0.0003887745697496512
36 0.00004148193135099767
38 0.000011603292496195242
39 0.000009267556912609724
40 0.00000900625889003274
41 0.000011139841612308305
42 0.000051443803059355216
43 0.000008243075158511493
44 0.00013635553537529827
46 0.0003210038952870586
47 0.00031598895731525394
48 0.00013154366307515625
49 0.000041620673939093223
51 0.0001406033215222576
55 0.00009700475713476236
56 0.00012955459643277864
57 0.0001250684069607151
63 0.0000018927659338536198
65 0.00001773141897136357
89 0.00009505729945367397
99 0.0003271046043571432
113 0.0004453339348746706
158 0.0008527257712181266
185 0.0002656336848489608
192 0.0003242865707429365
196 0.0001675808341520189
230 0.0002958245228348551
243 0.000264773477364449
270 0.0007191007395373025
271 0.0005983661268631681
274 0.002893715032852815
279 0.00022929556638299245
307 0.00022550415909059743
309 0.0003003233420124021
347 0.0002479774737404859
360 0.00019339166635443979
368 0.00018686500362842702
396 0.000959817723032327
430 0.00022365154352182467
452 0.0002764565099464942
468 0.0003136207976380542
492 0.0007593809678509275
507 0.0010909668343457566
508 0.0008047533925478269
512 0.0006350250466893421
550 0.00025332444879269114
573 0.000330550407711369
576 0.0003086168757797243
628 0.002901308772923121
669 0.0002517877166381117
753 0.0002783569986123394
772 0.0002597352724507996
851 0.00008185705212231243
1068 0.0004887683798320584
1173 0.0008358162765125703
1290 0.0006221866094455775
1328 0.0014164060573678956
1417 0.0011734644615866965
1519 0.0032525907132835443
2152 0.0009884344705174716
4594 0.001746228648835274
4595 0.000873114324417637
4596 0.000873114324417637
4597 0.000873114324417637
4598 0.000873114324417637
4599 0.000873114324417637