9 0.00027266602538937937
13 0.000019487324150714776
21 0.0001430533573344265
22 0.0005366943556599089
34 0.000043438765255019996
36 0.00004148193135099767
38 0.000011603292496195242
39 0.000004633778456304862
40 0.000006004172593355159
41 0.000003713280537436101
42 0.000051443803059355216
43 0.00001236461273776724
51 0.00004686777384075253
63 0.0000094638296692681
65 0.00007092567588545428
66 0.00018628059697440975
89 0.00028517189836102194
97 0.00023454039050719067
99 0.0003271046043571432
115 0.0002059878583080766
180 0.00005682431219851005
255 0.00017273030805218352
267 0.0002783569986123394
277 0.00009965045113662244
360 0.00019339166635443979
410 0.0005685167944117531
411 0.00044608035070850863
439 0.0003314569809760339
491 0.0018665598283367326
499 0.000618218327643938
507 0.00027274170858643915
508 0.0008047533925478269
512 0.00031751252334467103
709 0.0010909668343457566
781 0.0013939674485500902
851 0.0002455711563669373
873 0.00037969048392546374
1037 0.0002709256892452844
1187 0.00035770704084433884
1191 0.0006758309323565803
1442 0.0004338499289216686
2014 0.0017194033740271957
2378 0.0006006466840248042
4600 0.004365571622088185