9 0.00020449951904203455
13 0.000019487324150714776
16 0.00015091663305076506
22 0.0002683471778299544
26 0.00012343399523364164
33 0.00011331060825040136
34 0.00013031629576506
36 0.00012444579405299303
38 0.000008702469372146433
39 0.000009267556912609724
40 0.000012008345186710319
41 0.000011139841612308305
42 0.00010288760611871043
43 0.00001236461273776724
44 0.00013635553537529827
46 0.0003668615946137812
47 0.00040627151654818366
48 0.00013154366307515625
49 0.00008324134787818645
51 0.00023433886920376268
55 0.00009700475713476236
56 0.00012955459643277864
57 0.0001250684069607151
63 0.0000037855318677072396
65 0.00001773141897136357
66 0.0003725611939488195
89 0.00009505729945367397
99 0.0016355230217857163
113 0.00011133348371866765
158 0.00028424192373937554
185 0.0007969010545468823
230 0.0008874735685045654
255 0.00034546061610436703
288 0.00022801868959232616
368 0.00018686500362842702
439 0.0029831128287843055
491 0.0009332799141683663
507 0.00027274170858643915
508 0.0042920180935884095
512 0.0006350250466893421
520 0.0003237921753424907
550 0.00025332444879269114
573 0.000330550407711369
576 0.0006172337515594486
669 0.0002517877166381117
709 0.0005454834171728783
779 0.00030263622314802144
851 0.00008185705212231243
1187 0.00035770704084433884
1191 0.0006758309323565803
1223 0.0004887683798320584
1224 0.00044828766312813873
1271 0.0003652527497189936
1417 0.0003911548205288988
2992 0.0014506543864615605
4601 0.000549621148441263
4602 0.0006345864806991627
4603 0.0006345864806991627
4604 0.000873114324417637