9 0.00020449951904203455
13 0.000006495774716904924
16 0.00007545831652538253
18 0.0007117482910364039
33 0.00022662121650080273
36 0.00004148193135099767
37 0.0004195196388193289
38 0.000008702469372146433
39 0.000009267556912609724
40 0.00000900625889003274
41 0.000011139841612308305
42 0.00015433140917806565
43 0.000020607687896278735
44 0.00013635553537529827
46 0.0004127192939405039
47 0.00040627151654818366
48 0.00013154366307515625
49 0.000041620673939093223
51 0.00004686777384075253
55 0.00038801902853904946
56 0.00006477729821638932
57 0.0001250684069607151
63 0.0000037855318677072396
65 0.00001773141897136357
67 0.00004203784642398019
68 0.0002914849877710017
72 0.00017642643923270423
75 0.0009043587776695111
76 0.0005343370614367644
86 0.0004408563537610837
125 0.0008047533925478269
180 0.00005682431219851005
245 0.000181970089392662
289 0.0003712334023506965
310 0.0009736018662455675
573 0.0001652752038556845
669 0.00012589385831905585
711 0.0004092519030008361
851 0.00008185705212231243
1036 0.0003732936031739842
1395 0.0001739500102896398
1400 0.0014212197060226527
4265 0.001236436655287876
4608 0.000873114324417637
4609 0.0005332529953860384
4610 0.000873114324417637