9 0.00017041626586836213
13 0.000012991549433809848
16 0.00007545831652538253
19 0.00013212323419503196
21 0.0001430533573344265
33 0.00011331060825040136
36 0.00004148193135099767
38 0.000011603292496195242
39 0.000004633778456304862
40 0.000006004172593355159
41 0.000007426561074872202
42 0.00010288760611871043
43 0.000020607687896278735
51 0.00004686777384075253
63 0.000007571063735414479
65 0.00005319425691409072
67 0.00004203784642398019
72 0.0007057057569308169
76 0.0010686741228735288
86 0.0004408563537610837
87 0.0005674688033633956
104 0.00016413845014333722
115 0.0004119757166161532
122 0.00018417084982617462
150 0.00035621126149020904
180 0.00005682431219851005
183 0.0014569032223368179
197 0.0002904236905482616
277 0.00009965045113662244
286 0.0001987752449196317
288 0.001140093447961631
357 0.0003438806748054391
430 0.00022365154352182467
497 0.00017684408550895013
608 0.0006877613496108782
646 0.0003712334023506965
670 0.0003329428059983855
851 0.0002455711563669373
1026 0.0010823281337329915
1162 0.0006052724462960429
1395 0.0005218500308689194
1403 0.0010365781682011202
2378 0.0006006466840248042