9 0.00010224975952101728
13 0.000025983098867619697
15 0.0002564879550388143
16 0.00007545831652538253
18 0.0014234965820728077
33 0.00011331060825040136
34 0.00026063259153012
36 0.00004148193135099767
38 0.000014504115620244055
39 0.000009267556912609724
40 0.000015010431483387899
41 0.000018566402687180508
43 0.000016486150317022987
44 0.0003408888384382457
45 0.00012982121229608657
48 0.0006577183153757813
49 0.000041620673939093223
56 0.0002591091928655573
63 0.00001324936153697534
65 0.00001773141897136357
66 0.00027942089546161464
67 0.00004203784642398019
89 0.00009505729945367397
100 0.0004589124519785678
107 0.0004098622713982304
123 0.000188234616351904
124 0.0001988555649537063
139 0.00028224872431895635
160 0.00018023749427928805
171 0.0001368611790876869
196 0.0001675808341520189
230 0.0008874735685045654
251 0.0006600847596749821
253 0.0002472323099654942
261 0.000467744766116719
264 0.00021085919057695548
304 0.00026056072380914035
355 0.0014663051394961752
368 0.00018686500362842702
396 0.0005758906338193962
413 0.00024142866684252312
431 0.00037969048392546374
497 0.00017684408550895013
507 0.00027274170858643915
508 0.0002682511308492756
520 0.00016189608767124534
544 0.0004785475402955236
550 0.00025332444879269114
555 0.0004915108718269986
558 0.0003775208863403447
564 0.0004942172352587358
709 0.00027274170858643915
743 0.000499919615209078
779 0.00030263622314802144
782 0.0007228436844087877
810 0.00043730308863810597
851 0.0002455711563669373
852 0.0003887745697496512
899 0.0008965753262562775
1211 0.001117410468530901
1223 0.0004887683798320584
1224 0.00044828766312813873
1397 0.003083161592072034
1417 0.0003911548205288988
1468 0.0004120699366150429
1773 0.000499919615209078
2007 0.0004408563537610837
2014 0.0003438806748054391
2043 0.0005332529953860384
2085 0.0003672140565768559
2148 0.00044828766312813873
2218 0.00045619873460859607
2223 0.0013516618647131605
2346 0.00044828766312813873
2469 0.0007031836599018376
3350 0.0006758309323565803
3800 0.0007881489921597373
4149 0.011109196153384099
4601 0.000549621148441263
4611 0.003492457297670548
4612 0.003492457297670548
4613 0.003515918299509189
4614 0.002703323729426321
4615 0.000873114324417637
4616 0.000873114324417637
4617 0.0007031836599018376
4618 0.000873114324417637
4619 0.000873114324417637
4620 0.000873114324417637
4621 0.000873114324417637
4622 0.000873114324417637
4623 0.000873114324417637
4624 0.000873114324417637
4625 0.000873114324417637
4626 0.000873114324417637
4627 0.000873114324417637