9 0.00010224975952101728
13 0.000012991549433809848
17 0.00018869457585405535
19 0.00039636970258509594
22 0.00040252076674493167
23 0.00045603737918465233
30 0.00022182651134558653
33 0.00033993182475120415
34 0.00017375506102007999
36 0.00012444579405299303
38 0.000005801646248097621
39 0.000009267556912609724
40 0.000015010431483387899
41 0.000007426561074872202
42 0.000051443803059355216
43 0.000016486150317022987
49 0.00008324134787818645
51 0.00004686777384075253
56 0.00019433189464916796
63 0.000007571063735414479
65 0.00003546283794272714
67 0.00008407569284796038
68 0.0002914849877710017
76 0.0002671685307183822
84 0.0006392638866670728
113 0.0002226669674373353
122 0.00018417084982617462
124 0.00009942778247685315
139 0.00028224872431895635
143 0.0029699005562395103
150 0.00017810563074510452
159 0.0001776836714179443
160 0.0009011874713964403
171 0.0005474447163507476
183 0.000416258063524805
212 0.0008023336741576425
245 0.000181970089392662
263 0.0002338723830583595
264 0.00021085919057695548
277 0.00019930090227324488
279 0.00022929556638299245
289 0.0003712334023506965
292 0.0002914849877710017
307 0.00022550415909059743
333 0.0004338499289216686
347 0.0007439324212214578
396 0.0005758906338193962
427 0.00044451570202655086
430 0.00044730308704364933
464 0.000787164416075248
497 0.00035368817101790026
507 0.0010909668343457566
549 0.00040380304757415875
557 0.008056729006731956
633 0.00040649720137641123
648 0.0003201773905469762
675 0.0006345864806991627
703 0.0005725361401855936
794 0.0015997589861581152
795 0.005434025340937211
802 0.003267410633348264
803 0.0002597352724507996
811 0.0036174351106780444
851 0.00008185705212231243
893 0.0018876044317017236
902 0.0003753890228061612
933 0.000618218327643938
942 0.0013119092659143181
980 0.00036332233087023905
1120 0.00029472515166756405
1211 0.0005587052342654505
1223 0.0009775367596641168
1224 0.0008965753262562775
1235 0.0005258216860189834
1240 0.0005908656000986806
1348 0.000618218327643938
1388 0.0003753890228061612
1400 0.0018949596080302035
1450 0.0029311874061657872
1529 0.0003818991754555788
1582 0.0006037805934374678
1641 0.0007881489921597373
1965 0.0007031836599018376
2180 0.0005908656000986806
2260 0.00045619873460859607
2338 0.0005908656000986806
2443 0.000618218327643938
2488 0.0014768949178551047
2499 0.0006037805934374678
2505 0.0029537898357102094
2618 0.0006345864806991627
2729 0.012364366552878762
2774 0.003379154661782902
2817 0.0007881489921597373
2900 0.0007881489921597373
3049 0.0013516618647131605
3873 0.0005685167944117531
4172 0.0005258216860189834
4222 0.0013565381665042668
4601 0.000549621148441263
4628 0.0007384474589275524
4629 0.008669638913757112
4630 0.013969829190682192
4631 0.013969829190682192
4632 0.007858028919758734
4633 0.000873114324417637
4634 0.000873114324417637
4635 0.015716057839517468
4636 0.000873114324417637
4637 0.000873114324417637
4638 0.001746228648835274
4639 0.0006345864806991627
4640 0.0005332529953860384
4641 0.000873114324417637
4642 0.000873114324417637
4643 0.0007881489921597373