9 0.00023858277221570697
13 0.00005196619773523939
14 0.00025254616640991854
15 0.0002564879550388143
19 0.00013212323419503196
21 0.0004291600720032795
22 0.0001341735889149772
26 0.00012343399523364164
27 0.00033751149866781817
30 0.00022182651134558653
36 0.00012444579405299303
38 0.000005801646248097621
39 0.000004633778456304862
40 0.00000900625889003274
41 0.000014853122149744404
43 0.000008243075158511493
45 0.00012982121229608657
48 0.0002630873261503125
49 0.000041620673939093223
63 0.0000094638296692681
65 0.00001773141897136357
66 0.00009314029848720488
84 0.0006392638866670728
124 0.00009942778247685315
125 0.0002682511308492756
132 0.0007971722597919076
135 0.0008941598834407718
143 0.0013199558027731154
171 0.0002737223581753738
174 0.0011817312001973612
180 0.00005682431219851005
184 0.00040649720137641123
211 0.0006534821266696528
245 0.000181970089392662
253 0.0004944646199309884
277 0.00039860180454648976
287 0.00025810086072372616
288 0.00022801868959232616
292 0.0008744549633130053
357 0.0003438806748054391
366 0.00034225708731462997
377 0.0003188377153162591
399 0.0002969338431976791
490 0.0004338499289216686
491 0.00248874643778231
492 0.001898452419627319
499 0.001236436655287876
506 0.0008975491902947523
520 0.00016189608767124534
569 0.0008418698711657627
682 0.0003753890228061612
688 0.000549621148441263
691 0.0003038092374917516
724 0.0011817312001973612
851 0.00008185705212231243
873 0.00037969048392546374
888 0.001011800535681562
896 0.0005791825675166354
946 0.0023927377014776184
978 0.0007881489921597373
1007 0.000393582208037624
1027 0.0005332529953860384
1176 0.0004785475402955236
1280 0.00032568748957397626
1285 0.00036332233087023905
1339 0.004150522089436545
1354 0.002234820937061802
1397 0.0005605748349221879
1469 0.0013516618647131605
1910 0.0005188152611795682
2108 0.0005791825675166354
2218 0.00045619873460859607
2358 0.0029537898357102094
2535 0.0015997589861581152
4644 0.000873114324417637
4645 0.001746228648835274
4646 0.000873114324417637
4647 0.000873114324417637
4648 0.000873114324417637
4649 0.002619342973252911
4650 0.000873114324417637
4651 0.0007384474589275524
4652 0.000873114324417637
4653 0.000873114324417637
4654 0.000618218327643938
4655 0.000873114324417637