0 0.00019243773886705868
1 0.0001309668193588762
9 0.00003408325317367242
13 0.000006495774716904924
26 0.00012343399523364164
34 0.0002171938262751
36 0.00016592772540399069
38 0.0000029008231240488105
39 0.000004633778456304862
42 0.000051443803059355216
43 0.00001236461273776724
44 0.00020453330306294742
46 0.0003668615946137812
47 0.00027084767769878907
55 0.00029101427140428715
56 0.00012955459643277864
63 0.0000018927659338536198
65 0.00001773141897136357
84 0.0002130879622223576
97 0.00023454039050719067
100 0.00015297081732618925
102 0.00025332444879269114
107 0.0002049311356991152
122 0.00036834169965234924
124 0.0003977111299074126
149 0.0003732936031739842
175 0.0011261670684184837
196 0.0001675808341520189
226 0.0002049311356991152
253 0.0002472323099654942
270 0.0007191007395373025
274 0.0037618295427086588
277 0.00019930090227324488
293 0.0013141531758317068
333 0.0004338499289216686
375 0.00025891534254753946
392 0.0011877353727907164
396 0.00019196354460646538
399 0.0011877353727907164
416 0.0006221866094455775
475 0.0002862680700927968
494 0.001171932511219166
495 0.0003753890228061612
540 0.0003471938241542892
555 0.0002457554359134993
572 0.0006781460730349327
573 0.000330550407711369
575 0.000505900267840781
642 0.0003887745697496512
711 0.0004092519030008361
753 0.0005567139972246788
779 0.00030263622314802144
845 0.0008746061772762119
851 0.00008185705212231243
879 0.0002958245228348551
1029 0.00047449886069093585
1037 0.0005418513784905688
1084 0.0018460362799863762
1290 0.0006221866094455775
1713 0.0004120699366150429
1755 0.004430684753565315
2213 0.0013335471060796527
2214 0.006399035944632461
2697 0.0008023336741576425
3053 0.0033522314055927033
3933 0.0018113417803124036
4376 0.0013069642533393056
4456 0.0013565381665042668
4656 0.0005587052342654505
4657 0.0007881489921597373
4658 0.004548134355294025
4659 0.0007881489921597373
4660 0.0012075611868749357
4661 0.0013516618647131605