9 0.00013633301269468968
13 0.000006495774716904924
19 0.00066061617097516
22 0.00040252076674493167
30 0.0006654795340367597
34 0.00008687753051003999
36 0.00008296386270199534
38 0.000011603292496195242
39 0.000009267556912609724
40 0.000012008345186710319
41 0.000011139841612308305
43 0.00001236461273776724
45 0.00012982121229608657
56 0.00006477729821638932
59 0.000602379158534602
63 0.0000094638296692681
65 0.00005319425691409072
66 0.00027942089546161464
67 0.00008407569284796038
73 0.00019291377466338104
100 0.0003059416346523785
104 0.00016413845014333722
106 0.0015177008035223431
113 0.00011133348371866765
123 0.000188234616351904
127 0.00041790813825628515
167 0.00045217938883475555
175 0.0003753890228061612
177 0.0004548036138081369
180 0.00005682431219851005
251 0.0006600847596749821
287 0.00025810086072372616
374 0.000505900267840781
455 0.00041790813825628515
514 0.00043049138832493966
515 0.0015774650580569502
540 0.0006943876483085783
569 0.00042093493558288133
615 0.0006534821266696528
690 0.0004942172352587358
851 0.00016371410424462487
893 0.0007550417726806894
1395 0.0001739500102896398
1450 0.0006513749791479525
1586 0.0033976879770631027
1742 0.000499919615209078
1837 0.000499919615209078
2085 0.0003672140565768559
2108 0.0005791825675166354
2218 0.0013685962038257882
2780 0.0014768949178551047
2914 0.0007031836599018376
3079 0.000549621148441263
3121 0.0007384474589275524
3190 0.003379154661782902
3967 0.0007881489921597373
4667 0.000873114324417637
4668 0.003492457297670548
4669 0.0007881489921597373
4670 0.002472873310575752
4671 0.0007881489921597373
4672 0.000873114324417637
4673 0.0007384474589275524
4674 0.000873114324417637
4675 0.0015762979843194746
4676 0.000873114324417637
4677 0.000873114324417637
4678 0.000873114324417637
4679 0.000873114324417637
4680 0.000873114324417637