9 0.00006816650634734484
13 0.000006495774716904924
16 0.00015091663305076506
19 0.00013212323419503196
26 0.00012343399523364164
33 0.00011331060825040136
34 0.00008687753051003999
38 0.000008702469372146433
39 0.000004633778456304862
40 0.000015010431483387899
41 0.000007426561074872202
43 0.000008243075158511493
48 0.00013154366307515625
52 0.00014497369525357328
59 0.0018071374756038062
63 0.000007571063735414479
65 0.00003546283794272714
66 0.00009314029848720488
76 0.0001335842653591911
81 0.00018240709186440708
84 0.0002130879622223576
158 0.00028424192373937554
160 0.0007209499771171522
180 0.00005682431219851005
183 0.0002081290317624025
243 0.000264773477364449
261 0.0002338723830583595
264 0.00021085919057695548
279 0.00022929556638299245
292 0.0002914849877710017
307 0.00022550415909059743
360 0.00019339166635443979
401 0.000543302192065155
412 0.00028729384230050906
413 0.00024142866684252312
497 0.00017684408550895013
507 0.0005454834171728783
652 0.0004737399020075509
669 0.00012589385831905585
709 0.00027274170858643915
719 0.00048355146215385347
772 0.0002597352724507996
851 0.00008185705212231243
894 0.0010243755036608584
908 0.001095758249156981
915 0.00032290148184198857
1001 0.00030739717354226806
1412 0.0005188152611795682
1586 0.0030201670907227577
1662 0.0005587052342654505
1781 0.000846746172956869
1785 0.00030499358548289365
2398 0.0008965753262562775
2821 0.0006037805934374678
2992 0.00048355146215385347
3208 0.00034065472379816113
4177 0.0006758309323565803
4693 0.000873114324417637