1 0.0001309668193588762
13 0.00003247887358452463
21 0.000572213429337706
22 0.0005366943556599089
26 0.0002468679904672833
33 0.00022662121650080273
34 0.000043438765255019996
36 0.00004148193135099767
38 0.000008702469372146433
39 0.000004633778456304862
40 0.000012008345186710319
41 0.000011139841612308305
43 0.000020607687896278735
44 0.0003408888384382457
45 0.00012982121229608657
48 0.00013154366307515625
49 0.00008324134787818645
52 0.00014497369525357328
55 0.00009700475713476236
56 0.00012955459643277864
57 0.0001250684069607151
63 0.000007571063735414479
65 0.00001773141897136357
66 0.0005588417909232293
68 0.0002914849877710017
84 0.0012785277733341456
89 0.00009505729945367397
100 0.00015297081732618925
107 0.0002049311356991152
122 0.0005525125494785239
124 0.00009942778247685315
125 0.0008047533925478269
139 0.00028224872431895635
146 0.000264773477364449
210 0.0003201773905469762
212 0.0020058341853941065
226 0.0002049311356991152
245 0.000181970089392662
253 0.0002472323099654942
292 0.0011659399510840069
297 0.00034888459666376895
310 0.00048680093312278375
319 0.00045619873460859607
391 0.0013870153556247917
393 0.002712584292139731
435 0.0009207087101281216
546 0.0004120699366150429
548 0.0005791825675166354
550 0.00025332444879269114
587 0.0004942172352587358
589 0.0014212197060226527
590 0.0003672140565768559
591 0.00044451570202655086
658 0.0007682967913789674
663 0.0005332529953860384
665 0.0029326102789923505
666 0.0006513749791479525
667 0.006842981019128942
682 0.002627723159643129
694 0.0014663051394961752
703 0.0002862680700927968
717 0.000393582208037624
753 0.0008350709958370184
772 0.0002597352724507996
810 0.00043730308863810597
818 0.0004942172352587358
851 0.00016371410424462487
1029 0.00023724943034546792
1037 0.0002709256892452844
1060 0.0002852508106156339
1150 0.0025383459227966507
1196 0.0003841483956894837
1198 0.00044451570202655086
1280 0.000977062468721929
1340 0.008884210729788278
1629 0.00043049138832493966
1671 0.004396969187530104
1705 0.0004149542829511784
1822 0.004226464154062275
2443 0.000618218327643938
4651 0.0014768949178551047
4654 0.0037093099658636283
4694 0.0028127346396073505
4695 0.003492457297670548
4696 0.001746228648835274
4697 0.001746228648835274
4698 0.006984914595341096
4699 0.000873114324417637
4700 0.000873114324417637
4701 0.000873114324417637
4702 0.0007031836599018376
4703 0.0007384474589275524
4704 0.004365571622088185
4705 0.000873114324417637
4706 0.000873114324417637
4707 0.000873114324417637
4708 0.000873114324417637
4709 0.000873114324417637
4710 0.000873114324417637