0 0.00019243773886705868
1 0.0001309668193588762
2 0.00017273030805218352
5 0.0002365665368606119
6 0.0002400196965770493
7 0.000233207996263883
8 0.00028224872431895635
13 0.000045470423018334476
16 0.00007545831652538253
20 0.0004929832974362684
28 0.0005066488975853823
34 0.000043438765255019996
36 0.00008296386270199534
38 0.000011603292496195242
39 0.000013901335368914586
40 0.000015010431483387899
41 0.000014853122149744404
42 0.000051443803059355216
43 0.00002472922547553448
45 0.0005192848491843463
46 0.0001834307973068906
47 0.00031598895731525394
48 0.00013154366307515625
49 0.000041620673939093223
52 0.00028994739050714656
58 0.0008237551125322549
59 0.00040158610568973463
60 0.0002572917550567303
61 0.00035285287846540845
63 0.000007571063735414479
64 0.00018731984297588175
65 0.00005319425691409072
66 0.0003725611939488195
67 0.00004203784642398019
72 0.00017642643923270423
81 0.0014592567349152566
82 0.0005664825455324013
85 0.00048714592340005404
89 0.00009505729945367397
99 0.0003271046043571432
100 0.000611883269304757
104 0.00016413845014333722
113 0.00011133348371866765
118 0.0009079086694440643
123 0.000188234616351904
124 0.00009942778247685315
130 0.00027274170858643915
160 0.00018023749427928805
177 0.00015160120460271228
193 0.0005872711056353866
194 0.0007031836599018376
250 0.0011137002070520895
251 0.00044005650644998804
260 0.0007637983509111575
264 0.00021085919057695548
277 0.00039860180454648976
279 0.00022929556638299245
286 0.0001987752449196317
315 0.0004785475402955236
320 0.00029472515166756405
321 0.00048355146215385347
352 0.0002958245228348551
360 0.00019339166635443979
362 0.0006758309323565803
411 0.00044608035070850863
412 0.00028729384230050906
413 0.00024142866684252312
558 0.006040334181445515
633 0.00040649720137641123
779 0.0006052724462960429
841 0.0004338499289216686
850 0.0003960586369806884
875 0.0003841483956894837
891 0.0004785475402955236
945 0.0022153423767826575
954 0.005317790400888127
1029 0.00023724943034546792
1052 0.0005258216860189834
1073 0.00046465581618336337
1074 0.000618218327643938
1075 0.0006037805934374678
1076 0.0006758309323565803
1077 0.017571604241271088
1078 0.0004408563537610837
1079 0.001746228648835274
1080 0.0018546549829318141
1081 0.000549621148441263
1082 0.00043730308863810597
1083 0.0006345864806991627
1084 0.00036920725599727517
1085 0.000787164416075248
1086 0.0005258216860189834