9 0.00003408325317367242
12 0.0005129759100776286
13 0.000025983098867619697
16 0.00007545831652538253
17 0.0013208620309783875
18 0.0009489977213818717
19 0.00013212323419503196
20 0.0007394749461544028
30 0.00044365302269117307
33 0.00033993182475120415
34 0.00017375506102007999
36 0.00012444579405299303
38 0.000014504115620244055
39 0.000004633778456304862
40 0.0000030020862966775796
43 0.000004121537579255747
48 0.0006577183153757813
56 0.00006477729821638932
59 0.00020079305284486732
63 0.0000018927659338536198
65 0.00007092567588545428
67 0.00004203784642398019
68 0.0002914849877710017
71 0.00012561808978093188
76 0.0002671685307183822
100 0.0003059416346523785
113 0.00011133348371866765
124 0.0001988555649537063
136 0.0002925555540824451
146 0.000264773477364449
160 0.00018023749427928805
177 0.00015160120460271228
179 0.0003086168757797243
180 0.00005682431219851005
226 0.0002049311356991152
237 0.0007117820430063682
247 0.0005211214476182807
249 0.003864396598488552
253 0.0002472323099654942
271 0.00029918306343158405
296 0.0009775367596641168
347 0.0002479774737404859
360 0.00019339166635443979
391 0.0002774030711249583
396 0.00019196354460646538
440 0.0009671029243077069
445 0.0006937085176890659
508 0.0005365022616985512
512 0.002222587663412698
573 0.0001652752038556845
606 0.0022740671776470124
709 0.0005454834171728783
730 0.006276027283793943
779 0.00030263622314802144
845 0.00043730308863810597
851 0.0002455711563669373
1020 0.0006758309323565803
1029 0.00047449886069093585
1176 0.003349832782068666
1290 0.0006221866094455775
1450 0.00032568748957397626
1591 0.0004691137279473833
1935 0.000505900267840781
2346 0.0008965753262562775
3089 0.0007881489921597373
4172 0.0005258216860189834
4265 0.000618218327643938
4711 0.000873114324417637
4712 0.000873114324417637
4713 0.001746228648835274
4714 0.000873114324417637
4715 0.001746228648835274
4716 0.000873114324417637
4717 0.001746228648835274
4718 0.000873114324417637
4719 0.001746228648835274
4720 0.000873114324417637
4721 0.0047288939529584245
4722 0.000873114324417637
4723 0.004365571622088185
4724 0.000873114324417637
4725 0.000873114324417637
4726 0.000873114324417637
4727 0.000873114324417637
4728 0.000873114324417637
4729 0.000873114324417637
4730 0.000873114324417637
4731 0.004365571622088185
4732 0.000873114324417637
4733 0.000873114324417637
4734 0.000873114324417637
4735 0.000873114324417637
4736 0.001746228648835274
4737 0.0007881489921597373