9 0.00020449951904203455
13 0.00003247887358452463
16 0.00015091663305076506
19 0.00013212323419503196
26 0.00012343399523364164
33 0.00011331060825040136
34 0.00008687753051003999
38 0.000005801646248097621
39 0.000013901335368914586
40 0.000015010431483387899
41 0.000018566402687180508
42 0.000051443803059355216
43 0.00002885076305479023
44 0.00013635553537529827
45 0.00012982121229608657
46 0.00045857699326722653
47 0.00045141279616464847
48 0.00013154366307515625
51 0.00004686777384075253
55 0.00019400951426952473
56 0.00006477729821638932
57 0.0001250684069607151
63 0.0000037855318677072396
65 0.00001773141897136357
67 0.00008407569284796038
71 0.00012561808978093188
72 0.0010585586353962255
73 0.00019291377466338104
75 0.00045217938883475555
76 0.0009350898575143378
87 0.0001891562677877985
89 0.00019011459890734794
124 0.00009942778247685315
143 0.0009899668520798367
146 0.000264773477364449
180 0.00005682431219851005
245 0.000181970089392662
391 0.00166441842674975
392 0.0002969338431976791
475 0.002003876490649578
494 0.00019532208520319432
669 0.00012589385831905585
803 0.0002597352724507996
851 0.00008185705212231243
1070 0.0003541015143419739
1264 0.0032525907132835443
1280 0.0006513749791479525
1395 0.0001739500102896398
1450 0.00032568748957397626
1548 0.0003985861298959538
1696 0.0009775367596641168
1788 0.0004120699366150429
4585 0.0007384474589275524
4609 0.0005332529953860384
4738 0.000873114324417637
4739 0.0006758309323565803
4740 0.0006758309323565803
4741 0.0007384474589275524
4742 0.000873114324417637