0 0.00019243773886705868
1 0.0001309668193588762
9 0.00003408325317367242
13 0.000045470423018334476
26 0.00012343399523364164
28 0.00025332444879269114
34 0.000043438765255019996
36 0.00012444579405299303
38 0.000008702469372146433
39 0.000018535113825219447
40 0.000015010431483387899
41 0.000011139841612308305
42 0.00020577521223742086
43 0.00002885076305479023
44 0.00027271107075059654
45 0.00025964242459217314
46 0.00022928849663361327
47 0.00018056511846585937
49 0.00012486202181727967
51 0.00009373554768150506
52 0.00014497369525357328
56 0.00019433189464916796
63 0.00000567829780156086
65 0.00001773141897136357
67 0.00004203784642398019
89 0.0003802291978146959
104 0.00032827690028667443
107 0.0002049311356991152
113 0.0002226669674373353
124 0.00009942778247685315
131 0.0004092519030008361
159 0.000533051014253833
165 0.00022550415909059743
180 0.00005682431219851005
251 0.00022002825322499402
277 0.0004982522556831122
293 0.0003285382939579267
297 0.00034888459666376895
300 0.0008241398732300858
309 0.0006006466840248042
368 0.00018686500362842702
396 0.00019196354460646538
401 0.0023543094989490047
475 0.003435216841113562
497 0.00017684408550895013
540 0.0003471938241542892
585 0.0003911548205288988
708 0.00035955036976865123
711 0.0004092519030008361
832 0.00048355146215385347
851 0.00008185705212231243
871 0.0003960586369806884
879 0.0002958245228348551
898 0.0003014743275909555
1030 0.0004338499289216686
1050 0.0004603543550640608
1062 0.00025810086072372616
1066 0.000424038368775366
1067 0.0004408563537610837
1388 0.0011261670684184837
1696 0.0009775367596641168
1827 0.00041790813825628515
1878 0.0007682967913789674
2085 0.0003672140565768559
2202 0.00046465581618336337
2203 0.0004603543550640608
2213 0.0017780628081062034
2260 0.00045619873460859607
2637 0.00043049138832493966
2697 0.001604667348315285
2700 0.0008076060951483175
2701 0.0004603543550640608
2702 0.00046465581618336337
2703 0.00045217938883475555
3007 0.00043049138832493966
3018 0.0004408563537610837
4369 0.000549621148441263
4370 0.0004603543550640608
4371 0.0004785475402955236
4372 0.0004691137279473833
4373 0.00046465581618336337
4374 0.0004737399020075509
4375 0.0004603543550640608
4456 0.00045217938883475555
4743 0.0024177573107692675
4744 0.001746228648835274
4745 0.000873114324417637
4746 0.001746228648835274
4747 0.0006345864806991627