9 0.00017041626586836213
13 0.000025983098867619697
16 0.00022637494957614764
22 0.0001341735889149772
33 0.00011331060825040136
34 0.000043438765255019996
36 0.00008296386270199534
38 0.000008702469372146433
39 0.000013901335368914586
40 0.00000900625889003274
41 0.000011139841612308305
42 0.00015433140917806565
43 0.000016486150317022987
44 0.00013635553537529827
46 0.0003668615946137812
47 0.00036113023693171874
48 0.00013154366307515625
49 0.000041620673939093223
55 0.00009700475713476236
56 0.00006477729821638932
57 0.0001250684069607151
63 0.00000567829780156086
65 0.00001773141897136357
67 0.0003783406178158218
97 0.00023454039050719067
100 0.00015297081732618925
122 0.0005525125494785239
124 0.00009942778247685315
180 0.0001136486243970201
186 0.00025254616640991854
226 0.0002049311356991152
263 0.0002338723830583595
286 0.0001987752449196317
292 0.0005829699755420034
366 0.00034225708731462997
466 0.000549621148441263
490 0.0026030995735300115
491 0.0031109330472278876
494 0.000585966255609583
497 0.00035368817101790026
498 0.0010676730645095523
506 0.0023934645074526724
507 0.00027274170858643915
512 0.0006350250466893421
572 0.00033907303651746636
573 0.0001652752038556845
580 0.0017634254150443347
625 0.00048355146215385347
669 0.0002517877166381117
698 0.00044451570202655086
709 0.001363708542932196
788 0.0004149542829511784
815 0.0004737399020075509
851 0.00008185705212231243
863 0.00036920725599727517
1397 0.00028028741746109395
1399 0.0005908656000986806
1519 0.00046465581618336337
1690 0.0005188152611795682
1749 0.007735020258920215
1764 0.003515918299509189
1910 0.0010376305223591363
2014 0.004470448772470708
2218 0.00045619873460859607
2345 0.0011817312001973612
2346 0.00044828766312813873
2366 0.00041790813825628515
2398 0.00044828766312813873
2640 0.00043730308863810597
3873 0.0005685167944117531
4221 0.0004887683798320584
4748 0.001746228648835274
4749 0.003492457297670548
4750 0.000873114324417637
4751 0.0007031836599018376