1 0.0001309668193588762
9 0.00010224975952101728
13 0.000006495774716904924
16 0.00007545831652538253
33 0.00011331060825040136
38 0.000008702469372146433
39 0.000009267556912609724
40 0.000006004172593355159
41 0.000007426561074872202
42 0.00010288760611871043
43 0.000020607687896278735
44 0.00013635553537529827
45 0.00025964242459217314
46 0.00045857699326722653
47 0.00045141279616464847
48 0.00013154366307515625
49 0.000041620673939093223
55 0.00009700475713476236
63 0.000007571063735414479
65 0.00001773141897136357
66 0.00018628059697440975
67 0.00004203784642398019
69 0.00023724943034546792
70 0.00035233775638020634
71 0.00012561808978093188
76 0.0004007527960775733
89 0.00019011459890734794
104 0.0004924153504300117
124 0.00009942778247685315
180 0.00005682431219851005
183 0.0006243870952872076
226 0.0002049311356991152
264 0.00021085919057695548
399 0.0008908015295930374
467 0.00034552605606704003
551 0.0002832412727662006
573 0.000330550407711369
803 0.0002597352724507996
851 0.00008185705212231243
1446 0.0010786511093059537
2085 0.0007344281131537118
2202 0.00046465581618336337
2203 0.0004603543550640608
4248 0.0007031836599018376
4249 0.0015762979843194746
4752 0.001746228648835274
4753 0.0007031836599018376
4754 0.0007881489921597373
4755 0.004365571622088185