29 0.00026649997158873667
34 0.000043438765255019996
38 0.000005801646248097621
56 0.00006477729821638932
57 0.0001250684069607151
63 0.0000037855318677072396
88 0.00024872719512041187
113 0.0002226669674373353
158 0.00028424192373937554
159 0.0001776836714179443
192 0.0003242865707429365
293 0.0006570765879158534
371 0.0008817127075221674
442 0.0003242865707429365
471 0.00045619873460859607
497 0.00017684408550895013
590 0.0003672140565768559
642 0.0003887745697496512
746 0.0003672140565768559
770 0.0004785475402955236
1031 0.00042093493558288133
1066 0.0012721151063260982
1081 0.000549621148441263
1494 0.0005188152611795682
1644 0.0012691729613983254
1793 0.0007031836599018376
1798 0.0005258216860189834
2350 0.0031525959686389492
4373 0.0009293116323667267
4446 0.0014063673198036752
4756 0.000873114324417637
4757 0.000873114324417637
4758 0.000873114324417637