9 0.00010224975952101728
17 0.00018869457585405535
19 0.00013212323419503196
24 0.0005685167944117531
25 0.0006345864806991627
26 0.00012343399523364164
38 0.0000029008231240488105
40 0.0000030020862966775796
41 0.000003713280537436101
63 0.0000018927659338536198
65 0.00001773141897136357
175 0.0003753890228061612
185 0.0002656336848489608
238 0.000549621148441263
259 0.00025891534254753946
449 0.00043049138832493966
741 0.00035233775638020634
793 0.0007031836599018376
794 0.0010665059907720767
851 0.000040928526061156217
1078 0.0004408563537610837
1177 0.0005188152611795682
1579 0.0006758309323565803
1892 0.0005258216860189834
1897 0.0007031836599018376
1981 0.0004942172352587358
3531 0.0007384474589275524
3738 0.0006758309323565803
3873 0.0005685167944117531
4534 0.0007881489921597373
4613 0.0007031836599018376
4763 0.0007881489921597373
4769 0.0015762979843194746
4770 0.000873114324417637
4771 0.000873114324417637
4772 0.000873114324417637
4773 0.0005258216860189834
4774 0.0006758309323565803
4775 0.000873114324417637
4776 0.000873114324417637
4777 0.0007031836599018376
4778 0.000873114324417637
4779 0.000873114324417637
4780 0.000873114324417637
4781 0.000873114324417637
4782 0.000873114324417637
4783 0.000873114324417637
4784 0.000873114324417637
4785 0.0007881489921597373
4786 0.000873114324417637
4787 0.000873114324417637