0 0.00019243773886705868
1 0.0001309668193588762
2 0.00017273030805218352
3 0.00037969048392546374
4 0.00035233775638020634
5 0.0002365665368606119
6 0.0002400196965770493
7 0.000233207996263883
8 0.00028224872431895635
13 0.00003897464830142955
27 0.00033751149866781817
34 0.00017375506102007999
36 0.00008296386270199534
38 0.000008702469372146433
39 0.000009267556912609724
40 0.00000900625889003274
41 0.000011139841612308305
42 0.00010288760611871043
43 0.000016486150317022987
44 0.00013635553537529827
45 0.00025964242459217314
46 0.0001834307973068906
47 0.00022570639808232424
48 0.00013154366307515625
49 0.000041620673939093223
51 0.00004686777384075253
52 0.00028994739050714656
55 0.00019400951426952473
56 0.00006477729821638932
58 0.0002745850375107516
59 0.00040158610568973463
60 0.0002572917550567303
63 0.0000018927659338536198
64 0.00018731984297588175
65 0.00005319425691409072
66 0.00027942089546161464
68 0.0011659399510840069
76 0.0009350898575143378
85 0.00024357296170002702
102 0.00025332444879269114
118 0.0009079086694440643
138 0.0003775208863403447
139 0.00028224872431895635
160 0.00018023749427928805
177 0.00015160120460271228
183 0.0014569032223368179
196 0.0001675808341520189
214 0.000273659908111955
245 0.000181970089392662
253 0.0002472323099654942
261 0.0002338723830583595
272 0.0004737399020075509
314 0.004945746621151504
360 0.00038678333270887957
399 0.0005938676863953582
430 0.00022365154352182467
496 0.0007394749461544028
576 0.0003086168757797243
608 0.0003438806748054391
613 0.0002597352724507996
689 0.00043049138832493966
779 0.00030263622314802144
787 0.00473739902007551
879 0.0005916490456697102
898 0.0003014743275909555
979 0.0004338499289216686
1007 0.000787164416075248
1029 0.00023724943034546792
1073 0.00046465581618336337
1085 0.000787164416075248
1087 0.0006037805934374678
1088 0.000499919615209078
1089 0.0006758309323565803
1090 0.000873114324417637
1091 0.000618218327643938
1092 0.0007881489921597373
1093 0.00036920725599727517
1094 0.0007384474589275524
1095 0.0004120699366150429
1096 0.010477371893011645
1097 0.0007384474589275524
1098 0.000873114324417637
1099 0.000873114324417637
1100 0.00040116683707882124
1101 0.00046465581618336337