9 0.00013633301269468968
13 0.000012991549433809848
16 0.00007545831652538253
23 0.00022801868959232616
34 0.00034751012204015997
36 0.00012444579405299303
38 0.000005801646248097621
39 0.000009267556912609724
40 0.00000900625889003274
41 0.000014853122149744404
43 0.00001236461273776724
44 0.00020453330306294742
46 0.0003210038952870586
47 0.00027084767769878907
48 0.00013154366307515625
49 0.00008324134787818645
51 0.00004686777384075253
56 0.00019433189464916796
59 0.000602379158534602
61 0.00017642643923270423
63 0.0000037855318677072396
65 0.00001773141897136357
102 0.00025332444879269114
113 0.00011133348371866765
114 0.0004228251917335939
139 0.00028224872431895635
140 0.0004603543550640608
160 0.00018023749427928805
175 0.0003753890228061612
185 0.0002656336848489608
216 0.00949798898251266
218 0.0005332529953860384
237 0.0014235640860127364
251 0.00044005650644998804
279 0.0004585911327659849
283 0.0012537244147688554
307 0.0011275207954529872
352 0.0005916490456697102
368 0.00018686500362842702
392 0.0014846692159883957
456 0.0006534821266696528
459 0.00048355146215385347
550 0.00025332444879269114
556 0.0035413018748854676
573 0.0001652752038556845
622 0.0003911548205288988
638 0.00040116683707882124
669 0.00012589385831905585
748 0.0012075611868749357
772 0.0007792058173523988
851 0.00008185705212231243
858 0.0002457554359134993
879 0.0005916490456697102
924 0.0007881489921597373
926 0.0006758309323565803
987 0.0011370335888235062
1100 0.00040116683707882124
1162 0.00030263622314802144
1397 0.00028028741746109395
1472 0.00043730308863810597
1529 0.0003818991754555788
1785 0.00030499358548289365
2056 0.0012691729613983254
2164 0.004442105364894139
2923 0.0006534821266696528
2930 0.005625469279214701
4790 0.003515918299509189
4791 0.0015762979843194746
4792 0.0007881489921597373
4793 0.0007881489921597373
4794 0.000618218327643938
4795 0.0006758309323565803