9 0.00023858277221570697
13 0.000025983098867619697
17 0.0003773891517081107
19 0.00013212323419503196
20 0.0002464916487181342
22 0.0002683471778299544
23 0.00045603737918465233
26 0.00012343399523364164
34 0.00008687753051003999
36 0.00008296386270199534
38 0.000005801646248097621
39 0.000018535113825219447
40 0.000012008345186710319
41 0.000025992963762052712
43 0.00001236461273776724
44 0.00020453330306294742
45 0.00012982121229608657
46 0.0003210038952870586
47 0.00027084767769878907
48 0.00013154366307515625
49 0.000041620673939093223
51 0.0001406033215222576
63 0.0000037855318677072396
67 0.00004203784642398019
71 0.00012561808978093188
81 0.00018240709186440708
100 0.00015297081732618925
104 0.00016413845014333722
113 0.0002226669674373353
123 0.000188234616351904
124 0.00009942778247685315
127 0.002507448829537711
129 0.00045619873460859607
158 0.0008527257712181266
160 0.00018023749427928805
171 0.0002737223581753738
180 0.00005682431219851005
184 0.00040649720137641123
226 0.0002049311356991152
255 0.0005181909241565506
264 0.0006325775717308665
277 0.0007972036090929795
279 0.0004585911327659849
316 0.0005411640668664958
318 0.0005908656000986806
396 0.000959817723032327
416 0.00031109330472278875
497 0.0007073763420358005
520 0.00016189608767124534
573 0.000330550407711369
628 0.0038684116972308277
691 0.0003038092374917516
698 0.00044451570202655086
708 0.00035955036976865123
810 0.00043730308863810597
851 0.00008185705212231243
863 0.003322865303975477
888 0.000505900267840781
1032 0.0005332529953860384
1058 0.00044828766312813873
1062 0.0005162017214474523
1082 0.00043730308863810597
1210 0.002793526171327253
1280 0.0006513749791479525
1321 0.0003271046043571432
1364 0.00886136950713063
1449 0.0005685167944117531
1656 0.0013516618647131605
2260 0.00045619873460859607
2269 0.0006345864806991627
2273 0.0005587052342654505
2418 0.0007384474589275524
2454 0.0007031836599018376
2836 0.0009474798040151018
2850 0.0029537898357102094
3458 0.010245936898076586
3927 0.0007031836599018376
4090 0.001903759442097488
4223 0.0008890314040531017
4533 0.0006037805934374678
4640 0.0005332529953860384
4817 0.001746228648835274
4818 0.0007384474589275524
4819 0.000873114324417637
4820 0.016589172163935104
4821 0.000873114324417637
4822 0.0007031836599018376
4823 0.001746228648835274
4824 0.000618218327643938
4825 0.000873114324417637
4826 0.000873114324417637
4827 0.000873114324417637