9 0.00013633301269468968
13 0.000025983098867619697
15 0.0005129759100776286
16 0.00007545831652538253
34 0.00008687753051003999
37 0.0012585589164579869
38 0.000011603292496195242
39 0.000018535113825219447
40 0.00000900625889003274
41 0.000011139841612308305
43 0.000016486150317022987
51 0.00004686777384075253
61 0.00017642643923270423
63 0.000007571063735414479
65 0.00001773141897136357
66 0.00018628059697440975
67 0.0002942649249678614
71 0.00025123617956186376
81 0.00018240709186440708
102 0.0005066488975853823
104 0.0013131076011466977
107 0.0002049311356991152
113 0.00011133348371866765
150 0.00017810563074510452
171 0.0001368611790876869
175 0.0003753890228061612
180 0.00005682431219851005
196 0.0005027425024560568
198 0.0018764549117895333
204 0.0005258216860189834
213 0.0005587052342654505
247 0.00026056072380914035
253 0.0002472323099654942
277 0.00029895135340986733
288 0.0006840560687769785
320 0.0005894503033351281
348 0.0004272224195725296
352 0.0005916490456697102
366 0.0006845141746292599
377 0.0003188377153162591
389 0.00044451570202655086
455 0.0016716325530251406
457 0.0005872711056353866
461 0.0003985861298959538
480 0.0003672140565768559
506 0.0011967322537263362
551 0.0002832412727662006
569 0.00042093493558288133
585 0.0003911548205288988
594 0.0003438806748054391
646 0.0003712334023506965
658 0.0003841483956894837
669 0.00012589385831905585
671 0.0002597352724507996
851 0.0002455711563669373
858 0.0002457554359134993
915 0.00032290148184198857
954 0.0011817312001973612
997 0.0007881489921597373
1031 0.00042093493558288133
1078 0.0004408563537610837
1115 0.0021865154431905303
1162 0.00030263622314802144
1196 0.0003841483956894837
1395 0.0003479000205792796
1411 0.0005121877518304292
1495 0.0004691137279473833
1532 0.0005908656000986806
1650 0.00041790813825628515
1742 0.003999356921672624
1794 0.0006534821266696528
2156 0.0005332529953860384
2195 0.0006534821266696528
2222 0.0007881489921597373
2407 0.0005908656000986806
2659 0.0007881489921597373
2794 0.0022740671776470124
3020 0.0006534821266696528
3116 0.0007881489921597373
3704 0.0007384474589275524
3869 0.0007031836599018376
4192 0.0010516433720379667
4216 0.000999839230418156
4244 0.0007881489921597373
4247 0.0006534821266696528
4828 0.000873114324417637
4829 0.000873114324417637
4830 0.000873114324417637
4831 0.004365571622088185
4832 0.0007881489921597373
4833 0.000873114324417637
4834 0.000873114324417637
4835 0.0007031836599018376
4836 0.0007384474589275524
4837 0.000873114324417637
4838 0.011250938558429402
4839 0.005517042945118162
4840 0.0015762979843194746
4841 0.000873114324417637