13 0.000006495774716904924
19 0.0002642464683900639
27 0.002362580490674728
34 0.00017375506102007999
38 0.000008702469372146433
39 0.000009267556912609724
40 0.00000900625889003274
41 0.000014853122149744404
43 0.000016486150317022987
49 0.000041620673939093223
51 0.00004686777384075253
55 0.00019400951426952473
56 0.0002591091928655573
57 0.0002501368139214302
59 0.001204758317069204
61 0.00035285287846540845
63 0.00000567829780156086
65 0.00001773141897136357
66 0.00018628059697440975
67 0.00008407569284796038
71 0.00012561808978093188
76 0.0001335842653591911
89 0.0003802291978146959
100 0.00015297081732618925
102 0.00025332444879269114
122 0.00018417084982617462
124 0.0001988555649537063
125 0.0005365022616985512
150 0.00035621126149020904
160 0.0009011874713964403
167 0.0022608969441737783
177 0.00015160120460271228
180 0.0001136486243970201
183 0.0002081290317624025
196 0.0003351616683040378
245 0.000181970089392662
261 0.0002338723830583595
264 0.00021085919057695548
277 0.00009965045113662244
288 0.00022801868959232616
297 0.00034888459666376895
304 0.00026056072380914035
310 0.00032453395541518913
347 0.0002479774737404859
360 0.00019339166635443979
366 0.00034225708731462997
372 0.00043730308863810597
379 0.0003438806748054391
392 0.0011877353727907164
406 0.001011800535681562
430 0.00044730308704364933
457 0.00264271997535924
520 0.00016189608767124534
537 0.0003960586369806884
542 0.001999678460836312
543 0.0003960586369806884
546 0.0004120699366150429
589 0.0004737399020075509
590 0.0003672140565768559
591 0.00044451570202655086
625 0.00048355146215385347
669 0.0002517877166381117
694 0.0004887683798320584
697 0.0004691137279473833
717 0.000393582208037624
750 0.0003344468624572988
851 0.00016371410424462487
868 0.0002709256892452844
898 0.000602948655181911
908 0.0025567692480329557
915 0.00032290148184198857
979 0.0004338499289216686
1032 0.0005332529953860384
1060 0.0002852508106156339
1062 0.00025810086072372616
1070 0.0003541015143419739
1235 0.0005258216860189834
1336 0.0006758309323565803
1468 0.0024724196196902574
1479 0.00038643965984885517
1529 0.0003818991754555788
1586 0.0003775208863403447
1620 0.0005685167944117531
1749 0.0007031836599018376
1753 0.0008746061772762119
1764 0.0007031836599018376
2325 0.0006534821266696528
2614 0.004054985594139482
3040 0.0005685167944117531
3208 0.0034065472379816116
4177 0.0006758309323565803
4751 0.0007031836599018376
4760 0.0004942172352587358
4792 0.0007881489921597373
4836 0.0007384474589275524
4842 0.000873114324417637
4843 0.000873114324417637
4844 0.0007881489921597373
4845 0.001746228648835274
4846 0.002619342973252911
4847 0.003492457297670548
4848 0.003492457297670548
4849 0.000873114324417637
4850 0.0007881489921597373
4851 0.001746228648835274
4852 0.0006758309323565803
4853 0.0006534821266696528