13 0.000025983098867619697
16 0.00007545831652538253
26 0.0002468679904672833
38 0.000008702469372146433
39 0.000004633778456304862
40 0.000015010431483387899
41 0.00002227968322461661
42 0.00010288760611871043
43 0.000008243075158511493
46 0.00013757309798016797
47 0.00009028255923292969
52 0.00014497369525357328
56 0.00012955459643277864
61 0.00035285287846540845
63 0.00000567829780156086
82 0.0005664825455324013
88 0.00024872719512041187
89 0.00019011459890734794
100 0.00015297081732618925
107 0.0002049311356991152
149 0.0003732936031739842
165 0.00022550415909059743
180 0.00005682431219851005
250 0.000742466804701393
251 0.00044005650644998804
253 0.0002472323099654942
260 0.0003818991754555788
263 0.0002338723830583595
277 0.0006975531579563571
279 0.00022929556638299245
307 0.00045100831818119485
357 0.0003438806748054391
374 0.000505900267840781
433 0.0005908656000986806
540 0.0003471938241542892
555 0.0002457554359134993
558 0.0003775208863403447
591 0.00044451570202655086
693 0.0022608969441737783
694 0.0004887683798320584
697 0.0004691137279473833
708 0.00035955036976865123
765 0.0010665059907720767
795 0.0024151223737498713
864 0.000549621148441263
902 0.0003753890228061612
920 0.0016598171318047137
1085 0.000393582208037624
1102 0.004365571622088185
1103 0.005238685946505822
1104 0.003379154661782902
1105 0.003492457297670548
1106 0.0007881489921597373
1107 0.0004272224195725296
1108 0.005238685946505822
1109 0.001236436655287876
1110 0.0005332529953860384
1111 0.0006037805934374678
1112 0.0007344281131537118
1113 0.004469641874123604
1114 0.0017375477025499064
1115 0.00043730308863810597
1116 0.000873114324417637
1117 0.0005332529953860384
1118 0.0007881489921597373
1119 0.0006037805934374678
1120 0.0008841754550026923
1121 0.0007384474589275524
1122 0.0007031836599018376
1123 0.002027492797069741
1124 0.0007881489921597373
1125 0.001746228648835274
1126 0.001746228648835274
1127 0.000873114324417637
1128 0.000873114324417637
1129 0.0007384474589275524
1130 0.000873114324417637
1131 0.0006534821266696528