9 0.00013633301269468968
13 0.00003247887358452463
14 0.00025254616640991854
15 0.0010259518201552573
21 0.0004291600720032795
22 0.0001341735889149772
34 0.00013031629576506
36 0.00004148193135099767
37 0.0004195196388193289
38 0.000014504115620244055
39 0.000032436449194134037
40 0.000015010431483387899
41 0.000011139841612308305
43 0.000016486150317022987
51 0.00004686777384075253
56 0.00006477729821638932
61 0.00035285287846540845
63 0.0000094638296692681
65 0.00005319425691409072
67 0.00008407569284796038
71 0.00012561808978093188
84 0.0004261759244447152
114 0.00021141259586679695
115 0.0002059878583080766
125 0.0005365022616985512
128 0.00045619873460859607
132 0.0019929306494797694
136 0.0002925555540824451
165 0.00022550415909059743
167 0.00045217938883475555
171 0.0002737223581753738
175 0.0003753890228061612
180 0.00005682431219851005
255 0.00017273030805218352
261 0.0002338723830583595
287 0.0005162017214474523
375 0.00025891534254753946
396 0.0007678541784258615
457 0.0011745422112707732
497 0.00017684408550895013
537 0.0003960586369806884
543 0.0003960586369806884
596 0.00043049138832493966
646 0.0003712334023506965
753 0.0002783569986123394
779 0.00030263622314802144
851 0.00032742820848924973
859 0.0005908656000986806
893 0.002265125318042068
1095 0.0004120699366150429
1208 0.0007082030286839478
1436 0.00048355146215385347
1504 0.0010665059907720767
1529 0.0003818991754555788
1667 0.009266921080266166
1957 0.001903759442097488
2007 0.0004408563537610837
2103 0.000549621148441263
2127 0.0006345864806991627
2378 0.0003003233420124021
2398 0.0008965753262562775
2640 0.00043730308863810597
4004 0.0023644469764792122
4125 0.0028127346396073505
4288 0.0013516618647131605
4341 0.0014063673198036752
4862 0.001746228648835274
4863 0.016589172163935104
4864 0.013096714866264555
4865 0.011822234882396062
4866 0.0007384474589275524
4867 0.0007384474589275524
4868 0.0007384474589275524
4869 0.0005587052342654505