1 0.0001309668193588762
2 0.00017273030805218352
13 0.000012991549433809848
16 0.00007545831652538253
19 0.00013212323419503196
20 0.0004929832974362684
33 0.00011331060825040136
34 0.000043438765255019996
38 0.000005801646248097621
39 0.000009267556912609724
40 0.000006004172593355159
41 0.000014853122149744404
42 0.000051443803059355216
43 0.00002472922547553448
44 0.00020453330306294742
46 0.0003668615946137812
47 0.00031598895731525394
48 0.00013154366307515625
49 0.00012486202181727967
51 0.00004686777384075253
52 0.00014497369525357328
63 0.00000567829780156086
65 0.00001773141897136357
76 0.0013358426535919111
100 0.00015297081732618925
104 0.00016413845014333722
122 0.00018417084982617462
139 0.00028224872431895635
144 0.0005074271160050014
154 0.0003314569809760339
159 0.0007107346856717773
160 0.0003604749885585761
171 0.0002737223581753738
180 0.0001136486243970201
255 0.00017273030805218352
278 0.0003775208863403447
307 0.00045100831818119485
310 0.0008113348885379729
347 0.0002479774737404859
348 0.0004272224195725296
459 0.00048355146215385347
537 0.0003960586369806884
573 0.0001652752038556845
669 0.00012589385831905585
839 0.000549621148441263
851 0.00008185705212231243
1057 0.0004338499289216686
1120 0.0014736257583378206
1177 0.0005188152611795682
1278 0.002234820937061802
1343 0.0005258216860189834
1395 0.0001739500102896398
1450 0.0006513749791479525
1489 0.0006534821266696528
1529 0.0003818991754555788
1634 0.000549621148441263
2042 0.0005332529953860384
2044 0.0005908656000986806
2055 0.004945746621151504
2071 0.0007384474589275524
2600 0.0005121877518304292
2636 0.0008890314040531017
2830 0.0011817312001973612
4870 0.003492457297670548
4871 0.003940744960798687
4872 0.003940744960798687
4873 0.002619342973252911
4874 0.0007881489921597373