9 0.0004089990380840691
13 0.000025983098867619697
16 0.00007545831652538253
21 0.0001430533573344265
26 0.00012343399523364164
34 0.000043438765255019996
36 0.00004148193135099767
37 0.0004195196388193289
38 0.000008702469372146433
39 0.000009267556912609724
40 0.000006004172593355159
41 0.000007426561074872202
43 0.000008243075158511493
51 0.00004686777384075253
61 0.00017642643923270423
63 0.00000567829780156086
65 0.00001773141897136357
66 0.0003725611939488195
67 0.00004203784642398019
68 0.0002914849877710017
81 0.0007296283674576283
125 0.0005365022616985512
171 0.0002737223581753738
180 0.00005682431219851005
223 0.0008890314040531017
247 0.00026056072380914035
261 0.0002338723830583595
441 0.0003438806748054391
442 0.001945719424457619
445 0.00023123617256302196
457 0.0002936355528176933
497 0.00017684408550895013
507 0.0008182251257593176
520 0.00016189608767124534
538 0.0005705016212312678
596 0.00043049138832493966
598 0.006704462811185407
648 0.0003201773905469762
669 0.00012589385831905585
682 0.0011261670684184837
684 0.004732395174170851
720 0.0028127346396073505
750 0.0003344468624572988
777 0.010376305223591365
851 0.00016371410424462487
888 0.000505900267840781
890 0.003920892760017917
893 0.0003775208863403447
1036 0.0003732936031739842
1162 0.00030263622314802144
1830 0.000499919615209078
2260 0.00045619873460859607
2273 0.001117410468530901
2398 0.0008965753262562775
2640 0.00043730308863810597
2850 0.0007384474589275524
3223 0.0007031836599018376
4796 0.0007384474589275524
4875 0.000873114324417637
4876 0.001746228648835274
4877 0.001746228648835274