9 0.00030674927856305184
13 0.00003247887358452463
15 0.0010259518201552573
16 0.00007545831652538253
21 0.000286106714668853
34 0.000043438765255019996
36 0.00004148193135099767
38 0.000005801646248097621
39 0.000013901335368914586
40 0.00000900625889003274
41 0.000014853122149744404
42 0.00010288760611871043
43 0.00001236461273776724
44 0.00020453330306294742
46 0.0003668615946137812
47 0.00036113023693171874
48 0.00013154366307515625
49 0.000041620673939093223
51 0.00004686777384075253
55 0.00009700475713476236
56 0.00006477729821638932
57 0.0001250684069607151
63 0.0000037855318677072396
65 0.00001773141897136357
67 0.00004203784642398019
99 0.0006542092087142864
126 0.001772596800296042
127 0.0012537244147688554
129 0.0013685962038257882
132 0.0019929306494797694
133 0.0039796175608822724
136 0.0002925555540824451
140 0.0009207087101281216
150 0.00035621126149020904
151 0.001007908809974945
171 0.0001368611790876869
179 0.0003086168757797243
180 0.00005682431219851005
197 0.0002904236905482616
251 0.00022002825322499402
261 0.0002338723830583595
286 0.0001987752449196317
307 0.00022550415909059743
310 0.00016226697770759457
401 0.00036220146137676994
427 0.00044451570202655086
457 0.0002936355528176933
520 0.0006475843506849814
543 0.005544820917729638
573 0.0001652752038556845
586 0.0006037805934374678
613 0.0002597352724507996
622 0.0003911548205288988
662 0.0004408563537610837
743 0.0014997588456272344
760 0.000424038368775366
851 0.00008185705212231243
858 0.0002457554359134993
891 0.0004785475402955236
975 0.0006037805934374678
1100 0.002808167859551749
1325 0.0006247010738160577
1503 0.0005332529953860384
1634 0.000549621148441263
2009 0.0006037805934374678
2398 0.0008965753262562775
2485 0.0010665059907720767
2640 0.0008746061772762119
2693 0.000424038368775366
4221 0.0004887683798320584
4236 0.0004942172352587358
4421 0.0006758309323565803
4883 0.0006037805934374678