13 0.000006495774716904924
17 0.0013208620309783875
19 0.00013212323419503196
23 0.00022801868959232616
27 0.00033751149866781817
33 0.00022662121650080273
36 0.00004148193135099767
38 0.000005801646248097621
39 0.000013901335368914586
40 0.00000900625889003274
41 0.000014853122149744404
42 0.000051443803059355216
43 0.000004121537579255747
44 0.00020453330306294742
45 0.00012982121229608657
46 0.0003210038952870586
47 0.00027084767769878907
48 0.00013154366307515625
49 0.000041620673939093223
51 0.00004686777384075253
56 0.00006477729821638932
65 0.00001773141897136357
66 0.00018628059697440975
67 0.00004203784642398019
76 0.0001335842653591911
81 0.0014592567349152566
104 0.00016413845014333722
113 0.00011133348371866765
114 0.00021141259586679695
124 0.0001988555649537063
183 0.0002081290317624025
185 0.0002656336848489608
243 0.000264773477364449
249 0.0011593189795465655
259 0.0005178306850950789
310 0.00016226697770759457
353 0.0003753890228061612
363 0.0014532893234809562
368 0.00018686500362842702
399 0.0002969338431976791
439 0.0006629139619520678
452 0.0002764565099464942
505 0.00201581761994989
506 0.0017950983805895045
573 0.0001652752038556845
608 0.0003438806748054391
648 0.0003201773905469762
669 0.00012589385831905585
746 0.0003672140565768559
771 0.0005258216860189834
779 0.00030263622314802144
831 0.0015762979843194746
845 0.00043730308863810597
851 0.00008185705212231243
933 0.000618218327643938
959 0.0007384474589275524
988 0.00041790813825628515
1058 0.00044828766312813873
1084 0.00036920725599727517
1085 0.000393582208037624
1087 0.0006037805934374678
1095 0.0004120699366150429
1321 0.0003271046043571432
1368 0.00045217938883475555
1388 0.0003753890228061612
1495 0.0004691137279473833
1499 0.000393582208037624
2199 0.0004785475402955236
2239 0.0066460271303479725
2527 0.0006534821266696528
2598 0.0005685167944117531
3830 0.003940744960798687
4884 0.000873114324417637
4885 0.005238685946505822
4886 0.000873114324417637
4887 0.001746228648835274
4888 0.0007881489921597373
4889 0.005238685946505822
4890 0.000873114324417637
4891 0.0007881489921597373
4892 0.000873114324417637
4893 0.000873114324417637
4894 0.000873114324417637