12 0.0002564879550388143
13 0.000012991549433809848
17 0.0007547783034162214
19 0.00013212323419503196
33 0.00033993182475120415
34 0.00017375506102007999
36 0.00008296386270199534
38 0.000005801646248097621
39 0.000027802670737829172
40 0.00001801251778006548
41 0.000018566402687180508
42 0.000051443803059355216
43 0.000004121537579255747
44 0.00027271107075059654
45 0.00012982121229608657
49 0.000041620673939093223
51 0.00009373554768150506
56 0.00006477729821638932
61 0.00017642643923270423
63 0.0000037855318677072396
65 0.00001773141897136357
66 0.00018628059697440975
67 0.00016815138569592077
71 0.00012561808978093188
76 0.0001335842653591911
88 0.0004974543902408237
89 0.00009505729945367397
100 0.00015297081732618925
115 0.0002059878583080766
122 0.00018417084982617462
124 0.00009942778247685315
127 0.00041790813825628515
150 0.0005343168922353136
158 0.00028424192373937554
159 0.0012437856999256104
160 0.0009011874713964403
180 0.00005682431219851005
196 0.0001675808341520189
197 0.0002904236905482616
259 0.0018124073978327763
310 0.00016226697770759457
348 0.005126669034870355
392 0.0011877353727907164
396 0.00038392708921293077
405 0.0004942172352587358
435 0.0004603543550640608
437 0.00032153186911851154
444 0.002198484593765052
449 0.0017219655532997587
461 0.0043844474288554924
520 0.00016189608767124534
573 0.0001652752038556845
642 0.0003887745697496512
717 0.000393582208037624
803 0.0002597352724507996
851 0.0002455711563669373
1196 0.0003841483956894837
1280 0.0006513749791479525
1319 0.012364366552878762
1320 0.000549621148441263
1321 0.0003271046043571432
1368 0.00045217938883475555
1603 0.001604667348315285
2009 0.0006037805934374678
2770 0.0005188152611795682
2774 0.0013516618647131605
2812 0.0007384474589275524
3232 0.0015762979843194746
4899 0.001746228648835274
4900 0.0007881489921597373
4901 0.001746228648835274
4902 0.001746228648835274
4903 0.005625469279214701
4904 0.000618218327643938
4905 0.0031525959686389492
4906 0.000873114324417637
4907 0.000873114324417637
4908 0.000873114324417637
4909 0.000873114324417637
4910 0.000873114324417637
4911 0.000873114324417637
4912 0.000873114324417637
4913 0.0007881489921597373