1 0.003143203664613029
9 0.00013633301269468968
13 0.000006495774716904924
17 0.00018869457585405535
22 0.00040252076674493167
26 0.00012343399523364164
28 0.00025332444879269114
34 0.000043438765255019996
36 0.00008296386270199534
38 0.000005801646248097621
39 0.000013901335368914586
40 0.000012008345186710319
41 0.00002227968322461661
43 0.000016486150317022987
44 0.00020453330306294742
46 0.0003668615946137812
47 0.00031598895731525394
48 0.00013154366307515625
49 0.000041620673939093223
51 0.00009373554768150506
55 0.00009700475713476236
56 0.00012955459643277864
63 0.0000037855318677072396
65 0.00003546283794272714
66 0.00009314029848720488
67 0.00004203784642398019
84 0.0006392638866670728
105 0.0003314569809760339
113 0.00033400045115600295
177 0.0004548036138081369
255 0.00017273030805218352
259 0.00025891534254753946
261 0.0002338723830583595
277 0.00039860180454648976
282 0.001527596701822315
368 0.00018686500362842702
393 0.00033907303651746636
410 0.0005685167944117531
412 0.00028729384230050906
437 0.00032153186911851154
444 0.000549621148441263
445 0.002081125553067198
497 0.00017684408550895013
540 0.0013887752966171567
573 0.0001652752038556845
682 0.0003753890228061612
683 0.00845292830812455
850 0.0011881759109420651
851 0.00008185705212231243
906 0.0023634624003947224
915 0.0006458029636839771
928 0.00040116683707882124
953 0.0005188152611795682
1029 0.00023724943034546792
1178 0.004772349218138355
1213 0.0011370335888235062
1403 0.0006910521121340801
1476 0.0006534821266696528
1631 0.0006758309323565803
1674 0.0008676998578433372
2009 0.0006037805934374678
2206 0.0006534821266696528
4796 0.0007384474589275524
4914 0.006984914595341096
4915 0.000873114324417637
4916 0.000873114324417637
4917 0.000873114324417637
4918 0.000873114324417637