0 0.00019243773886705868
1 0.0001309668193588762
2 0.00017273030805218352
5 0.0002365665368606119
6 0.0002400196965770493
7 0.000233207996263883
13 0.000045470423018334476
14 0.00025254616640991854
16 0.00015091663305076506
26 0.0002468679904672833
33 0.00011331060825040136
37 0.0004195196388193289
38 0.000008702469372146433
39 0.000009267556912609724
40 0.00001801251778006548
41 0.000014853122149744404
42 0.00010288760611871043
43 0.00002885076305479023
45 0.0006491060614804328
46 0.0003668615946137812
47 0.00036113023693171874
51 0.00004686777384075253
52 0.00014497369525357328
55 0.0005820285428085743
56 0.0003886637892983359
57 0.0005002736278428604
58 0.0008237551125322549
59 0.00040158610568973463
61 0.00035285287846540845
63 0.0000037855318677072396
64 0.00018731984297588175
66 0.00009314029848720488
72 0.00017642643923270423
82 0.0005664825455324013
84 0.0014916157355565035
89 0.00009505729945367397
118 0.0033289984546282358
123 0.000188234616351904
124 0.00009942778247685315
130 0.00027274170858643915
145 0.002703323729426321
151 0.0003359696033249817
156 0.0008676998578433372
160 0.0003604749885585761
206 0.00044451570202655086
250 0.0018561670117534827
267 0.0002783569986123394
277 0.00009965045113662244
304 0.00026056072380914035
306 0.00043049138832493966
310 0.00016226697770759457
360 0.00019339166635443979
371 0.0008817127075221674
402 0.0014997588456272344
412 0.0008618815269015273
413 0.0007242860005275694
430 0.00044730308704364933
431 0.00037969048392546374
437 0.00032153186911851154
439 0.0009943709429281018
441 0.0003438806748054391
442 0.0003242865707429365
476 0.0013685962038257882
477 0.001903759442097488
496 0.0002464916487181342
540 0.0003471938241542892
555 0.0002457554359134993
595 0.0022225785101327544
598 0.011732809919574462
609 0.00043730308863810597
667 0.00045619873460859607
671 0.0002597352724507996
684 0.006309860232227801
698 0.00044451570202655086
716 0.0003136207976380542
735 0.0005791825675166354
772 0.0002597352724507996
811 0.00045217938883475555
841 0.0004338499289216686
906 0.005908656000986807
1037 0.0002709256892452844
1132 0.0014768949178551047
1133 0.00048355146215385347
1134 0.0006534821266696528
1135 0.0023644469764792122
1136 0.0006534821266696528
1137 0.000873114324417637
1138 0.0005791825675166354
1139 0.0005908656000986806
1140 0.0007881489921597373
1141 0.00041790813825628515
1142 0.0005188152611795682
1143 0.0005791825675166354
1144 0.0007031836599018376
1145 0.000873114324417637
1146 0.0006534821266696528
1147 0.0006534821266696528
1148 0.0012691729613983254
1149 0.000873114324417637
1150 0.0012691729613983254
1151 0.0015762979843194746
1152 0.001746228648835274
1153 0.0004120699366150429
1154 0.0003960586369806884