9 0.00013633301269468968
12 0.0005129759100776286
13 0.000025983098867619697
16 0.00007545831652538253
17 0.00018869457585405535
22 0.0002683471778299544
23 0.00045603737918465233
26 0.000370301985700925
28 0.00025332444879269114
33 0.00045324243300160546
34 0.000043438765255019996
36 0.00008296386270199534
38 0.000005801646248097621
39 0.000004633778456304862
40 0.000012008345186710319
41 0.000014853122149744404
43 0.000016486150317022987
45 0.00025964242459217314
48 0.0002630873261503125
49 0.000041620673939093223
51 0.00009373554768150506
63 0.0000037855318677072396
65 0.00001773141897136357
74 0.00030499358548289365
76 0.0006679213267959556
89 0.00009505729945367397
160 0.00018023749427928805
177 0.00015160120460271228
226 0.0002049311356991152
264 0.00021085919057695548
271 0.0011967322537263362
274 0.0026043435295675333
279 0.0004585911327659849
310 0.00016226697770759457
391 0.0013870153556247917
392 0.0005938676863953582
401 0.000543302192065155
445 0.0004624723451260439
461 0.0003985861298959538
475 0.0014313403504639844
507 0.0008182251257593176
587 0.0009884344705174716
633 0.00040649720137641123
716 0.0006272415952761084
750 0.0003344468624572988
770 0.003349832782068666
851 0.00008185705212231243
868 0.0002709256892452844
1176 0.004785475402955237
1188 0.002234820937061802
1269 0.0006758309323565803
1280 0.000977062468721929
1417 0.0003911548205288988
1450 0.0006513749791479525
1499 0.000393582208037624
1613 0.0015997589861581152
1781 0.000846746172956869
3293 0.001772596800296042
4739 0.0013516618647131605
4740 0.0013516618647131605
4741 0.0007384474589275524