9 0.00020449951904203455
13 0.000025983098867619697
14 0.00025254616640991854
16 0.00007545831652538253
19 0.0002642464683900639
21 0.000286106714668853
22 0.0001341735889149772
33 0.00022662121650080273
34 0.00013031629576506
36 0.00008296386270199534
38 0.00002030576186834168
39 0.000018535113825219447
40 0.000006004172593355159
41 0.000007426561074872202
43 0.000016486150317022987
46 0.0000917153986534453
49 0.000041620673939093223
51 0.00004686777384075253
56 0.00006477729821638932
63 0.0000094638296692681
65 0.00005319425691409072
66 0.00018628059697440975
67 0.00016815138569592077
72 0.0015878379530943382
76 0.0008015055921551466
87 0.001513250142302388
88 0.0004974543902408237
102 0.0007599733463780734
122 0.00018417084982617462
124 0.00009942778247685315
144 0.0006765694880066684
150 0.00035621126149020904
177 0.00015160120460271228
180 0.00017047293659553015
183 0.000416258063524805
196 0.0001675808341520189
226 0.0002049311356991152
243 0.000529546954728898
245 0.000181970089392662
253 0.0002472323099654942
360 0.00038678333270887957
430 0.00022365154352182467
494 0.000585966255609583
496 0.0002464916487181342
497 0.00017684408550895013
551 0.000849723818298602
555 0.0002457554359134993
608 0.0013755226992217563
624 0.0004887683798320584
698 0.00044451570202655086
703 0.0002862680700927968
851 0.00032742820848924973
868 0.0010837027569811377
884 0.0012075611868749357
905 0.0004942172352587358
915 0.0006458029636839771
942 0.00043730308863810597
1024 0.000505900267840781
1062 0.0010324034428949047
1156 0.0005188152611795682
1157 0.0029543280004934035
1162 0.0006052724462960429
1271 0.0003652527497189936
1285 0.00036332233087023905
1403 0.0006910521121340801
1450 0.00032568748957397626
1499 0.000393582208037624
1586 0.0007550417726806894
1618 0.00040380304757415875
1824 0.0005258216860189834
2012 0.000549621148441263
3502 0.00036332233087023905
4127 0.0006037805934374678
4201 0.003283796095631684
4920 0.0007881489921597373
4921 0.0014506543864615605