9 0.00023858277221570697
13 0.00003247887358452463
22 0.0002683471778299544
36 0.00016592772540399069
38 0.000008702469372146433
39 0.000027802670737829172
40 0.00000900625889003274
41 0.000011139841612308305
43 0.000016486150317022987
44 0.00020453330306294742
46 0.0003210038952870586
47 0.00031598895731525394
49 0.000041620673939093223
51 0.00004686777384075253
55 0.00009700475713476236
56 0.00006477729821638932
57 0.0001250684069607151
63 0.0000037855318677072396
65 0.00003546283794272714
67 0.00012611353927194057
69 0.00023724943034546792
71 0.00012561808978093188
81 0.0005472212755932213
88 0.0004974543902408237
89 0.00019011459890734794
107 0.0002049311356991152
150 0.00035621126149020904
171 0.0001368611790876869
180 0.0001136486243970201
186 0.00025254616640991854
192 0.0003242865707429365
217 0.004304913883249397
243 0.000794320432093347
245 0.000727880357570648
253 0.0002472323099654942
286 0.0003975504898392634
296 0.0009775367596641168
360 0.00019339166635443979
377 0.0003188377153162591
491 0.00528858618028741
497 0.00017684408550895013
550 0.00025332444879269114
572 0.00033907303651746636
669 0.00012589385831905585
779 0.00030263622314802144
781 0.00046465581618336337
851 0.00008185705212231243
1082 0.00043730308863810597
1093 0.00036920725599727517
1146 0.007188303393366181
1162 0.0006052724462960429
1280 0.00032568748957397626
1310 0.004359867970442869
1472 0.00043730308863810597
2885 0.0011817312001973612
3676 0.0007031836599018376
3915 0.0021095509797055133
4922 0.0016761157027963517
4923 0.0006758309323565803