9 0.00017041626586836213
13 0.000019487324150714776
16 0.00007545831652538253
22 0.0001341735889149772
34 0.00013031629576506
36 0.00012444579405299303
38 0.000005801646248097621
39 0.000004633778456304862
40 0.000006004172593355159
41 0.000007426561074872202
42 0.000051443803059355216
43 0.00002885076305479023
51 0.00004686777384075253
63 0.0000037855318677072396
65 0.00001773141897136357
67 0.00004203784642398019
73 0.0003858275493267621
76 0.0005343370614367644
88 0.00024872719512041187
122 0.00018417084982617462
150 0.00035621126149020904
177 0.0004548036138081369
180 0.00005682431219851005
196 0.0006703233366080756
245 0.000181970089392662
279 0.00022929556638299245
353 0.0003753890228061612
360 0.00019339166635443979
445 0.0004624723451260439
494 0.000585966255609583
506 0.00029918306343158405
818 0.0004942172352587358
851 0.00008185705212231243
1162 0.0006052724462960429
1247 0.00046465581618336337
1395 0.0006958000411585592
1616 0.0017055503832352594
4924 0.001746228648835274
4925 0.000499919615209078