1 0.0001309668193588762
9 0.00013633301269468968
13 0.00003247887358452463
16 0.00007545831652538253
17 0.003585196941227052
18 0.0033214920248365518
19 0.0002642464683900639
23 0.00045603737918465233
33 0.00033993182475120415
34 0.00013031629576506
36 0.00004148193135099767
38 0.000011603292496195242
39 0.000013901335368914586
40 0.000012008345186710319
41 0.000011139841612308305
42 0.000051443803059355216
43 0.000004121537579255747
44 0.00006817776768764914
46 0.0003668615946137812
47 0.00031598895731525394
48 0.00013154366307515625
49 0.0001664826957563729
51 0.00004686777384075253
52 0.00014497369525357328
55 0.00009700475713476236
56 0.0003238864910819466
57 0.0001250684069607151
63 0.0000037855318677072396
65 0.00008865709485681788
66 0.00009314029848720488
67 0.00004203784642398019
74 0.0006099871709657873
81 0.00018240709186440708
89 0.00019011459890734794
97 0.00046908078101438134
99 0.0006542092087142864
100 0.00015297081732618925
101 0.0017375477025499064
115 0.0004119757166161532
134 0.0003672140565768559
139 0.00028224872431895635
148 0.0018113417803124036
159 0.0001776836714179443
160 0.00018023749427928805
180 0.00005682431219851005
196 0.0003351616683040378
249 0.0034779569386396967
277 0.00019930090227324488
310 0.00016226697770759457
470 0.00037969048392546374
480 0.0007344281131537118
494 0.00019532208520319432
496 0.0002464916487181342
501 0.0013516618647131605
649 0.0003960586369806884
669 0.00012589385831905585
686 0.004150522089436545
708 0.00035955036976865123
803 0.0002597352724507996
851 0.00008185705212231243
1028 0.0007082030286839478
1036 0.001866468015869921
1050 0.0004603543550640608
1479 0.00038643965984885517
1705 0.0008299085659023568
1722 0.00632865293911654
2021 0.000499919615209078
3139 0.0004942172352587358
3928 0.0011261670684184837
4299 0.0005685167944117531
4928 0.0007384474589275524
4929 0.0007881489921597373