9 0.0003749157849103967
12 0.0035908313705434007
13 0.00005846197245214433
14 0.0007576384992297557
15 0.000769463865116443
16 0.00007545831652538253
21 0.0007152667866721326
23 0.00022801868959232616
33 0.00011331060825040136
36 0.00012444579405299303
38 0.000011603292496195242
39 0.000018535113825219447
40 0.000015010431483387899
41 0.000014853122149744404
42 0.000051443803059355216
43 0.000004121537579255747
44 0.00006817776768764914
46 0.0004127192939405039
47 0.00036113023693171874
48 0.00013154366307515625
49 0.00012486202181727967
51 0.00004686777384075253
55 0.00009700475713476236
56 0.00012955459643277864
57 0.0001250684069607151
63 0.000007571063735414479
65 0.00001773141897136357
66 0.00018628059697440975
67 0.00004203784642398019
76 0.0005343370614367644
78 0.006822201532941038
87 0.0009457813389389926
97 0.00023454039050719067
135 0.0014902664724012863
136 0.0002925555540824451
143 0.00032998895069327885
150 0.0005343168922353136
180 0.0001136486243970201
222 0.0003841483956894837
243 0.000264773477364449
255 0.00017273030805218352
267 0.0022268559888987153
271 0.003590196761179009
277 0.0011958054136394693
283 0.00041790813825628515
287 0.0005162017214474523
307 0.00022550415909059743
310 0.0006490679108303783
360 0.00019339166635443979
367 0.0005347448482446134
368 0.00018686500362842702
445 0.00023123617256302196
452 0.0002764565099464942
457 0.0023490844225415464
493 0.0011727019525359535
494 0.0013672545964223603
496 0.0009859665948725369
520 0.00016189608767124534
554 0.0003985861298959538
669 0.00012589385831905585
672 0.0004942172352587358
682 0.0003753890228061612
691 0.0003038092374917516
715 0.0004092519030008361
770 0.0004785475402955236
811 0.0009043587776695111
851 0.00008185705212231243
893 0.0003775208863403447
980 0.0007266446617404781
1007 0.000393582208037624
1153 0.0004120699366150429
1176 0.006221118023841807
1271 0.0007305054994379872
1285 0.0014532893234809562
1396 0.0036920725599727524
1625 0.0015997589861581152
1632 0.004136059200690765
1785 0.00030499358548289365
1942 0.0017055503832352594
2148 0.00044828766312813873
2378 0.0006006466840248042
2485 0.0005332529953860384
3125 0.0018546549829318141
3751 0.004396969187530104
4299 0.0005685167944117531
4793 0.0007881489921597373
4824 0.001236436655287876
4930 0.004365571622088185
4931 0.001746228648835274
4932 0.0007384474589275524
4933 0.004365571622088185