9 0.00003408325317367242
13 0.000025983098867619697
16 0.00007545831652538253
17 0.0030191132136648856
18 0.0018979954427637434
19 0.00039636970258509594
21 0.0001430533573344265
23 0.002052168206330936
33 0.0005665530412520069
34 0.000043438765255019996
36 0.00004148193135099767
38 0.000008702469372146433
39 0.000013901335368914586
40 0.0000030020862966775796
41 0.000003713280537436101
42 0.000051443803059355216
43 0.000004121537579255747
44 0.00013635553537529827
46 0.0004127192939405039
47 0.00036113023693171874
48 0.00013154366307515625
49 0.00012486202181727967
51 0.00004686777384075253
55 0.00009700475713476236
56 0.00019433189464916796
57 0.0001250684069607151
63 0.0000037855318677072396
65 0.00005319425691409072
67 0.00004203784642398019
71 0.00012561808978093188
76 0.0001335842653591911
97 0.00023454039050719067
124 0.00009942778247685315
134 0.0003672140565768559
150 0.00035621126149020904
160 0.00018023749427928805
180 0.00005682431219851005
196 0.0001675808341520189
247 0.00026056072380914035
255 0.00017273030805218352
258 0.0007921172739613768
259 0.0005178306850950789
367 0.0002673724241223067
439 0.0019887418858562035
452 0.0002764565099464942
470 0.00037969048392546374
480 0.0003672140565768559
520 0.00016189608767124534
555 0.0002457554359134993
669 0.00012589385831905585
741 0.0007046755127604127
779 0.0030263622314802147
781 0.00046465581618336337
851 0.000040928526061156217
868 0.0002709256892452844
1034 0.00034065472379816113
1062 0.0005162017214474523
1154 0.0011881759109420651
1263 0.0005188152611795682
1388 0.0003753890228061612
1591 0.0004691137279473833
1966 0.0005258216860189834
2003 0.0007031836599018376
2061 0.0005908656000986806
2378 0.0003003233420124021
4289 0.0005188152611795682
4299 0.0005685167944117531
4346 0.0007384474589275524
4564 0.0007384474589275524
4934 0.000873114324417637
4935 0.000873114324417637
4936 0.000873114324417637
4937 0.000873114324417637
4938 0.000873114324417637