9 0.00017041626586836213
12 0.000769463865116443
13 0.00003247887358452463
17 0.00018869457585405535
21 0.000286106714668853
34 0.00017375506102007999
36 0.00012444579405299303
37 0.00020975981940966445
38 0.000017404938744292866
39 0.000018535113825219447
40 0.000015010431483387899
41 0.000014853122149744404
42 0.000051443803059355216
43 0.000008243075158511493
44 0.00027271107075059654
46 0.00013757309798016797
47 0.00031598895731525394
48 0.00013154366307515625
49 0.000041620673939093223
55 0.00009700475713476236
56 0.00019433189464916796
57 0.0001250684069607151
63 0.0000094638296692681
65 0.00008865709485681788
67 0.00008407569284796038
71 0.00012561808978093188
76 0.0006679213267959556
89 0.0003802291978146959
94 0.0009570950805910472
104 0.00016413845014333722
113 0.00011133348371866765
115 0.0002059878583080766
123 0.000188234616351904
171 0.0001368611790876869
185 0.0010625347393958431
186 0.0005050923328198371
193 0.0002936355528176933
196 0.0001675808341520189
212 0.00040116683707882124
230 0.0002958245228348551
255 0.00017273030805218352
277 0.00039860180454648976
304 0.00026056072380914035
333 0.0004338499289216686
368 0.00018686500362842702
416 0.00497749287556462
431 0.00037969048392546374
470 0.00037969048392546374
497 0.00035368817101790026
520 0.00016189608767124534
537 0.0003960586369806884
576 0.0003086168757797243
638 0.00040116683707882124
669 0.00012589385831905585
746 0.0003672140565768559
772 0.0002597352724507996
803 0.0002597352724507996
825 0.001011800535681562
851 0.00008185705212231243
1297 0.000549621148441263
1395 0.0005218500308689194
1848 0.0007031836599018376
2082 0.012679392462186826
2378 0.0003003233420124021
2427 0.005332529953860385
2485 0.0005332529953860384
2497 0.000424038368775366
2578 0.0007384474589275524
2580 0.0006758309323565803
2581 0.0007031836599018376
2840 0.0015762979843194746
3371 0.0007881489921597373
3411 0.0031525959686389492
4280 0.0004338499289216686
4287 0.0025383459227966507
4939 0.000873114324417637