2 0.00017273030805218352
13 0.000012991549433809848
18 0.0011862471517273398
33 0.00011331060825040136
34 0.000043438765255019996
35 0.0003887745697496512
36 0.00033185545080798137
38 0.000008702469372146433
39 0.000009267556912609724
40 0.00000900625889003274
41 0.000007426561074872202
43 0.000020607687896278735
44 0.00013635553537529827
46 0.0003668615946137812
47 0.00031598895731525394
48 0.00013154366307515625
51 0.00004686777384075253
56 0.00006477729821638932
63 0.0000037855318677072396
65 0.00005319425691409072
67 0.00008407569284796038
69 0.00023724943034546792
76 0.0004007527960775733
84 0.0002130879622223576
89 0.00009505729945367397
104 0.00032827690028667443
123 0.000188234616351904
124 0.00009942778247685315
143 0.00032998895069327885
150 0.00035621126149020904
159 0.0001776836714179443
165 0.00022550415909059743
180 0.00005682431219851005
183 0.0006243870952872076
186 0.0017678231648694301
192 0.000648573141485873
279 0.00022929556638299245
304 0.00026056072380914035
393 0.0013562921460698654
413 0.00024142866684252312
430 0.00022365154352182467
538 0.0002852508106156339
648 0.0003201773905469762
657 0.0005587052342654505
667 0.0009123974692171921
703 0.0002862680700927968
751 0.006444960970896852
779 0.00030263622314802144
810 0.00043730308863810597
811 0.006330511443686579
823 0.00045217938883475555
851 0.00008185705212231243
858 0.0017202880513944954
1084 0.00036920725599727517
1235 0.0005258216860189834
1395 0.0001739500102896398
1403 0.00034552605606704003
1625 0.0005332529953860384
3125 0.011127929897590887
4921 0.00048355146215385347
4940 0.003267410633348264
4941 0.0007881489921597373
4942 0.000873114324417637
4943 0.0007881489921597373