9 0.00023858277221570697
13 0.000019487324150714776
16 0.00015091663305076506
26 0.0002468679904672833
29 0.00026649997158873667
34 0.00013031629576506
36 0.00008296386270199534
38 0.000008702469372146433
39 0.00002316889228152431
40 0.000015010431483387899
41 0.000014853122149744404
42 0.000051443803059355216
43 0.000016486150317022987
44 0.00013635553537529827
46 0.0003668615946137812
47 0.00036113023693171874
48 0.00013154366307515625
49 0.000041620673939093223
55 0.00009700475713476236
56 0.00012955459643277864
57 0.0001250684069607151
63 0.0000094638296692681
64 0.00018731984297588175
65 0.00003546283794272714
66 0.00009314029848720488
67 0.00004203784642398019
71 0.00012561808978093188
76 0.0002671685307183822
81 0.0005472212755932213
99 0.0003271046043571432
104 0.00032827690028667443
124 0.00009942778247685315
125 0.0002682511308492756
171 0.0002737223581753738
179 0.0015430843788986218
180 0.00005682431219851005
183 0.000416258063524805
193 0.0002936355528176933
214 0.00054731981622391
247 0.00026056072380914035
251 0.00022002825322499402
261 0.0002338723830583595
278 0.0015100835453613788
286 0.0001987752449196317
288 0.0025082055855155877
320 0.0014736257583378206
327 0.0003960586369806884
328 0.001117410468530901
352 0.0002958245228348551
366 0.00034225708731462997
401 0.000543302192065155
431 0.00037969048392546374
491 0.0018665598283367326
505 0.0006719392066499634
506 0.0005983661268631681
508 0.0005365022616985512
520 0.0003237921753424907
538 0.0005705016212312678
585 0.0003911548205288988
654 0.006171988952655172
669 0.00012589385831905585
671 0.0002597352724507996
709 0.00027274170858643915
752 0.0009671029243077069
753 0.0002783569986123394
759 0.002146242245066033
815 0.0004737399020075509
851 0.00016371410424462487
875 0.0003841483956894837
876 0.0003911548205288988
1029 0.0016607460124182759
1100 0.00320933469663057
1120 0.00029472515166756405
1162 0.0006052724462960429
1187 0.00035770704084433884
1246 0.000618218327643938
1283 0.0010172191095523992
1325 0.00281115483217226
1388 0.0003753890228061612
1398 0.00040380304757415875
1653 0.008839633647240509
1763 0.0006758309323565803
1953 0.0005411640668664958
2014 0.004470448772470708
2640 0.00043730308863810597
3439 0.0013516618647131605
3507 0.0004338499289216686
4221 0.0004887683798320584
4236 0.0004942172352587358
4640 0.0005332529953860384
4944 0.00698045128769079
4945 0.0007881489921597373