2 0.00017273030805218352
9 0.00010224975952101728
16 0.00007545831652538253
19 0.00066061617097516
26 0.000370301985700925
29 0.00026649997158873667
34 0.00008687753051003999
36 0.00008296386270199534
38 0.000011603292496195242
39 0.000018535113825219447
40 0.000015010431483387899
41 0.00002227968322461661
42 0.00010288760611871043
43 0.00002472922547553448
45 0.00012982121229608657
48 0.00013154366307515625
49 0.00008324134787818645
51 0.00004686777384075253
56 0.0003886637892983359
63 0.00000567829780156086
64 0.00018731984297588175
65 0.00005319425691409072
66 0.00018628059697440975
72 0.0007057057569308169
76 0.0002671685307183822
81 0.00036481418372881415
89 0.00009505729945367397
107 0.0002049311356991152
115 0.0004119757166161532
124 0.00009942778247685315
146 0.000794320432093347
150 0.00035621126149020904
154 0.0003314569809760339
159 0.0001776836714179443
160 0.00018023749427928805
180 0.00005682431219851005
183 0.000416258063524805
245 0.000181970089392662
247 0.00026056072380914035
251 0.00022002825322499402
261 0.0002338723830583595
277 0.00019930090227324488
310 0.00016226697770759457
315 0.0004785475402955236
391 0.0011096122844998333
396 0.0005758906338193962
445 0.001618653207941154
475 0.001717608420556781
494 0.00019532208520319432
505 0.0013438784132999268
506 0.0011967322537263362
507 0.0008182251257593176
508 0.0016095067850956538
512 0.0009525375700340132
520 0.00016189608767124534
572 0.00033907303651746636
642 0.0007775491394993024
709 0.0005454834171728783
851 0.00016371410424462487
873 0.00037969048392546374
902 0.0015015560912246448
980 0.0007266446617404781
1036 0.0003732936031739842
1060 0.0002852508106156339
1070 0.0003541015143419739
1187 0.0007154140816886777
1357 0.0005587052342654505
1388 0.0003753890228061612
1398 0.00040380304757415875
1411 0.003585314262813005
1548 0.0011957583896878615
1620 0.0005685167944117531
1908 0.003920892760017917
2007 0.0004408563537610837
2014 0.0013755226992217563
2344 0.0006758309323565803
2398 0.001793150652512555
2629 0.0006345864806991627
2631 0.002060349683075215
2636 0.0017780628081062034
2836 0.0004737399020075509
3315 0.0009043587776695111
4114 0.0006534821266696528
4169 0.000424038368775366
4450 0.0005332529953860384
4640 0.0005332529953860384
4946 0.0007881489921597373
4947 0.000873114324417637
4948 0.001746228648835274