9 0.00020449951904203455
13 0.000006495774716904924
16 0.00030183326610153013
20 0.0002464916487181342
34 0.000043438765255019996
38 0.000008702469372146433
39 0.00002316889228152431
40 0.000015010431483387899
41 0.000014853122149744404
42 0.00015433140917806565
43 0.000016486150317022987
44 0.00013635553537529827
46 0.00022928849663361327
47 0.00022570639808232424
55 0.00029101427140428715
56 0.00006477729821638932
57 0.0001250684069607151
63 0.000007571063735414479
64 0.00018731984297588175
65 0.00005319425691409072
67 0.00004203784642398019
72 0.0012349850746289296
73 0.00019291377466338104
76 0.0009350898575143378
77 0.00046465581618336337
87 0.0005674688033633956
89 0.00009505729945367397
114 0.00021141259586679695
144 0.0001691423720016671
146 0.000264773477364449
159 0.0001776836714179443
180 0.0001136486243970201
183 0.001873161285861623
210 0.0003201773905469762
245 0.000545910268177986
254 0.0004272224195725296
264 0.00042171838115391097
271 0.00029918306343158405
278 0.0007550417726806894
313 0.0004338499289216686
360 0.00019339166635443979
399 0.0014846692159883957
437 0.00032153186911851154
484 0.00043049138832493966
520 0.00016189608767124534
545 0.0003985861298959538
550 0.00025332444879269114
572 0.00033907303651746636
573 0.0001652752038556845
613 0.0002597352724507996
664 0.0009123974692171921
669 0.0002517877166381117
851 0.00008185705212231243
1007 0.000393582208037624
1029 0.00023724943034546792
1247 0.00046465581618336337
1395 0.0001739500102896398
1448 0.0004603543550640608
1628 0.0007031836599018376
2712 0.0022153423767826575
3732 0.0005411640668664958
3767 0.0007881489921597373
4386 0.0029537898357102094
4949 0.000873114324417637
4950 0.001746228648835274
4951 0.000873114324417637
4952 0.0006758309323565803
4953 0.000873114324417637
4954 0.0007031836599018376