9 0.00017041626586836213
13 0.000012991549433809848
34 0.000043438765255019996
36 0.00004148193135099767
38 0.000005801646248097621
39 0.000013901335368914586
40 0.00000900625889003274
41 0.000011139841612308305
42 0.00010288760611871043
43 0.000020607687896278735
44 0.00013635553537529827
46 0.0003210038952870586
47 0.00031598895731525394
48 0.00013154366307515625
49 0.000041620673939093223
55 0.00009700475713476236
56 0.00012955459643277864
57 0.0001250684069607151
59 0.00040158610568973463
63 0.00000567829780156086
65 0.00001773141897136357
67 0.00008407569284796038
76 0.0001335842653591911
81 0.00018240709186440708
84 0.0004261759244447152
104 0.002133799851863384
108 0.000549621148441263
124 0.00009942778247685315
125 0.0002682511308492756
143 0.004289856359012625
150 0.00035621126149020904
171 0.0002737223581753738
180 0.00017047293659553015
183 0.0002081290317624025
186 0.00025254616640991854
193 0.0008809066584530799
243 0.000264773477364449
245 0.000727880357570648
251 0.00022002825322499402
286 0.0001987752449196317
288 0.0006840560687769785
360 0.00019339166635443979
367 0.0002673724241223067
399 0.0011877353727907164
435 0.0004603543550640608
457 0.0002936355528176933
589 0.0004737399020075509
794 0.0005332529953860384
795 0.010264270088436955
851 0.00008185705212231243
858 0.0004915108718269986
893 0.0003775208863403447
911 0.0004120699366150429
1388 0.0003753890228061612
1949 0.0004691137279473833
1955 0.0006758309323565803
2127 0.0006345864806991627
2504 0.00886136950713063
2932 0.0005587052342654505
3895 0.002198484593765052
4670 0.006182183276439381
4955 0.000873114324417637
4956 0.001746228648835274
4957 0.002619342973252911
4958 0.000873114324417637
4959 0.000873114324417637