9 0.00020449951904203455
13 0.000019487324150714776
16 0.00007545831652538253
17 0.002075640334394609
19 0.00039636970258509594
22 0.0001341735889149772
23 0.00022801868959232616
34 0.00013031629576506
36 0.00004148193135099767
38 0.000005801646248097621
39 0.00002316889228152431
40 0.00002101460407674306
41 0.000018566402687180508
42 0.00010288760611871043
43 0.000016486150317022987
44 0.00013635553537529827
46 0.0001834307973068906
47 0.00018056511846585937
49 0.000041620673939093223
55 0.00019400951426952473
56 0.00006477729821638932
57 0.0001250684069607151
63 0.00001135659560312172
64 0.00018731984297588175
65 0.00001773141897136357
67 0.00008407569284796038
68 0.0002914849877710017
76 0.0004007527960775733
100 0.00015297081732618925
104 0.00016413845014333722
114 0.00021141259586679695
122 0.00018417084982617462
144 0.0008457118600083356
159 0.0001776836714179443
177 0.00015160120460271228
180 0.00005682431219851005
183 0.0006243870952872076
196 0.0003351616683040378
197 0.0002904236905482616
243 0.000529546954728898
255 0.00017273030805218352
277 0.00019930090227324488
279 0.00022929556638299245
288 0.0009120747583693047
353 0.0003753890228061612
467 0.00034552605606704003
468 0.0003136207976380542
497 0.0005305322565268504
573 0.0001652752038556845
613 0.0002597352724507996
691 0.0009114277124752549
750 0.0003344468624572988
787 0.003789919216060407
851 0.00008185705212231243
858 0.0002457554359134993
899 0.00044828766312813873
1007 0.00196791104018812
1027 0.0005332529953860384
1057 0.0013015497867650057
1082 0.00043730308863810597
2120 0.0006037805934374678
2128 0.0017492123545524239
4904 0.000618218327643938
4960 0.0007031836599018376