2 0.00017273030805218352
9 0.00013633301269468968
12 0.0010259518201552573
13 0.000025983098867619697
16 0.00015091663305076506
17 0.0007547783034162214
19 0.00013212323419503196
22 0.0002683471778299544
23 0.00022801868959232616
32 0.0005188152611795682
37 0.0008390392776386578
38 0.000005801646248097621
39 0.000013901335368914586
40 0.00000900625889003274
41 0.000011139841612308305
42 0.00015433140917806565
43 0.000008243075158511493
44 0.00013635553537529827
45 0.00012982121229608657
46 0.00022928849663361327
47 0.00022570639808232424
51 0.00009373554768150506
63 0.000007571063735414479
65 0.00008865709485681788
66 0.00009314029848720488
67 0.00008407569284796038
89 0.00047528649726836993
124 0.00009942778247685315
125 0.0002682511308492756
132 0.0003985861298959538
160 0.00018023749427928805
176 0.0006750229973356363
183 0.0006243870952872076
196 0.0010054850049121137
198 0.002345568639736917
204 0.0005258216860189834
210 0.0003201773905469762
214 0.000273659908111955
251 0.00022002825322499402
292 0.0005829699755420034
352 0.0002958245228348551
392 0.0011877353727907164
485 0.0007384474589275524
565 0.0013069642533393056
573 0.000330550407711369
646 0.0003712334023506965
690 0.0004942172352587358
759 0.0007154140816886777
773 0.004442105364894139
851 0.00016371410424462487
863 0.0018460362799863762
868 0.0005418513784905688
891 0.0004785475402955236
946 0.0057425704835462835
1062 0.0005162017214474523
1283 0.00033907303651746636
1376 0.0004942172352587358
1478 0.000499919615209078
1526 0.001011800535681562
2336 0.0004691137279473833
2366 0.0016716325530251406
2660 0.0006758309323565803
2863 0.000618218327643938
4961 0.0011817312001973612
4962 0.0007881489921597373
4963 0.0015762979843194746
4964 0.000873114324417637
4965 0.000873114324417637
4966 0.000873114324417637
4967 0.000873114324417637
4968 0.000873114324417637
4969 0.000873114324417637
4970 0.000873114324417637