9 0.00013633301269468968
13 0.000025983098867619697
17 0.0016982511826864983
18 0.0011862471517273398
19 0.00066061617097516
20 0.0002464916487181342
22 0.0002683471778299544
30 0.00022182651134558653
34 0.00008687753051003999
35 0.0003887745697496512
38 0.000005801646248097621
39 0.000018535113825219447
40 0.00001801251778006548
41 0.000014853122149744404
42 0.000051443803059355216
43 0.000008243075158511493
44 0.00013635553537529827
45 0.00025964242459217314
46 0.00022928849663361327
47 0.00022570639808232424
51 0.0001874710953630101
52 0.00014497369525357328
55 0.00009700475713476236
56 0.00012955459643277864
57 0.0001250684069607151
63 0.00000567829780156086
65 0.00010638851382818144
67 0.00008407569284796038
68 0.0002914849877710017
71 0.00012561808978093188
72 0.00017642643923270423
88 0.00024872719512041187
113 0.0002226669674373353
124 0.00029828334743055946
144 0.0011839966040116698
150 0.00035621126149020904
159 0.0001776836714179443
162 0.0004149542829511784
171 0.00041058353726306076
177 0.00030320240920542457
180 0.0001136486243970201
230 0.0002958245228348551
264 0.00021085919057695548
289 0.0003712334023506965
292 0.0002914849877710017
310 0.00032453395541518913
368 0.00018686500362842702
375 0.00025891534254753946
392 0.0011877353727907164
396 0.00038392708921293077
497 0.00017684408550895013
550 0.00025332444879269114
609 0.00043730308863810597
662 0.0004408563537610837
669 0.00012589385831905585
703 0.0002862680700927968
851 0.00008185705212231243
1007 0.001180746624112872
1035 0.0005908656000986806
1050 0.0004603543550640608
1062 0.00025810086072372616
1120 0.0008841754550026923
1442 0.0013015497867650057
1450 0.001302749958295905
1591 0.0009382274558947666
1746 0.0007384474589275524
2705 0.0006345864806991627
3538 0.0005332529953860384
4201 0.003283796095631684
4222 0.00045217938883475555
4223 0.00044451570202655086
4224 0.0005411640668664958
4326 0.007881489921597373
4431 0.0007881489921597373
4971 0.0015762979843194746
4972 0.000873114324417637
4973 0.000873114324417637
4974 0.000873114324417637
4975 0.000873114324417637
4976 0.0007031836599018376
4977 0.000873114324417637
4978 0.000873114324417637