9 0.00023858277221570697
22 0.0002683471778299544
23 0.0006840560687769785
26 0.00012343399523364164
34 0.000043438765255019996
36 0.00012444579405299303
38 0.000005801646248097621
39 0.000027802670737829172
40 0.00001801251778006548
41 0.000007426561074872202
43 0.00001236461273776724
49 0.000041620673939093223
51 0.0001874710953630101
52 0.00014497369525357328
56 0.00006477729821638932
59 0.0008031722113794693
63 0.0000037855318677072396
65 0.00001773141897136357
66 0.00009314029848720488
87 0.0001891562677877985
89 0.00009505729945367397
107 0.0002049311356991152
125 0.0002682511308492756
136 0.0002925555540824451
144 0.0003382847440033342
175 0.0003753890228061612
180 0.00005682431219851005
214 0.0008209797243358649
251 0.0008801130128999761
255 0.00017273030805218352
261 0.000467744766116719
270 0.0010786511093059537
274 0.0023149720262822513
277 0.00039860180454648976
288 0.001368112137553957
310 0.00016226697770759457
320 0.0023578012133405124
327 0.003168469095845507
367 0.0002673724241223067
412 0.00028729384230050906
442 0.0003242865707429365
457 0.0035236266338123197
495 0.0003753890228061612
506 0.0005983661268631681
537 0.0003960586369806884
544 0.0004785475402955236
551 0.0002832412727662006
578 0.0005258216860189834
580 0.0008817127075221674
753 0.0002783569986123394
754 0.0005332529953860384
759 0.0007154140816886777
779 0.00030263622314802144
851 0.00008185705212231243
866 0.0004272224195725296
875 0.0003841483956894837
898 0.0003014743275909555
1029 0.00023724943034546792
1062 0.00025810086072372616
1112 0.0003672140565768559
1176 0.0009570950805910472
1280 0.0006513749791479525
1283 0.00033907303651746636
1310 0.00036332233087023905
1463 0.0013069642533393056
1551 0.0010243755036608584
1694 0.0007031836599018376
2015 0.000499919615209078
2127 0.0006345864806991627
2148 0.00044828766312813873
3040 0.0011370335888235062
3208 0.0010219641713944834
3437 0.0006534821266696528
3502 0.00036332233087023905
3832 0.0006534821266696528
3933 0.0006037805934374678
4944 0.007615037768389952
4979 0.0060824783912092235
4980 0.0007881489921597373
4981 0.0036922372946377622
4982 0.000873114324417637
4983 0.000873114324417637
4984 0.000873114324417637
4985 0.000873114324417637
4986 0.000873114324417637