0 0.00019243773886705868
1 0.0001309668193588762
2 0.00017273030805218352
5 0.0002365665368606119
6 0.0002400196965770493
7 0.000233207996263883
13 0.000012991549433809848
21 0.0001430533573344265
26 0.00012343399523364164
33 0.00011331060825040136
36 0.00004148193135099767
38 0.000008702469372146433
39 0.000009267556912609724
40 0.000012008345186710319
41 0.000011139841612308305
43 0.000016486150317022987
45 0.00012982121229608657
46 0.00022928849663361327
47 0.00022570639808232424
48 0.00013154366307515625
49 0.000041620673939093223
51 0.00009373554768150506
52 0.00014497369525357328
56 0.00019433189464916796
61 0.00035285287846540845
63 0.0000037855318677072396
81 0.0010944425511864426
87 0.000756625071151194
89 0.00019011459890734794
97 0.00046908078101438134
100 0.00015297081732618925
138 0.0003775208863403447
277 0.00009965045113662244
324 0.0003753890228061612
347 0.0002479774737404859
367 0.0002673724241223067
438 0.0007191007395373025
441 0.0003438806748054391
452 0.0002764565099464942
613 0.0002597352724507996
641 0.000393582208037624
649 0.0003960586369806884
1034 0.00034065472379816113
1056 0.0006534821266696528
1156 0.002594076305897841
1157 0.0029543280004934035
1158 0.000873114324417637
1159 0.000873114324417637
1160 0.001746228648835274
1161 0.000873114324417637
1162 0.00030263622314802144
1163 0.000873114324417637
1164 0.000873114324417637
1165 0.000873114324417637
1166 0.000873114324417637
1167 0.000873114324417637
1168 0.0007384474589275524
1169 0.000873114324417637
1170 0.000873114324417637
1171 0.000873114324417637
1172 0.0004887683798320584
1173 0.00041790813825628515
1174 0.000873114324417637