1 0.0002619336387177524
13 0.000006495774716904924
16 0.00007545831652538253
19 0.00013212323419503196
21 0.0001430533573344265
34 0.000043438765255019996
38 0.000005801646248097621
39 0.000018535113825219447
40 0.00000900625889003274
41 0.000011139841612308305
42 0.000051443803059355216
43 0.00002885076305479023
44 0.00013635553537529827
45 0.00012982121229608657
46 0.0003210038952870586
47 0.00031598895731525394
49 0.000041620673939093223
51 0.00009373554768150506
52 0.00014497369525357328
55 0.00009700475713476236
56 0.00006477729821638932
57 0.0001250684069607151
60 0.000771875265170191
63 0.0000037855318677072396
65 0.00001773141897136357
66 0.00018628059697440975
67 0.00008407569284796038
71 0.00012561808978093188
72 0.0012349850746289296
76 0.0005343370614367644
89 0.00009505729945367397
100 0.00015297081732618925
114 0.00021141259586679695
122 0.00018417084982617462
123 0.000188234616351904
124 0.0001988555649537063
159 0.0001776836714179443
180 0.0001136486243970201
197 0.0008712710716447848
214 0.000273659908111955
286 0.0001987752449196317
310 0.00032453395541518913
313 0.0004338499289216686
353 0.0007507780456123224
392 0.0005938676863953582
401 0.000905503653441925
445 0.00023123617256302196
487 0.00043049138832493966
493 0.00046908078101438134
494 0.00019532208520319432
497 0.00035368817101790026
573 0.000330550407711369
669 0.0002517877166381117
759 0.00035770704084433884
851 0.00008185705212231243
863 0.00036920725599727517
875 0.0003841483956894837
879 0.0002958245228348551
915 0.00032290148184198857
1029 0.00023724943034546792
1120 0.00029472515166756405
1325 0.00031235053690802886
1328 0.0003541015143419739
1374 0.0010823281337329915
1395 0.0003479000205792796
1450 0.0006513749791479525
1479 0.00038643965984885517
1548 0.0003985861298959538
1788 0.0012362098098451287
1878 0.0003841483956894837
3928 0.0011261670684184837
4265 0.0018546549829318141
4979 0.002027492797069741
4981 0.005169132212492868
4987 0.0007881489921597373
4988 0.0007881489921597373
4989 0.0006534821266696528
4990 0.0007881489921597373