9 0.00027266602538937937
13 0.000012991549433809848
16 0.00007545831652538253
17 0.00018869457585405535
19 0.00013212323419503196
22 0.0002683471778299544
33 0.00033993182475120415
37 0.0004195196388193289
38 0.000008702469372146433
39 0.000018535113825219447
40 0.00000900625889003274
41 0.000011139841612308305
42 0.000051443803059355216
43 0.000016486150317022987
44 0.00013635553537529827
46 0.0004127192939405039
47 0.00045141279616464847
51 0.00004686777384075253
55 0.00009700475713476236
56 0.0003238864910819466
57 0.0001250684069607151
63 0.00000567829780156086
65 0.00007092567588545428
67 0.00012611353927194057
69 0.00047449886069093585
70 0.0007046755127604127
71 0.00025123617956186376
72 0.002293543710025155
87 0.0005674688033633956
104 0.00016413845014333722
113 0.00033400045115600295
131 0.0004092519030008361
146 0.000264773477364449
165 0.00022550415909059743
171 0.0001368611790876869
179 0.004320636260916141
183 0.002081290317624025
185 0.001328168424244804
206 0.00044451570202655086
214 0.000273659908111955
243 0.000264773477364449
245 0.000363940178785324
254 0.0004272224195725296
261 0.000935489532233438
264 0.00042171838115391097
277 0.00019930090227324488
368 0.00018686500362842702
372 0.00043730308863810597
376 0.00034065472379816113
399 0.0026724045887791125
467 0.00034552605606704003
468 0.0003136207976380542
520 0.00016189608767124534
539 0.00045217938883475555
550 0.00025332444879269114
554 0.0003985861298959538
573 0.0001652752038556845
648 0.0003201773905469762
669 0.00012589385831905585
766 0.0004785475402955236
841 0.0004338499289216686
851 0.00008185705212231243
1050 0.0004603543550640608
1062 0.001290504303618631
1120 0.0014736257583378206
1141 0.003761173244306567
1271 0.0003652527497189936
1321 0.0003271046043571432
1325 0.005934660201252549
1528 0.00043730308863810597
1629 0.00043049138832493966
1632 0.004726924800789445
1725 0.0004408563537610837
1843 0.000787164416075248
1996 0.0005121877518304292
2497 0.000424038368775366
3109 0.0007881489921597373
3315 0.0009043587776695111
3353 0.0005332529953860384
3732 0.0005411640668664958
3751 0.004396969187530104
4137 0.00048355146215385347
4280 0.0004338499289216686
4952 0.0006758309323565803
4971 0.0007881489921597373
4991 0.001746228648835274
4992 0.000873114324417637
4993 0.0007881489921597373
4994 0.000873114324417637
4995 0.000873114324417637
4996 0.000873114324417637
4997 0.000873114324417637