9 0.00020449951904203455
13 0.000019487324150714776
19 0.00013212323419503196
33 0.00022662121650080273
36 0.00024889158810598606
38 0.000005801646248097621
39 0.000009267556912609724
40 0.000006004172593355159
41 0.000007426561074872202
43 0.000016486150317022987
44 0.00013635553537529827
46 0.00022928849663361327
47 0.00022570639808232424
49 0.000041620673939093223
51 0.00009373554768150506
56 0.00019433189464916796
63 0.0000037855318677072396
65 0.00003546283794272714
67 0.00004203784642398019
72 0.0005292793176981127
74 0.00030499358548289365
89 0.00019011459890734794
171 0.0001368611790876869
180 0.00005682431219851005
261 0.0002338723830583595
411 0.00022304017535425432
442 0.0003242865707429365
520 0.00016189608767124534
554 0.0003985861298959538
851 0.00008185705212231243
1073 0.00046465581618336337
1178 0.002169249644608343
1271 0.0003652527497189936
1321 0.0003271046043571432
1325 0.003123505369080289
1830 0.000499919615209078
2085 0.0003672140565768559
2202 0.00046465581618336337
2203 0.0004603543550640608
4747 0.001903759442097488
4979 0.0006758309323565803
4998 0.000873114324417637