9 0.00020449951904203455
13 0.000025983098867619697
16 0.00015091663305076506
17 0.0011321674551243322
19 0.0002642464683900639
22 0.0005366943556599089
23 0.00022801868959232616
29 0.00026649997158873667
33 0.00022662121650080273
34 0.00013031629576506
36 0.00004148193135099767
38 0.000014504115620244055
39 0.000009267556912609724
40 0.000015010431483387899
41 0.000011139841612308305
43 0.000016486150317022987
49 0.00012486202181727967
51 0.0001406033215222576
52 0.00028994739050714656
63 0.0000094638296692681
65 0.00001773141897136357
66 0.00009314029848720488
67 0.00004203784642398019
76 0.0001335842653591911
89 0.00009505729945367397
113 0.00033400045115600295
124 0.00009942778247685315
171 0.0001368611790876869
177 0.00030320240920542457
185 0.0002656336848489608
226 0.0002049311356991152
230 0.0002958245228348551
258 0.0011881759109420651
259 0.0018124073978327763
268 0.009187477780923216
368 0.00018686500362842702
391 0.0013870153556247917
430 0.00022365154352182467
491 0.0009332799141683663
508 0.0005365022616985512
520 0.0003237921753424907
573 0.0001652752038556845
642 0.0019438728487482563
709 0.0016364502515186351
717 0.000393582208037624
741 0.0010570132691406192
750 0.0003344468624572988
851 0.00032742820848924973
852 0.0015550982789986048
868 0.0005418513784905688
1208 0.0014164060573678956
1211 0.0005587052342654505
1223 0.0004887683798320584
1224 0.00044828766312813873
1280 0.00032568748957397626
1321 0.0006542092087142864
1397 0.0016817245047665637
1468 0.0008241398732300858
1612 0.0006345864806991627
1636 0.0004603543550640608
1937 0.0023167302700665415
2014 0.0010316420244163174
2899 0.0006534821266696528
2992 0.00048355146215385347
3001 0.0011817312001973612
3601 0.0011016421697305678
3719 0.0017088896782901184
4148 0.0014063673198036752
4271 0.0013516618647131605
4437 0.0014768949178551047
4601 0.000549621148441263
5002 0.000873114324417637
5003 0.000873114324417637
5004 0.000873114324417637
5005 0.0006534821266696528
5006 0.000873114324417637