1 0.0001309668193588762
9 0.00023858277221570697
13 0.000012991549433809848
33 0.00022662121650080273
34 0.000043438765255019996
36 0.00004148193135099767
38 0.000014504115620244055
40 0.0000030020862966775796
41 0.000003713280537436101
43 0.00001236461273776724
51 0.0001406033215222576
55 0.00029101427140428715
63 0.0000094638296692681
65 0.00001773141897136357
89 0.00019011459890734794
130 0.0005454834171728783
144 0.0008457118600083356
150 0.00035621126149020904
177 0.00015160120460271228
255 0.00034546061610436703
260 0.0007637983509111575
277 0.00009965045113662244
356 0.0012194916041292337
360 0.00038678333270887957
411 0.00044608035070850863
491 0.0009332799141683663
507 0.00027274170858643915
508 0.0018777579159449296
512 0.0019050751400680264
666 0.00032568748957397626
709 0.0010909668343457566
851 0.00032742820848924973
1037 0.0002709256892452844
1178 0.0013015497867650057
1187 0.0007154140816886777
2014 0.0003438806748054391
2631 0.0037086294295353866
5007 0.0006345864806991627
5008 0.0023644469764792122
5009 0.0006345864806991627