9 0.00013633301269468968
13 0.000012991549433809848
22 0.0005366943556599089
26 0.000370301985700925
34 0.00017375506102007999
36 0.00033185545080798137
38 0.000011603292496195242
39 0.00002316889228152431
40 0.000012008345186710319
41 0.000014853122149744404
42 0.000051443803059355216
43 0.000020607687896278735
51 0.0001406033215222576
56 0.00006477729821638932
63 0.000007571063735414479
65 0.00003546283794272714
67 0.0003783406178158218
71 0.00012561808978093188
107 0.0002049311356991152
113 0.0002226669674373353
115 0.0004119757166161532
122 0.00018417084982617462
131 0.0004092519030008361
143 0.0009899668520798367
150 0.00035621126149020904
160 0.0005407124828378641
165 0.00022550415909059743
171 0.0002737223581753738
180 0.00005682431219851005
192 0.0003242865707429365
196 0.0003351616683040378
214 0.000273659908111955
226 0.0004098622713982304
230 0.0002958245228348551
277 0.00039860180454648976
320 0.0005894503033351281
360 0.00019339166635443979
377 0.0006376754306325182
389 0.0075567669344513665
393 0.0023735112556222647
396 0.000959817723032327
399 0.0017816030591860748
402 0.000499919615209078
416 0.0040442129613962536
452 0.0002764565099464942
497 0.00035368817101790026
549 0.001615212190296635
555 0.0002457554359134993
569 0.00042093493558288133
610 0.004430684753565315
646 0.0003712334023506965
670 0.000665885611996771
707 0.0011817312001973612
711 0.0004092519030008361
751 0.004143189195576548
759 0.00035770704084433884
760 0.000424038368775366
805 0.0004691137279473833
851 0.0002455711563669373
960 0.0005411640668664958
1078 0.0004408563537610837
1182 0.0009043587776695111
1213 0.0005685167944117531
1280 0.0016284374478698817
1624 0.003267410633348264
1636 0.0004603543550640608
1725 0.0004408563537610837
1729 0.0007881489921597373
2179 0.0006534821266696528
2442 0.0047288939529584245
2608 0.013326316094682418
2624 0.005685167944117532
2799 0.0011817312001973612
3113 0.0012075611868749357
3254 0.007093340929437637
3714 0.0011583651350332708
3814 0.0014768949178551047
4337 0.00838057851398176
4529 0.0007384474589275524
4922 0.001117410468530901
5010 0.003940744960798687
5011 0.0012075611868749357
5012 0.0006758309323565803
5013 0.000873114324417637