0 0.00019243773886705868
9 0.00020449951904203455
13 0.00003247887358452463
16 0.00022637494957614764
17 0.0011321674551243322
19 0.0002642464683900639
23 0.001368112137553957
26 0.00012343399523364164
33 0.00011331060825040136
34 0.00013031629576506
36 0.00016592772540399069
38 0.000008702469372146433
39 0.000013901335368914586
40 0.000012008345186710319
41 0.000011139841612308305
43 0.00001236461273776724
44 0.00027271107075059654
46 0.0003210038952870586
47 0.00031598895731525394
49 0.000041620673939093223
51 0.00004686777384075253
55 0.00009700475713476236
56 0.0002591091928655573
57 0.0001250684069607151
63 0.0000037855318677072396
65 0.00005319425691409072
66 0.00018628059697440975
67 0.00004203784642398019
81 0.002006478010508478
89 0.00009505729945367397
97 0.00046908078101438134
124 0.0001988555649537063
187 0.004799276958474346
226 0.0002049311356991152
236 0.0020487510073217167
253 0.0002472323099654942
277 0.00019930090227324488
307 0.00022550415909059743
360 0.00019339166635443979
379 0.0003438806748054391
392 0.0002969338431976791
393 0.00033907303651746636
399 0.0002969338431976791
439 0.0003314569809760339
493 0.0011727019525359535
494 0.001171932511219166
497 0.00017684408550895013
546 0.0004120699366150429
576 0.0006172337515594486
613 0.0002597352724507996
648 0.0009605321716409287
669 0.00012589385831905585
803 0.0002597352724507996
851 0.00008185705212231243
868 0.0002709256892452844
1062 0.00025810086072372616
1093 0.00036920725599727517
1156 0.0005188152611795682
1358 0.0004942172352587358
1886 0.0004785475402955236
2155 0.00048355146215385347
2218 0.00045619873460859607
2574 0.0017375477025499064
3315 0.0022608969441737783
4120 0.0011370335888235062
5014 0.0007384474589275524