9 0.00013633301269468968
13 0.000006495774716904924
16 0.00007545831652538253
21 0.000286106714668853
26 0.00012343399523364164
36 0.00004148193135099767
37 0.0004195196388193289
38 0.000005801646248097621
39 0.000013901335368914586
40 0.000006004172593355159
41 0.000007426561074872202
42 0.000051443803059355216
43 0.000016486150317022987
44 0.00020453330306294742
46 0.00027514619596033594
47 0.00031598895731525394
49 0.000041620673939093223
51 0.00004686777384075253
55 0.00009700475713476236
57 0.0001250684069607151
63 0.0000037855318677072396
65 0.00001773141897136357
66 0.00018628059697440975
67 0.00004203784642398019
71 0.00012561808978093188
76 0.0006679213267959556
81 0.0009120354593220354
82 0.0002832412727662006
84 0.0002130879622223576
125 0.0008047533925478269
180 0.00005682431219851005
183 0.000416258063524805
223 0.0008890314040531017
263 0.0002338723830583595
279 0.00022929556638299245
291 0.0003887745697496512
401 0.00036220146137676994
497 0.00017684408550895013
669 0.00012589385831905585
851 0.00008185705212231243
1001 0.0006147943470845361
1781 0.0005644974486379127
1966 0.0005258216860189834
5015 0.0007881489921597373
5016 0.000873114324417637
5017 0.000873114324417637
5018 0.0015762979843194746
5019 0.001746228648835274