0 0.00019243773886705868
1 0.0001309668193588762
2 0.00017273030805218352
5 0.0002365665368606119
6 0.0002400196965770493
7 0.000233207996263883
8 0.00028224872431895635
12 0.000769463865116443
13 0.000006495774716904924
26 0.0004937359809345666
28 0.00025332444879269114
30 0.00022182651134558653
34 0.00013031629576506
36 0.00012444579405299303
38 0.000005801646248097621
39 0.000004633778456304862
40 0.000015010431483387899
41 0.000018566402687180508
42 0.00010288760611871043
43 0.000016486150317022987
45 0.0005192848491843463
46 0.00004585769932672265
47 0.00004514127961646484
52 0.00028994739050714656
56 0.00006477729821638932
58 0.0008237551125322549
60 0.0002572917550567303
61 0.00035285287846540845
63 0.00000567829780156086
64 0.00018731984297588175
72 0.00035285287846540845
82 0.0002832412727662006
85 0.0007307188851000811
87 0.000378312535575597
89 0.00009505729945367397
97 0.00023454039050719067
118 0.0015131811157401073
122 0.0005525125494785239
124 0.00009942778247685315
150 0.00035621126149020904
177 0.00030320240920542457
180 0.00005682431219851005
196 0.0003351616683040378
247 0.00026056072380914035
250 0.0003712334023506965
256 0.0007031836599018376
264 0.00021085919057695548
268 0.00048355146215385347
271 0.0005983661268631681
274 0.0002893715032852814
277 0.00029895135340986733
350 0.000499919615209078
393 0.00033907303651746636
430 0.00022365154352182467
442 0.0003242865707429365
497 0.00017684408550895013
596 0.00043049138832493966
641 0.0035422398723386163
671 0.0002597352724507996
703 0.0002862680700927968
711 0.0004092519030008361
768 0.0014826517057762074
858 0.0002457554359134993
1068 0.0004887683798320584
1072 0.0021095509797055133
1093 0.00036920725599727517
1162 0.00030263622314802144
1175 0.0007384474589275524
1176 0.003828380322364189
1177 0.0005188152611795682
1178 0.0017353997156866743
1179 0.004922285619312864
1180 0.0006345864806991627
1181 0.000873114324417637
1182 0.00045217938883475555
1183 0.0007881489921597373
1184 0.0022153423767826575
1185 0.0007031836599018376