9 0.00013633301269468968
13 0.000019487324150714776
16 0.00022637494957614764
21 0.0001430533573344265
22 0.0001341735889149772
26 0.00012343399523364164
33 0.00011331060825040136
34 0.00008687753051003999
36 0.00016592772540399069
38 0.000008702469372146433
39 0.000009267556912609724
40 0.00002101460407674306
41 0.000011139841612308305
42 0.000051443803059355216
43 0.00001236461273776724
44 0.00013635553537529827
45 0.00012982121229608657
46 0.00027514619596033594
47 0.00031598895731525394
48 0.00013154366307515625
49 0.00008324134787818645
51 0.00009373554768150506
55 0.00019400951426952473
63 0.00001135659560312172
65 0.00001773141897136357
89 0.00009505729945367397
113 0.00033400045115600295
117 0.0004338499289216686
160 0.00018023749427928805
185 0.0010625347393958431
246 0.00040649720137641123
254 0.0004272224195725296
259 0.00025891534254753946
264 0.00021085919057695548
307 0.00022550415909059743
360 0.00019339166635443979
363 0.00036332233087023905
368 0.00018686500362842702
396 0.0007678541784258615
505 0.0013438784132999268
506 0.0011967322537263362
507 0.0005454834171728783
508 0.0008047533925478269
512 0.0015875626167233554
520 0.0014570647890412083
550 0.00025332444879269114
573 0.0004958256115670535
642 0.0003887745697496512
648 0.0016008869527348814
669 0.00012589385831905585
687 0.0005258216860189834
709 0.001363708542932196
851 0.00008185705212231243
852 0.0003887745697496512
911 0.0004120699366150429
922 0.00043730308863810597
1062 0.00025810086072372616
1107 0.0008544448391450592
1186 0.0024151223737498713
1187 0.00035770704084433884
1196 0.0007682967913789674
1398 0.00040380304757415875
2014 0.0006877613496108782
2346 0.00044828766312813873
2636 0.0013335471060796527
4169 0.000424038368775366
4170 0.0005791825675166354
5022 0.005907579671420419
5023 0.000873114324417637
5024 0.000873114324417637
5025 0.001746228648835274
5026 0.000873114324417637