9 0.00006816650634734484
13 0.000006495774716904924
16 0.00007545831652538253
26 0.000370301985700925
30 0.00022182651134558653
33 0.00011331060825040136
34 0.0002171938262751
36 0.00016592772540399069
38 0.000008702469372146433
39 0.000004633778456304862
40 0.00002701877667009822
41 0.000018566402687180508
43 0.00003297230063404597
44 0.00013635553537529827
46 0.00027514619596033594
47 0.00027084767769878907
49 0.00008324134787818645
51 0.00004686777384075253
55 0.00019400951426952473
56 0.00006477729821638932
63 0.000007571063735414479
65 0.00001773141897136357
66 0.00009314029848720488
73 0.00019291377466338104
76 0.0002671685307183822
87 0.0011349376067267911
104 0.00016413845014333722
124 0.00009942778247685315
177 0.00030320240920542457
183 0.000416258063524805
185 0.0007969010545468823
226 0.0006147934070973456
261 0.000467744766116719
264 0.00021085919057695548
396 0.00038392708921293077
430 0.00022365154352182467
445 0.0004624723451260439
486 0.0017492123545524239
573 0.0008263760192784226
851 0.00008185705212231243
1014 0.0007881489921597373
1015 0.0005685167944117531
1036 0.0003732936031739842
1059 0.0013516618647131605
1206 0.0006534821266696528
1242 0.0007031836599018376
1252 0.0007881489921597373
1290 0.0006221866094455775
1395 0.0001739500102896398
1403 0.00034552605606704003
2085 0.0011016421697305678
4602 0.0006345864806991627
5027 0.000873114324417637
5028 0.000873114324417637
5029 0.003492457297670548
5030 0.000873114324417637
5031 0.000549621148441263
5032 0.0006758309323565803
5033 0.000873114324417637
5034 0.001746228648835274
5035 0.001746228648835274
5036 0.000873114324417637
5037 0.000873114324417637
5038 0.001746228648835274
5039 0.000873114324417637
5040 0.000873114324417637