9 0.0004089990380840691
13 0.000012991549433809848
16 0.00007545831652538253
33 0.00011331060825040136
36 0.00016592772540399069
38 0.000008702469372146433
39 0.000009267556912609724
40 0.00001801251778006548
41 0.000011139841612308305
42 0.000051443803059355216
43 0.00002472922547553448
44 0.00013635553537529827
45 0.00012982121229608657
46 0.0003210038952870586
47 0.00031598895731525394
48 0.00013154366307515625
49 0.000041620673939093223
51 0.00004686777384075253
55 0.00009700475713476236
63 0.0000094638296692681
65 0.00001773141897136357
67 0.00004203784642398019
73 0.0005787413239901431
81 0.0007296283674576283
89 0.00009505729945367397
100 0.00015297081732618925
114 0.00021141259586679695
124 0.00009942778247685315
185 0.0007969010545468823
236 0.0010243755036608584
246 0.0008129944027528225
264 0.00042171838115391097
368 0.00018686500362842702
396 0.00019196354460646538
484 0.00043049138832493966
573 0.0001652752038556845
652 0.0004737399020075509
717 0.000393582208037624
851 0.00008185705212231243
1325 0.0021864537583562026
2346 0.0013448629893844162
2378 0.0003003233420124021
4192 0.0005258216860189834
4257 0.0003887745697496512
4602 0.0006345864806991627
5041 0.0007881489921597373
5042 0.000873114324417637
5043 0.000873114324417637
5044 0.000873114324417637