9 0.00027266602538937937
13 0.00003247887358452463
16 0.00007545831652538253
20 0.0002464916487181342
33 0.00022662121650080273
36 0.00004148193135099767
38 0.000008702469372146433
39 0.000004633778456304862
40 0.00000900625889003274
41 0.000003713280537436101
42 0.000051443803059355216
43 0.00002472922547553448
44 0.00013635553537529827
46 0.0001834307973068906
47 0.00018056511846585937
51 0.00009373554768150506
55 0.00019400951426952473
56 0.00012955459643277864
63 0.0000037855318677072396
65 0.00001773141897136357
100 0.0004589124519785678
104 0.0006565538005733489
124 0.00009942778247685315
144 0.0016914237200166711
149 0.0003732936031739842
180 0.00005682431219851005
210 0.0012807095621879048
246 0.00040649720137641123
261 0.0002338723830583595
264 0.00021085919057695548
289 0.001484933609402786
310 0.00032453395541518913
573 0.000330550407711369
648 0.0009605321716409287
851 0.00008185705212231243
1172 0.0019550735193282335
1886 0.0009570950805910472
5052 0.003492457297670548