9 0.00017041626586836213
13 0.000025983098867619697
16 0.00007545831652538253
19 0.00013212323419503196
22 0.0001341735889149772
33 0.00011331060825040136
36 0.00004148193135099767
38 0.000008702469372146433
39 0.000013901335368914586
40 0.000012008345186710319
41 0.000011139841612308305
42 0.000051443803059355216
43 0.000020607687896278735
44 0.00013635553537529827
46 0.00045857699326722653
47 0.0004965540757811133
48 0.00013154366307515625
49 0.00008324134787818645
51 0.0001406033215222576
55 0.00009700475713476236
63 0.0000037855318677072396
65 0.00003546283794272714
66 0.00009314029848720488
67 0.00008407569284796038
69 0.00023724943034546792
72 0.0012349850746289296
73 0.0003858275493267621
87 0.0005674688033633956
89 0.00009505729945367397
104 0.00016413845014333722
114 0.00021141259586679695
177 0.0004548036138081369
185 0.0010625347393958431
196 0.0001675808341520189
259 0.00025891534254753946
277 0.00009965045113662244
289 0.0003712334023506965
368 0.00018686500362842702
401 0.000905503653441925
445 0.00023123617256302196
494 0.001171932511219166
496 0.0002464916487181342
497 0.00017684408550895013
550 0.00025332444879269114
573 0.0001652752038556845
613 0.0005194705449015992
753 0.0002783569986123394
851 0.00008185705212231243
1028 0.0003541015143419739
1029 0.00023724943034546792
1070 0.0003541015143419739
1172 0.0004887683798320584
1196 0.0003841483956894837
1285 0.0018166116543511955
1395 0.0005218500308689194
2378 0.0003003233420124021
2497 0.000424038368775366
4280 0.0004338499289216686
4506 0.0006037805934374678
5053 0.000873114324417637
5054 0.0007384474589275524