9 0.00023858277221570697
13 0.000012991549433809848
16 0.00015091663305076506
19 0.00013212323419503196
26 0.00012343399523364164
33 0.00011331060825040136
34 0.000043438765255019996
36 0.00008296386270199534
38 0.000008702469372146433
39 0.000027802670737829172
40 0.00000900625889003274
41 0.000011139841612308305
42 0.000051443803059355216
43 0.00002472922547553448
44 0.00013635553537529827
46 0.0003210038952870586
47 0.00036113023693171874
48 0.00013154366307515625
49 0.00012486202181727967
51 0.0001406033215222576
55 0.00009700475713476236
56 0.00006477729821638932
63 0.0000037855318677072396
65 0.00005319425691409072
67 0.00004203784642398019
71 0.00012561808978093188
73 0.00019291377466338104
81 0.00036481418372881415
87 0.0011349376067267911
89 0.00009505729945367397
104 0.00016413845014333722
114 0.00021141259586679695
124 0.00009942778247685315
144 0.0011839966040116698
151 0.0006719392066499634
177 0.00015160120460271228
185 0.0010625347393958431
197 0.0002904236905482616
255 0.00017273030805218352
259 0.00025891534254753946
277 0.00009965045113662244
310 0.00032453395541518913
368 0.00018686500362842702
377 0.0003188377153162591
401 0.000543302192065155
430 0.00022365154352182467
493 0.00023454039050719067
494 0.0009766104260159718
497 0.0007073763420358005
573 0.0001652752038556845
576 0.0006172337515594486
613 0.0007792058173523988
669 0.00012589385831905585
670 0.0003329428059983855
851 0.00008185705212231243
1026 0.0005411640668664958
1196 0.004225632352584321
1214 0.000424038368775366
1285 0.00036332233087023905
1390 0.0005587052342654505
1395 0.0001739500102896398
2497 0.000424038368775366
2932 0.001117410468530901
4280 0.0004338499289216686
4473 0.0006758309323565803
4506 0.0006037805934374678