9 0.00013633301269468968
13 0.000006495774716904924
16 0.00007545831652538253
19 0.00013212323419503196
21 0.0004291600720032795
22 0.0001341735889149772
29 0.00026649997158873667
30 0.0013309590680735193
33 0.00011331060825040136
34 0.000043438765255019996
38 0.000008702469372146433
39 0.000013901335368914586
40 0.000012008345186710319
41 0.000011139841612308305
42 0.00010288760611871043
43 0.000016486150317022987
44 0.00013635553537529827
45 0.00012982121229608657
46 0.0003210038952870586
47 0.00040627151654818366
48 0.00013154366307515625
49 0.00008324134787818645
51 0.00009373554768150506
55 0.00009700475713476236
63 0.0000037855318677072396
65 0.00001773141897136357
67 0.00004203784642398019
72 0.0007057057569308169
73 0.0003858275493267621
85 0.00024357296170002702
87 0.0001891562677877985
104 0.00016413845014333722
124 0.00009942778247685315
135 0.0008941598834407718
136 0.0005851111081648902
144 0.0006765694880066684
177 0.0004548036138081369
180 0.0001136486243970201
247 0.0005211214476182807
264 0.00021085919057695548
310 0.00016226697770759457
401 0.00036220146137676994
551 0.0002832412727662006
573 0.000330550407711369
590 0.0003672140565768559
648 0.0012807095621879048
750 0.0003344468624572988
851 0.00008185705212231243
898 0.0003014743275909555
1050 0.0004603543550640608
1395 0.0003479000205792796
1785 0.00030499358548289365
3502 0.00036332233087023905
4204 0.00045619873460859607
4585 0.0022153423767826575
5055 0.000873114324417637