0 0.00019243773886705868
1 0.0001309668193588762
2 0.00017273030805218352
4 0.00035233775638020634
5 0.0002365665368606119
6 0.0002400196965770493
7 0.000233207996263883
8 0.00028224872431895635
9 0.00023858277221570697
13 0.00003247887358452463
20 0.0002464916487181342
21 0.0001430533573344265
26 0.00012343399523364164
28 0.00025332444879269114
30 0.0019964386021102793
34 0.00013031629576506
38 0.000011603292496195242
39 0.000013901335368914586
40 0.000012008345186710319
41 0.000014853122149744404
42 0.00010288760611871043
43 0.000016486150317022987
44 0.00013635553537529827
45 0.00025964242459217314
46 0.00022928849663361327
47 0.00031598895731525394
48 0.00013154366307515625
49 0.000041620673939093223
51 0.00004686777384075253
52 0.00014497369525357328
55 0.00009700475713476236
56 0.00006477729821638932
57 0.0001250684069607151
58 0.0005491700750215032
59 0.000602379158534602
61 0.00017642643923270423
63 0.0000037855318677072396
64 0.00018731984297588175
65 0.00003546283794272714
66 0.0003725611939488195
67 0.00004203784642398019
85 0.0007307188851000811
91 0.0005188152611795682
105 0.0003314569809760339
110 0.000505900267840781
118 0.0012105448925920858
124 0.00009942778247685315
130 0.00027274170858643915
144 0.0003382847440033342
157 0.000618218327643938
171 0.0001368611790876869
237 0.0007117820430063682
245 0.000181970089392662
253 0.0002472323099654942
278 0.0018876044317017236
307 0.00022550415909059743
360 0.00019339166635443979
399 0.0011877353727907164
402 0.000999839230418156
411 0.000669120526062763
491 0.001244373218891155
492 0.001898452419627319
505 0.0030237264299248358
506 0.0005983661268631681
507 0.00027274170858643915
508 0.0008047533925478269
510 0.0005685167944117531
512 0.0006350250466893421
520 0.0012951687013699627
613 0.0002597352724507996
682 0.0003753890228061612
772 0.0002597352724507996
993 0.00043049138832493966
1029 0.00023724943034546792
1057 0.0008676998578433372
1186 0.0006037805934374678
1187 0.00035770704084433884
1188 0.0005587052342654505
1189 0.003492457297670548
1190 0.00611180027092346
1191 0.0006758309323565803
1192 0.000873114324417637
1193 0.001746228648835274
1194 0.0006534821266696528
1195 0.0007384474589275524
1196 0.0019207419784474185
1197 0.000873114324417637
1198 0.0008890314040531017
1199 0.0006758309323565803
1200 0.0007384474589275524
1201 0.001746228648835274
1202 0.000873114324417637
1203 0.0007881489921597373
1204 0.000873114324417637