2 0.00034546061610436703
9 0.00010224975952101728
13 0.000012991549433809848
16 0.00030183326610153013
17 0.0007547783034162214
18 0.0009489977213818717
19 0.0002642464683900639
23 0.00045603737918465233
30 0.00022182651134558653
33 0.00022662121650080273
34 0.000043438765255019996
38 0.000017404938744292866
39 0.00002316889228152431
40 0.000006004172593355159
41 0.000007426561074872202
42 0.000051443803059355216
43 0.00001236461273776724
45 0.00012982121229608657
46 0.00013757309798016797
49 0.000041620673939093223
51 0.00009373554768150506
52 0.0004349210857607199
56 0.00012955459643277864
63 0.00001135659560312172
65 0.00003546283794272714
67 0.00021018923211990097
71 0.0005024723591237275
74 0.00030499358548289365
88 0.00024872719512041187
130 0.00027274170858643915
150 0.0014248450459608362
154 0.0003314569809760339
160 0.00018023749427928805
179 0.000925850627339173
180 0.00005682431219851005
261 0.0002338723830583595
263 0.0002338723830583595
279 0.00022929556638299245
307 0.00022550415909059743
310 0.00032453395541518913
396 0.0005758906338193962
411 0.00044608035070850863
430 0.00022365154352182467
520 0.0003237921753424907
648 0.0025614191243758097
750 0.0006688937249145976
851 0.0004092852606115622
868 0.0002709256892452844
1029 0.00023724943034546792
1062 0.001548605164342357
1162 0.00030263622314802144
1196 0.0003841483956894837
1246 0.000618218327643938
1325 0.002498804295264231
1788 0.0008241398732300858
1953 0.0005411640668664958
2007 0.0004408563537610837
2640 0.0008746061772762119
2770 0.0005188152611795682
2989 0.002472873310575752
3601 0.0007344281131537118
4482 0.0014063673198036752
4533 0.0006037805934374678
5056 0.000873114324417637
5057 0.001746228648835274
5058 0.001746228648835274
5059 0.001746228648835274
5060 0.001746228648835274
5061 0.000873114324417637