9 0.00020449951904203455
16 0.00007545831652538253
17 0.002075640334394609
18 0.0016607460124182759
19 0.00013212323419503196
23 0.00045603737918465233
33 0.00022662121650080273
36 0.00004148193135099767
38 0.000017404938744292866
39 0.000013901335368914586
40 0.00000900625889003274
41 0.000011139841612308305
42 0.00010288760611871043
43 0.00001236461273776724
44 0.00013635553537529827
45 0.00025964242459217314
46 0.00022928849663361327
49 0.000041620673939093223
51 0.00004686777384075253
63 0.00001135659560312172
65 0.00001773141897136357
67 0.00008407569284796038
69 0.00023724943034546792
70 0.00035233775638020634
71 0.00012561808978093188
76 0.0005343370614367644
100 0.00015297081732618925
104 0.00016413845014333722
135 0.002086373061361801
180 0.00005682431219851005
183 0.00083251612704961
259 0.0010356613701901578
264 0.00021085919057695548
279 0.00022929556638299245
292 0.0020403949143970126
449 0.0008609827766498793
494 0.00019532208520319432
497 0.0007073763420358005
741 0.0007046755127604127
750 0.0003344468624572988
772 0.0012986763622539982
873 0.0007593809678509275
1063 0.0020752610447182726
1321 0.0003271046043571432
1388 0.0003753890228061612
1548 0.0003985861298959538
1596 0.0004603543550640608
1603 0.001203500511236464
1621 0.0004338499289216686
1690 0.0005188152611795682
2128 0.0021865154431905303
2378 0.0003003233420124021
3315 0.00045217938883475555
4824 0.000618218327643938
5072 0.0006758309323565803
5073 0.0007881489921597373
5074 0.01222360054184692
5075 0.000873114324417637
5076 0.000873114324417637
5077 0.000873114324417637
5078 0.000873114324417637
5079 0.000873114324417637
5080 0.000873114324417637
5081 0.000873114324417637
5082 0.000873114324417637
5083 0.000873114324417637
5084 0.000873114324417637
5085 0.001746228648835274
5086 0.000873114324417637
5087 0.001746228648835274
5088 0.003492457297670548