9 0.00010224975952101728
13 0.000019487324150714776
16 0.00007545831652538253
21 0.0001430533573344265
38 0.000014504115620244055
39 0.000009267556912609724
40 0.000006004172593355159
41 0.000007426561074872202
42 0.00010288760611871043
43 0.000020607687896278735
46 0.00013757309798016797
49 0.000041620673939093223
51 0.00004686777384075253
63 0.0000094638296692681
65 0.00001773141897136357
66 0.00009314029848720488
67 0.00008407569284796038
71 0.00012561808978093188
72 0.0019406908315597465
73 0.0003858275493267621
76 0.0018701797150286756
81 0.00018240709186440708
103 0.00045217938883475555
104 0.00016413845014333722
113 0.00011133348371866765
122 0.00036834169965234924
150 0.00035621126149020904
176 0.00033751149866781817
180 0.00005682431219851005
196 0.0001675808341520189
243 0.001588640864186694
267 0.0002783569986123394
445 0.001618653207941154
493 0.000703621171521572
494 0.0013672545964223603
496 0.0002464916487181342
497 0.00017684408550895013
851 0.00032742820848924973
875 0.0003841483956894837
1032 0.0005332529953860384
1156 0.002594076305897841
1157 0.0029543280004934035
1283 0.0006781460730349327
1395 0.0003479000205792796
2378 0.0006006466840248042
5089 0.001746228648835274