9 0.00023858277221570697
10 0.0009382274558947666
13 0.000006495774716904924
20 0.0004929832974362684
21 0.000572213429337706
26 0.00012343399523364164
29 0.00026649997158873667
38 0.000005801646248097621
39 0.000013901335368914586
40 0.00000900625889003274
41 0.000014853122149744404
42 0.00010288760611871043
43 0.000020607687896278735
44 0.00013635553537529827
46 0.00027514619596033594
47 0.00027084767769878907
49 0.000041620673939093223
51 0.00009373554768150506
55 0.00009700475713476236
56 0.00006477729821638932
57 0.0001250684069607151
60 0.0005145835101134606
63 0.0000037855318677072396
65 0.00001773141897136357
67 0.00004203784642398019
84 0.0008523518488894304
88 0.00024872719512041187
89 0.00009505729945367397
102 0.00025332444879269114
104 0.00032827690028667443
114 0.00021141259586679695
122 0.00036834169965234924
124 0.00009942778247685315
130 0.00027274170858643915
135 0.0008941598834407718
136 0.0002925555540824451
139 0.00028224872431895635
150 0.0005343168922353136
159 0.0001776836714179443
180 0.00005682431219851005
197 0.0002904236905482616
277 0.00009965045113662244
292 0.0002914849877710017
304 0.00026056072380914035
310 0.00032453395541518913
393 0.002712584292139731
401 0.000543302192065155
411 0.00044608035070850863
430 0.00044730308704364933
445 0.0006937085176890659
537 0.0003960586369806884
550 0.0005066488975853823
558 0.001132562659021034
604 0.009802231900044792
669 0.0003776815749571676
682 0.0003753890228061612
750 0.0003344468624572988
826 0.0008544448391450592
851 0.00008185705212231243
875 0.0003841483956894837
898 0.0003014743275909555
1001 0.00030739717354226806
1029 0.00023724943034546792
1032 0.0021330119815441534
1062 0.00025810086072372616
1300 0.000505900267840781
1312 0.000618218327643938
1395 0.0001739500102896398
1542 0.0006345864806991627
1644 0.0006345864806991627
1653 0.00042093493558288133
1781 0.000846746172956869
1843 0.000787164416075248
1893 0.0018546549829318141
2009 0.0012075611868749357
4079 0.0007881489921597373
4175 0.000618218327643938
4203 0.000505900267840781
4204 0.00045619873460859607
4223 0.0013335471060796527
4702 0.003515918299509189
5090 0.007735020258920215
5091 0.0007881489921597373
5092 0.0007881489921597373
5093 0.0007384474589275524
5094 0.0007881489921597373
5095 0.000873114324417637
5096 0.000873114324417637