9 0.00023858277221570697
13 0.000006495774716904924
16 0.00007545831652538253
22 0.0001341735889149772
34 0.00008687753051003999
36 0.00008296386270199534
38 0.000005801646248097621
39 0.000013901335368914586
40 0.00001801251778006548
41 0.000011139841612308305
42 0.00015433140917806565
43 0.00001236461273776724
44 0.00013635553537529827
45 0.00012982121229608657
46 0.0004127192939405039
47 0.00045141279616464847
49 0.000041620673939093223
51 0.0001874710953630101
55 0.00009700475713476236
56 0.00012955459643277864
57 0.0001250684069607151
63 0.0000037855318677072396
65 0.00003546283794272714
66 0.0003725611939488195
67 0.00008407569284796038
69 0.00023724943034546792
71 0.00012561808978093188
72 0.0010585586353962255
73 0.00019291377466338104
76 0.0009350898575143378
81 0.00018240709186440708
89 0.00009505729945367397
104 0.00016413845014333722
107 0.0002049311356991152
114 0.00021141259586679695
129 0.00045619873460859607
180 0.00005682431219851005
185 0.0010625347393958431
196 0.0001675808341520189
245 0.000181970089392662
259 0.00025891534254753946
264 0.00021085919057695548
277 0.00029895135340986733
286 0.0003975504898392634
287 0.00025810086072372616
363 0.00036332233087023905
368 0.00018686500362842702
401 0.00036220146137676994
430 0.00022365154352182467
484 0.00043049138832493966
493 0.0009381615620287627
494 0.001171932511219166
497 0.00017684408550895013
520 0.00016189608767124534
538 0.0002852508106156339
550 0.00025332444879269114
586 0.0006037805934374678
669 0.00012589385831905585
670 0.0003329428059983855
851 0.00008185705212231243
873 0.00037969048392546374
927 0.001099242296882526
1029 0.00047449886069093585
1120 0.0008841754550026923
1271 0.0003652527497189936
1278 0.0005587052342654505
1395 0.0003479000205792796
1424 0.0031128915670774093
1425 0.003283796095631684
1653 0.0008418698711657627
2497 0.000424038368775366
2631 0.004944839239380515
2636 0.0013335471060796527
2770 0.0005188152611795682
4280 0.0004338499289216686
4506 0.0006037805934374678
5097 0.004922285619312864
5098 0.0007384474589275524
5099 0.000873114324417637