2 0.00017273030805218352
13 0.000006495774716904924
16 0.00022637494957614764
17 0.0018869457585405536
18 0.004744988606909359
19 0.00039636970258509594
20 0.0002464916487181342
23 0.00022801868959232616
33 0.00033993182475120415
36 0.00004148193135099767
38 0.000005801646248097621
39 0.000018535113825219447
40 0.000012008345186710319
41 0.000014853122149744404
42 0.00010288760611871043
43 0.000004121537579255747
44 0.00020453330306294742
46 0.0003668615946137812
47 0.00036113023693171874
48 0.00013154366307515625
49 0.00008324134787818645
51 0.00004686777384075253
55 0.00009700475713476236
56 0.00006477729821638932
57 0.0001250684069607151
63 0.0000037855318677072396
65 0.00003546283794272714
67 0.00004203784642398019
69 0.00023724943034546792
71 0.00012561808978093188
106 0.0015177008035223431
113 0.0002226669674373353
114 0.00021141259586679695
124 0.00009942778247685315
180 0.00005682431219851005
186 0.00025254616640991854
197 0.0002904236905482616
245 0.000181970089392662
249 0.0015457586393954207
259 0.0007767460276426184
268 0.0009671029243077069
283 0.00041790813825628515
286 0.0005963257347588951
368 0.00018686500362842702
401 0.0007244029227535399
439 0.0003314569809760339
449 0.0008609827766498793
452 0.0005529130198929884
480 0.0003672140565768559
493 0.0009381615620287627
494 0.001171932511219166
634 0.0005188152611795682
669 0.00012589385831905585
716 0.0003136207976380542
741 0.0007046755127604127
803 0.0002597352724507996
815 0.0004737399020075509
905 0.0019768689410349432
1030 0.0004338499289216686
1036 0.0007465872063479684
1058 0.00044828766312813873
1081 0.000549621148441263
1082 0.00043730308863810597
1260 0.001236436655287876
1321 0.0009813138130714298
1322 0.0004737399020075509
1545 0.002368699510037755
1603 0.0008023336741576425
1605 0.0005587052342654505
1620 0.0005685167944117531
1769 0.000499919615209078
1785 0.00030499358548289365
2770 0.0005188152611795682
3315 0.004069614499512801
4415 0.0005908656000986806
4592 0.002613928506678611
5100 0.000873114324417637
5101 0.000873114324417637
5102 0.001746228648835274
5103 0.000873114324417637
5104 0.000873114324417637
5105 0.000873114324417637
5106 0.000873114324417637
5107 0.000873114324417637