9 0.00013633301269468968
13 0.000012991549433809848
22 0.0002683471778299544
34 0.000043438765255019996
36 0.00008296386270199534
37 0.0008390392776386578
38 0.000005801646248097621
39 0.000013901335368914586
40 0.000012008345186710319
41 0.000011139841612308305
42 0.00015433140917806565
43 0.000016486150317022987
44 0.00013635553537529827
46 0.0003210038952870586
47 0.00031598895731525394
49 0.000041620673939093223
51 0.00004686777384075253
56 0.00006477729821638932
63 0.0000037855318677072396
65 0.00003546283794272714
66 0.00009314029848720488
67 0.00008407569284796038
71 0.00012561808978093188
72 0.00035285287846540845
73 0.00019291377466338104
76 0.0005343370614367644
81 0.00018240709186440708
84 0.0002130879622223576
99 0.0003271046043571432
102 0.00025332444879269114
113 0.00011133348371866765
124 0.00009942778247685315
125 0.0002682511308492756
171 0.0001368611790876869
180 0.00005682431219851005
243 0.000264773477364449
277 0.00009965045113662244
286 0.0001987752449196317
441 0.0003438806748054391
493 0.00046908078101438134
494 0.0015625766816255546
497 0.00017684408550895013
555 0.0009830217436539973
613 0.0002597352724507996
670 0.0003329428059983855
725 0.007188303393366181
846 0.0007031836599018376
851 0.00008185705212231243
898 0.0003014743275909555
1058 0.00044828766312813873
1112 0.0003672140565768559
1395 0.0005218500308689194
1425 0.0028146823676843
2129 0.002594076305897841
2378 0.0003003233420124021
2631 0.0024724196196902574
3092 0.0004338499289216686
4201 0.002345568639736917
4609 0.0005332529953860384
5097 0.01265730587823308
5108 0.000873114324417637
5109 0.0015762979843194746
5110 0.000873114324417637
5111 0.0014063673198036752