9 0.00017041626586836213
13 0.000012991549433809848
22 0.0005366943556599089
26 0.0004937359809345666
34 0.00008687753051003999
38 0.000008702469372146433
39 0.000004633778456304862
40 0.000012008345186710319
41 0.000018566402687180508
42 0.00015433140917806565
43 0.000020607687896278735
51 0.00004686777384075253
59 0.0008031722113794693
63 0.00000567829780156086
65 0.00001773141897136357
67 0.00021018923211990097
84 0.0004261759244447152
108 0.000549621148441263
115 0.0002059878583080766
165 0.00022550415909059743
171 0.0001368611790876869
193 0.0005872711056353866
196 0.0003351616683040378
206 0.00044451570202655086
214 0.000273659908111955
224 0.008884210729788278
237 0.0003558910215031841
243 0.000264773477364449
251 0.00022002825322499402
277 0.00009965045113662244
288 0.00022801868959232616
320 0.0005894503033351281
347 0.0002479774737404859
352 0.0005916490456697102
391 0.0011096122844998333
393 0.0006781460730349327
396 0.00019196354460646538
401 0.00018110073068838497
482 0.0006037805934374678
520 0.00016189608767124534
524 0.0012691729613983254
558 0.0015100835453613788
569 0.00042093493558288133
576 0.0003086168757797243
684 0.0010516433720379667
693 0.0009043587776695111
851 0.00016371410424462487
908 0.0003652527497189936
1026 0.0005411640668664958
1110 0.0005332529953860384
1112 0.0003672140565768559
1154 0.0003960586369806884
1162 0.0006052724462960429
1196 0.0003841483956894837
1280 0.000977062468721929
1725 0.0008817127075221674
1773 0.000499919615209078
1880 0.0005587052342654505
2179 0.0006534821266696528
2502 0.0007881489921597373
2608 0.007615037768389952
2799 0.0005908656000986806
3113 0.0006037805934374678
4223 0.0008890314040531017
4337 0.001117410468530901
5011 0.0036226835606248072
5112 0.0007384474589275524
5113 0.0007881489921597373
5114 0.007093340929437637
5115 0.0015762979843194746
5116 0.000873114324417637
5117 0.0031525959686389492
5118 0.0007881489921597373
5119 0.002619342973252911
5120 0.000873114324417637
5121 0.000873114324417637
5122 0.0007881489921597373
5123 0.0014063673198036752
5124 0.000873114324417637
5125 0.000873114324417637