9 0.00020449951904203455
13 0.000019487324150714776
16 0.00030183326610153013
21 0.0001430533573344265
22 0.0002683471778299544
33 0.00011331060825040136
34 0.00008687753051003999
35 0.0011663237092489538
36 0.00012444579405299303
37 0.00020975981940966445
38 0.000005801646248097621
39 0.000009267556912609724
40 0.00000900625889003274
41 0.000007426561074872202
43 0.00002472922547553448
45 0.00025964242459217314
49 0.000041620673939093223
51 0.00004686777384075253
55 0.00019400951426952473
60 0.0002572917550567303
63 0.0000037855318677072396
65 0.00001773141897136357
67 0.00004203784642398019
113 0.00011133348371866765
146 0.000264773477364449
198 0.0004691137279473833
245 0.000363940178785324
255 0.00017273030805218352
260 0.0007637983509111575
367 0.0002673724241223067
439 0.0003314569809760339
459 0.00048355146215385347
495 0.0003753890228061612
508 0.0016095067850956538
512 0.0025401001867573682
573 0.0001652752038556845
613 0.0002597352724507996
709 0.0016364502515186351
851 0.00008185705212231243
902 0.0003753890228061612
1001 0.00030739717354226806
1037 0.0002709256892452844
1186 0.0006037805934374678
1208 0.0003541015143419739
1586 0.001132562659021034
1788 0.002060349683075215
1925 0.007434140255922384
2014 0.0006877613496108782
2992 0.0009671029243077069
3092 0.0013015497867650057
3350 0.002027492797069741
3719 0.0004272224195725296
4147 0.0005685167944117531
4208 0.0015762979843194746
5007 0.0012691729613983254
5126 0.000873114324417637
5127 0.0007031836599018376
5128 0.002619342973252911
5129 0.002619342973252911
5130 0.001746228648835274
5131 0.0007881489921597373
5132 0.000873114324417637
5133 0.001746228648835274
5134 0.001746228648835274
5135 0.000873114324417637