0 0.00019243773886705868
1 0.0001309668193588762
2 0.00017273030805218352
5 0.0002365665368606119
6 0.0002400196965770493
7 0.000233207996263883
9 0.00010224975952101728
13 0.000006495774716904924
26 0.00012343399523364164
30 0.001109132556727933
34 0.000043438765255019996
36 0.00008296386270199534
38 0.000008702469372146433
39 0.000004633778456304862
40 0.00000900625889003274
41 0.000011139841612308305
43 0.00001236461273776724
45 0.00025964242459217314
51 0.00004686777384075253
52 0.00028994739050714656
56 0.00006477729821638932
59 0.00020079305284486732
61 0.00017642643923270423
63 0.0000037855318677072396
64 0.00018731984297588175
67 0.00004203784642398019
76 0.0004007527960775733
85 0.00024357296170002702
86 0.0004408563537610837
113 0.0002226669674373353
118 0.00030263622314802144
123 0.000188234616351904
144 0.0003382847440033342
146 0.000264773477364449
160 0.00018023749427928805
164 0.0006345864806991627
165 0.00045100831818119485
166 0.010547754898527566
167 0.00045217938883475555
168 0.0007384474589275524
169 0.0006758309323565803
170 0.001746228648835274
171 0.0002737223581753738
172 0.0019604463800089586
173 0.0032469844011989747
174 0.0023634624003947224
175 0.0007507780456123224
176 0.00033751149866781817
177 0.00015160120460271228
178 0.000873114324417637
179 0.0006172337515594486
180 0.00005682431219851005
181 0.000873114324417637
182 0.000873114324417637
183 0.0002081290317624025
184 0.00040649720137641123
185 0.0007969010545468823
186 0.00025254616640991854
187 0.0005332529953860384
188 0.000873114324417637
189 0.000873114324417637
190 0.000873114324417637
191 0.0005188152611795682
192 0.0003242865707429365
193 0.0002936355528176933