0 0.00019243773886705868
1 0.0001309668193588762
2 0.00017273030805218352
4 0.00035233775638020634
5 0.0002365665368606119
6 0.0002400196965770493
7 0.000233207996263883
8 0.00028224872431895635
9 0.00023858277221570697
13 0.000012991549433809848
20 0.0019719331897450738
21 0.0007152667866721326
22 0.0005366943556599089
38 0.000008702469372146433
39 0.000013901335368914586
40 0.00001801251778006548
41 0.000018566402687180508
42 0.00010288760611871043
43 0.000020607687896278735
44 0.00013635553537529827
45 0.00012982121229608657
46 0.00027514619596033594
47 0.00031598895731525394
48 0.00013154366307515625
49 0.00008324134787818645
51 0.00004686777384075253
52 0.00028994739050714656
55 0.00019400951426952473
56 0.00012955459643277864
57 0.0002501368139214302
58 0.0008237551125322549
59 0.000602379158534602
60 0.0002572917550567303
61 0.00035285287846540845
63 0.0000037855318677072396
64 0.00018731984297588175
65 0.00001773141897136357
66 0.00009314029848720488
67 0.00008407569284796038
71 0.00012561808978093188
85 0.0009742918468001081
103 0.0009043587776695111
105 0.0003314569809760339
124 0.0001988555649537063
135 0.00029805329448025724
136 0.0002925555540824451
144 0.0006765694880066684
152 0.0005587052342654505
157 0.000618218327643938
160 0.0003604749885585761
180 0.00005682431219851005
210 0.0003201773905469762
278 0.0003775208863403447
282 0.003818991754555788
310 0.00048680093312278375
360 0.00019339166635443979
376 0.00034065472379816113
396 0.0005758906338193962
401 0.00018110073068838497
445 0.0004624723451260439
520 0.0003237921753424907
596 0.0008609827766498793
666 0.00032568748957397626
682 0.002627723159643129
717 0.000393582208037624
729 0.0009382274558947666
788 0.0004149542829511784
1007 0.001180746624112872
1044 0.0007384474589275524
1060 0.0005705016212312678
1162 0.00030263622314802144
1205 0.004442105364894139
1206 0.0006534821266696528
1207 0.0007881489921597373
1208 0.0010623045430259218
1209 0.0015762979843194746
1210 0.001117410468530901
1211 0.0005587052342654505
1212 0.000873114324417637
1213 0.0017055503832352594
1214 0.000848076737550732
1215 0.0007881489921597373
1216 0.001746228648835274
1217 0.000873114324417637
1218 0.000873114324417637
1219 0.0006758309323565803
1220 0.000873114324417637
1221 0.000873114324417637
1222 0.0007881489921597373
1223 0.0004887683798320584
1224 0.00044828766312813873
1225 0.000873114324417637
1226 0.0007881489921597373
1227 0.000873114324417637
1228 0.000873114324417637
1229 0.000873114324417637
1230 0.0007384474589275524
1231 0.000873114324417637
1232 0.000873114324417637
1233 0.000873114324417637