9 0.00023858277221570697
13 0.000006495774716904924
16 0.00022637494957614764
21 0.0001430533573344265
22 0.0006708679445748862
26 0.00012343399523364164
34 0.00008687753051003999
36 0.00004148193135099767
38 0.000017404938744292866
39 0.000004633778456304862
40 0.000012008345186710319
41 0.000007426561074872202
43 0.000016486150317022987
51 0.0001406033215222576
52 0.00014497369525357328
56 0.00012955459643277864
59 0.002811102739828143
63 0.000007571063735414479
65 0.00001773141897136357
89 0.00019011459890734794
124 0.00009942778247685315
125 0.0002682511308492756
175 0.0011261670684184837
261 0.000467744766116719
307 0.00022550415909059743
445 0.00023123617256302196
497 0.00017684408550895013
573 0.0001652752038556845
609 0.00043730308863810597
666 0.0006513749791479525
669 0.00012589385831905585
803 0.0002597352724507996
851 0.00016371410424462487
894 0.0005121877518304292
908 0.0018262637485949682
1208 0.0003541015143419739
1240 0.0011817312001973612
1468 0.0004120699366150429
1785 0.00030499358548289365
3208 0.0006813094475963223
3717 0.0009671029243077069
3719 0.0004272224195725296
3933 0.0018113417803124036
5021 0.0006758309323565803
5064 0.0012691729613983254