9 0.00020449951904203455
12 0.006155710920931544
13 0.000012991549433809848
22 0.0001341735889149772
26 0.00012343399523364164
29 0.00026649997158873667
30 0.0008873060453823461
34 0.00017375506102007999
35 0.0003887745697496512
36 0.00024889158810598606
38 0.000005801646248097621
39 0.000055605341475658344
40 0.000012008345186710319
41 0.000014853122149744404
42 0.00015433140917806565
43 0.000020607687896278735
44 0.00020453330306294742
46 0.00022928849663361327
47 0.00027084767769878907
49 0.000041620673939093223
51 0.00004686777384075253
55 0.00009700475713476236
57 0.0001250684069607151
63 0.0000037855318677072396
65 0.00001773141897136357
67 0.00046241631066378213
71 0.00012561808978093188
73 0.0003858275493267621
84 0.0008523518488894304
100 0.00015297081732618925
105 0.008617881505376882
113 0.00011133348371866765
122 0.00036834169965234924
125 0.0005365022616985512
143 0.0023099226548529525
150 0.00035621126149020904
180 0.00005682431219851005
226 0.0002049311356991152
253 0.0002472323099654942
263 0.0002338723830583595
286 0.0001987752449196317
315 0.0004785475402955236
367 0.0002673724241223067
464 0.000393582208037624
507 0.0021819336686915132
639 0.0005587052342654505
669 0.00012589385831905585
803 0.0002597352724507996
851 0.00008185705212231243
1001 0.00030739717354226806
1031 0.00042093493558288133
1078 0.0004408563537610837
1093 0.00036920725599727517
1107 0.0004272224195725296
1280 0.00032568748957397626
1395 0.0001739500102896398
1403 0.00034552605606704003
1442 0.0004338499289216686
1489 0.0006534821266696528
1514 0.0036226835606248072
1543 0.0029537898357102094
1618 0.0008076060951483175
1701 0.000505900267840781
2085 0.0003672140565768559
2262 0.0006037805934374678
2378 0.0003003233420124021
2733 0.0006758309323565803
2860 0.0007384474589275524
4084 0.0006758309323565803
4256 0.0007384474589275524
5136 0.0007881489921597373
5137 0.000873114324417637
5138 0.000873114324417637
5139 0.001746228648835274