9 0.00017041626586836213
13 0.0000779492966028591
16 0.00007545831652538253
18 0.0014234965820728077
19 0.001189109107755288
22 0.0002683471778299544
30 0.00022182651134558653
33 0.00011331060825040136
34 0.00013031629576506
36 0.00004148193135099767
38 0.000011603292496195242
39 0.000009267556912609724
40 0.00001801251778006548
41 0.000025992963762052712
42 0.000051443803059355216
43 0.000004121537579255747
44 0.000477244373813544
46 0.0003668615946137812
47 0.00027084767769878907
48 0.00013154366307515625
49 0.000041620673939093223
55 0.00019400951426952473
56 0.0002591091928655573
57 0.0002501368139214302
63 0.000007571063735414479
65 0.00003546283794272714
67 0.00004203784642398019
84 0.0002130879622223576
100 0.0003059416346523785
102 0.0005066488975853823
107 0.0002049311356991152
113 0.0004453339348746706
114 0.00021141259586679695
124 0.00009942778247685315
130 0.00027274170858643915
198 0.0004691137279473833
245 0.000363940178785324
251 0.00022002825322499402
299 0.0004737399020075509
310 0.00032453395541518913
360 0.00038678333270887957
396 0.0007678541784258615
411 0.00022304017535425432
470 0.0007593809678509275
507 0.0008182251257593176
508 0.0026825113084927564
512 0.002222587663412698
555 0.0002457554359134993
558 0.0003775208863403447
573 0.000330550407711369
594 0.0003438806748054391
638 0.00040116683707882124
669 0.0003776815749571676
709 0.0019091919601050744
779 0.00030263622314802144
851 0.00008185705212231243
852 0.0003887745697496512
1187 0.00035770704084433884
1223 0.0004887683798320584
1224 0.00044828766312813873
1290 0.00031109330472278875
1397 0.0036437364269942215
1596 0.0009207087101281216
1803 0.0004942172352587358
2014 0.0010316420244163174
2059 0.0005908656000986806
2218 0.0013685962038257882
2485 0.0005332529953860384
4170 0.0011583651350332708
4299 0.0005685167944117531
4601 0.000549621148441263
5146 0.000873114324417637
5147 0.000873114324417637
5148 0.000873114324417637