9 0.00010224975952101728
13 0.00005846197245214433
14 0.0007576384992297557
21 0.000286106714668853
22 0.00040252076674493167
26 0.0002468679904672833
29 0.00026649997158873667
33 0.00011331060825040136
34 0.000043438765255019996
36 0.00004148193135099767
38 0.00002030576186834168
39 0.000013901335368914586
40 0.00001801251778006548
41 0.000014853122149744404
43 0.000016486150317022987
44 0.00006817776768764914
46 0.00027514619596033594
47 0.00022570639808232424
48 0.0002630873261503125
49 0.00012486202181727967
51 0.00023433886920376268
55 0.00009700475713476236
56 0.0002591091928655573
57 0.0001250684069607151
63 0.000007571063735414479
65 0.00003546283794272714
66 0.00009314029848720488
72 0.0005292793176981127
73 0.0003858275493267621
76 0.0004007527960775733
77 0.00046465581618336337
89 0.00028517189836102194
100 0.00015297081732618925
123 0.000188234616351904
144 0.0005074271160050014
159 0.0007107346856717773
160 0.00018023749427928805
171 0.0002737223581753738
180 0.00005682431219851005
193 0.0002936355528176933
196 0.0010054850049121137
225 0.0016837397423315253
245 0.000363940178785324
253 0.004944646199309884
277 0.0009965045113662244
278 0.0003775208863403447
286 0.0001987752449196317
310 0.00016226697770759457
356 0.006097458020646169
366 0.0006845141746292599
367 0.0002673724241223067
377 0.0003188377153162591
379 0.0003438806748054391
396 0.000959817723032327
430 0.00022365154352182467
442 0.0003242865707429365
469 0.009598553916948692
470 0.0007593809678509275
497 0.0008842204275447508
520 0.0008094804383562269
555 0.0004915108718269986
595 0.00044451570202655086
669 0.00012589385831905585
671 0.0005194705449015992
682 0.0003753890228061612
684 0.0005258216860189834
746 0.0003672140565768559
772 0.0002597352724507996
803 0.0002597352724507996
815 0.0004737399020075509
851 0.00016371410424462487
898 0.000602948655181911
993 0.00043049138832493966
1037 0.0002709256892452844
1129 0.005169132212492868
1153 0.0016482797464601716
1154 0.0007921172739613768
1157 0.0011817312001973612
1162 0.0006052724462960429
1247 0.00046465581618336337
1283 0.00033907303651746636
1290 0.00031109330472278875
1291 0.0007384474589275524
1310 0.00036332233087023905
1346 0.0005791825675166354
1395 0.0005218500308689194
1545 0.0004737399020075509
1647 0.0012075611868749357
1892 0.0005258216860189834
1937 0.0005791825675166354
2063 0.002407001022472928
2194 0.001117410468530901
2317 0.0015762979843194746
2398 0.001793150652512555
2447 0.0003985861298959538
2535 0.0015997589861581152
2537 0.0072453671212496145
2603 0.000618218327643938
3082 0.0047288939529584245
4194 0.0005908656000986806
4216 0.0014997588456272344
4299 0.0005685167944117531
5149 0.014030501719623497
5150 0.0014768949178551047
5151 0.000873114324417637
5152 0.000873114324417637
5153 0.0005685167944117531
5154 0.000873114324417637
5155 0.0014768949178551047
5156 0.004365571622088185
5157 0.000873114324417637
5158 0.000873114324417637