2 0.00017273030805218352
9 0.00034083253173672426
13 0.00006495774716904926
15 0.000769463865116443
16 0.00015091663305076506
19 0.00013212323419503196
21 0.0014305335733442652
22 0.0002683471778299544
26 0.00012343399523364164
36 0.00012444579405299303
38 0.000011603292496195242
39 0.00002316889228152431
40 0.000012008345186710319
41 0.000011139841612308305
43 0.000016486150317022987
44 0.00013635553537529827
46 0.0003210038952870586
47 0.00031598895731525394
48 0.0002630873261503125
49 0.000041620673939093223
51 0.0002812066430445152
55 0.00019400951426952473
56 0.00019433189464916796
57 0.0001250684069607151
60 0.0002572917550567303
63 0.0000037855318677072396
65 0.00007092567588545428
66 0.00018628059697440975
67 0.00004203784642398019
71 0.00012561808978093188
72 0.0028228230277232676
73 0.00019291377466338104
76 0.0021373482457470575
84 0.0004261759244447152
87 0.0005674688033633956
89 0.0005703437967220439
102 0.00025332444879269114
113 0.00011133348371866765
154 0.0003314569809760339
160 0.00018023749427928805
177 0.00015160120460271228
180 0.0001136486243970201
196 0.0003351616683040378
197 0.0008712710716447848
198 0.0004691137279473833
210 0.0003201773905469762
243 0.000264773477364449
245 0.0012737906257486342
246 0.002032486006882056
251 0.00022002825322499402
261 0.0002338723830583595
264 0.00021085919057695548
267 0.0002783569986123394
277 0.00039860180454648976
286 0.0001987752449196317
287 0.00025810086072372616
289 0.000742466804701393
292 0.0002914849877710017
304 0.001302803619045702
307 0.00022550415909059743
310 0.00048680093312278375
368 0.00018686500362842702
379 0.0003438806748054391
405 0.0004942172352587358
413 0.00024142866684252312
445 0.00023123617256302196
457 0.0002936355528176933
464 0.000393582208037624
470 0.00037969048392546374
480 0.0003672140565768559
493 0.000703621171521572
494 0.001757898766828749
540 0.0003471938241542892
550 0.00025332444879269114
576 0.0003086168757797243
594 0.0017194033740271957
613 0.0002597352724507996
669 0.00012589385831905585
670 0.0003329428059983855
671 0.0002597352724507996
803 0.0005194705449015992
851 0.00008185705212231243
852 0.0003887745697496512
858 0.0004915108718269986
875 0.0015365935827579347
996 0.0005685167944117531
1029 0.00047449886069093585
1031 0.00042093493558288133
1070 0.0003541015143419739
1082 0.0013119092659143181
1172 0.0009775367596641168
1173 0.00041790813825628515
1213 0.0022740671776470124
1271 0.0007305054994379872
1325 0.00031235053690802886
1395 0.0001739500102896398
1396 0.00036920725599727517
1528 0.00043730308863810597
1632 0.00827211840138153
1966 0.0005258216860189834
2033 0.0005908656000986806
3751 0.008793938375060208
4142 0.0006345864806991627
4257 0.0003887745697496512
4261 0.0005908656000986806
4589 0.0005791825675166354
5165 0.004830244747499743
5166 0.000873114324417637