9 0.00023858277221570697
13 0.000045470423018334476
14 0.00025254616640991854
15 0.0002564879550388143
16 0.00022637494957614764
21 0.0001430533573344265
22 0.0002683471778299544
26 0.0002468679904672833
30 0.00044365302269117307
34 0.00008687753051003999
36 0.00012444579405299303
38 0.000011603292496195242
39 0.000032436449194134037
40 0.00002101460407674306
41 0.000011139841612308305
43 0.000020607687896278735
44 0.00006817776768764914
46 0.0003210038952870586
47 0.00031598895731525394
55 0.00029101427140428715
56 0.00012955459643277864
57 0.0001250684069607151
59 0.0018071374756038062
63 0.000015142127470828958
65 0.00005319425691409072
67 0.00016815138569592077
68 0.0002914849877710017
71 0.00025123617956186376
81 0.00018240709186440708
97 0.00023454039050719067
100 0.0003059416346523785
104 0.00016413845014333722
122 0.00018417084982617462
124 0.00009942778247685315
136 0.0002925555540824451
159 0.0003553673428358886
160 0.0003604749885585761
180 0.00005682431219851005
245 0.000181970089392662
247 0.00026056072380914035
251 0.00044005650644998804
255 0.00017273030805218352
267 0.0002783569986123394
292 0.0008744549633130053
310 0.00016226697770759457
367 0.0002673724241223067
396 0.0013437448122452578
430 0.00022365154352182467
452 0.0002764565099464942
470 0.00037969048392546374
520 0.00016189608767124534
643 0.000505900267840781
646 0.000742466804701393
669 0.00012589385831905585
803 0.0002597352724507996
851 0.00008185705212231243
863 0.00036920725599727517
868 0.0005418513784905688
870 0.0013448629893844162
891 0.0004785475402955236
908 0.0014610109988759743
917 0.0006534821266696528
929 0.0036922372946377622
942 0.0008746061772762119
1062 0.00025810086072372616
1208 0.0014164060573678956
1290 0.00031109330472278875
1396 0.00036920725599727517
1529 0.0003818991754555788
1586 0.006417855067785861
1713 0.003296559492920343
1785 0.00030499358548289365
2366 0.00041790813825628515
2378 0.0003003233420124021
2570 0.001903759442097488
2631 0.004532769302765472
2836 0.0014212197060226527
2992 0.0019342058486154139
3898 0.0007881489921597373
4204 0.00045619873460859607
4299 0.0005685167944117531
4533 0.0006037805934374678
5167 0.000873114324417637