13 0.000019487324150714776
14 0.00025254616640991854
15 0.0002564879550388143
16 0.00015091663305076506
36 0.00004148193135099767
37 0.0004195196388193289
38 0.000011603292496195242
39 0.000009267556912609724
40 0.00000900625889003274
41 0.000007426561074872202
43 0.000016486150317022987
44 0.00020453330306294742
46 0.0000917153986534453
47 0.00009028255923292969
49 0.000041620673939093223
56 0.00006477729821638932
61 0.00017642643923270423
63 0.00000567829780156086
65 0.00003546283794272714
76 0.0006679213267959556
89 0.00009505729945367397
123 0.000188234616351904
124 0.00009942778247685315
160 0.00018023749427928805
180 0.00005682431219851005
299 0.0004737399020075509
310 0.0008113348885379729
324 0.0003753890228061612
392 0.0002969338431976791
401 0.000543302192065155
413 0.00024142866684252312
470 0.00037969048392546374
484 0.0008609827766498793
537 0.0003960586369806884
614 0.0005121877518304292
658 0.0003841483956894837
716 0.0003136207976380542
760 0.000424038368775366
851 0.00008185705212231243
980 0.00036332233087023905
1172 0.0004887683798320584
1173 0.00041790813825628515
1395 0.0001739500102896398
1448 0.0009207087101281216
1450 0.00032568748957397626
1586 0.0007550417726806894
1827 0.0008358162765125703
1848 0.0007031836599018376
2044 0.0005908656000986806
4222 0.00045217938883475555
4223 0.00044451570202655086
4264 0.0007881489921597373
4287 0.001903759442097488
5168 0.000873114324417637
5169 0.0014063673198036752
5170 0.000873114324417637
5171 0.004365571622088185
5172 0.000873114324417637
5173 0.000873114324417637