9 0.00003408325317367242
13 0.000012991549433809848
16 0.00015091663305076506
17 0.0030191132136648856
18 0.0014234965820728077
19 0.00066061617097516
21 0.0001430533573344265
29 0.00026649997158873667
33 0.00033993182475120415
34 0.00017375506102007999
36 0.00016592772540399069
38 0.000011603292496195242
39 0.000018535113825219447
40 0.00000900625889003274
41 0.000007426561074872202
43 0.000004121537579255747
44 0.00020453330306294742
46 0.00022928849663361327
47 0.00031598895731525394
48 0.00013154366307515625
49 0.00008324134787818645
63 0.000007571063735414479
65 0.00005319425691409072
66 0.00009314029848720488
67 0.00004203784642398019
71 0.00012561808978093188
81 0.00036481418372881415
88 0.00024872719512041187
99 0.0003271046043571432
104 0.00016413845014333722
113 0.0002226669674373353
122 0.00018417084982617462
177 0.00015160120460271228
185 0.001328168424244804
245 0.000181970089392662
251 0.00044005650644998804
258 0.0011881759109420651
259 0.0023302380829278552
267 0.0002783569986123394
277 0.00029895135340986733
310 0.00016226697770759457
347 0.0002479774737404859
363 0.00036332233087023905
367 0.0002673724241223067
368 0.00018686500362842702
372 0.00043730308863810597
375 0.00025891534254753946
390 0.000618218327643938
399 0.0011877353727907164
413 0.00024142866684252312
470 0.00037969048392546374
493 0.00023454039050719067
494 0.0015625766816255546
497 0.00017684408550895013
537 0.0003960586369806884
550 0.00025332444879269114
572 0.00033907303651746636
614 0.0005121877518304292
649 0.0003960586369806884
670 0.0003329428059983855
691 0.0003038092374917516
716 0.0003136207976380542
741 0.0010570132691406192
749 0.0004603543550640608
781 0.0009293116323667267
851 0.000040928526061156217
1001 0.00030739717354226806
1028 0.0003541015143419739
1034 0.0010219641713944834
1050 0.0009207087101281216
1060 0.0002852508106156339
1271 0.0003652527497189936
1315 0.00044828766312813873
1603 0.001203500511236464
2378 0.0003003233420124021
2413 0.0005791825675166354
2497 0.000424038368775366
4280 0.0004338499289216686
5072 0.0006758309323565803
5174 0.000873114324417637
5175 0.000873114324417637
5176 0.000873114324417637
5177 0.000873114324417637
5178 0.000873114324417637
5179 0.000873114324417637
5180 0.001746228648835274
5181 0.000873114324417637
5182 0.000873114324417637
5183 0.000873114324417637
5184 0.0015762979843194746
5185 0.000873114324417637
5186 0.000873114324417637
5187 0.000873114324417637