1 0.0001309668193588762
9 0.00013633301269468968
13 0.000025983098867619697
22 0.0001341735889149772
34 0.000043438765255019996
36 0.00012444579405299303
38 0.000008702469372146433
39 0.000013901335368914586
40 0.00000900625889003274
41 0.000011139841612308305
42 0.00010288760611871043
43 0.000016486150317022987
44 0.00013635553537529827
46 0.0004127192939405039
47 0.00040627151654818366
48 0.00013154366307515625
49 0.000041620673939093223
51 0.00004686777384075253
55 0.00009700475713476236
57 0.0001250684069607151
63 0.0000037855318677072396
65 0.00003546283794272714
66 0.0003725611939488195
67 0.00008407569284796038
71 0.00012561808978093188
73 0.00019291377466338104
81 0.00018240709186440708
89 0.00009505729945367397
113 0.0002226669674373353
124 0.00009942778247685315
150 0.00017810563074510452
165 0.00045100831818119485
171 0.0001368611790876869
180 0.00005682431219851005
204 0.0005258216860189834
206 0.00044451570202655086
214 0.0008209797243358649
263 0.0002338723830583595
288 0.00022801868959232616
320 0.0017683509100053845
327 0.0015842345479227535
393 0.00033907303651746636
470 0.00037969048392546374
471 0.00045619873460859607
519 0.0014063673198036752
538 0.0002852508106156339
558 0.0018876044317017236
573 0.0001652752038556845
669 0.00012589385831905585
803 0.0002597352724507996
851 0.00008185705212231243
875 0.0003841483956894837
946 0.0004785475402955236
954 0.004136059200690765
979 0.0004338499289216686
1139 0.0005908656000986806
1395 0.0003479000205792796
2163 0.0005411640668664958
2194 0.0005587052342654505
2325 0.0019604463800089586
2336 0.0004691137279473833
2603 0.000618218327643938
3233 0.0014768949178551047
3384 0.002703323729426321
4835 0.0007031836599018376