1 0.0001309668193588762
9 0.00013633301269468968
13 0.000025983098867619697
21 0.0001430533573344265
22 0.0002683471778299544
26 0.00012343399523364164
33 0.00011331060825040136
36 0.00024889158810598606
38 0.000008702469372146433
39 0.00004633778456304862
40 0.00000900625889003274
41 0.000018566402687180508
42 0.00010288760611871043
43 0.000016486150317022987
44 0.00013635553537529827
46 0.0004127192939405039
47 0.00040627151654818366
48 0.00013154366307515625
49 0.000041620673939093223
51 0.00004686777384075253
63 0.0000037855318677072396
65 0.00001773141897136357
66 0.00018628059697440975
67 0.00012611353927194057
69 0.00023724943034546792
71 0.00025123617956186376
73 0.00019291377466338104
76 0.0001335842653591911
81 0.00018240709186440708
86 0.0004408563537610837
89 0.00028517189836102194
99 0.0003271046043571432
105 0.0003314569809760339
113 0.00011133348371866765
125 0.0002682511308492756
131 0.0004092519030008361
134 0.0003672140565768559
143 0.00032998895069327885
150 0.00017810563074510452
180 0.0001136486243970201
214 0.000273659908111955
243 0.000264773477364449
253 0.0002472323099654942
277 0.00019930090227324488
279 0.00022929556638299245
288 0.0009120747583693047
320 0.00029472515166756405
356 0.00040649720137641123
358 0.0034750954050998127
374 0.0035413018748854676
375 0.0015534920552852367
401 0.00036220146137676994
470 0.00037969048392546374
549 0.0008076060951483175
551 0.0002832412727662006
555 0.0002457554359134993
658 0.0003841483956894837
669 0.00012589385831905585
671 0.0005194705449015992
693 0.0009043587776695111
751 0.0018414174202562431
770 0.0014356426208865709
803 0.0002597352724507996
851 0.00008185705212231243
893 0.007550417726806894
942 0.00043730308863810597
1146 0.0019604463800089586
1395 0.0005218500308689194
1785 0.00030499358548289365
2187 0.0006758309323565803
2508 0.0006345864806991627
5188 0.000873114324417637