1 0.0001309668193588762
9 0.00010224975952101728
13 0.00003897464830142955
16 0.00007545831652538253
22 0.0006708679445748862
26 0.000370301985700925
30 0.00044365302269117307
33 0.00011331060825040136
34 0.00060814271357028
36 0.00008296386270199534
38 0.000005801646248097621
39 0.000018535113825219447
40 0.000030020862966775798
41 0.000025992963762052712
42 0.000051443803059355216
43 0.00002885076305479023
44 0.00013635553537529827
46 0.0003210038952870586
47 0.00027084767769878907
48 0.0002630873261503125
49 0.000041620673939093223
51 0.0002812066430445152
55 0.00019400951426952473
61 0.0005292793176981127
63 0.0000018927659338536198
65 0.00001773141897136357
66 0.00009314029848720488
67 0.00008407569284796038
71 0.00012561808978093188
84 0.0006392638866670728
89 0.00009505729945367397
97 0.00023454039050719067
100 0.0003059416346523785
113 0.0002226669674373353
122 0.00036834169965234924
123 0.000188234616351904
124 0.00009942778247685315
143 0.00032998895069327885
144 0.0011839966040116698
184 0.0008129944027528225
212 0.00040116683707882124
237 0.0007117820430063682
245 0.000181970089392662
267 0.0002783569986123394
277 0.0005979027068197347
288 0.0009120747583693047
292 0.0002914849877710017
294 0.0011957583896878615
304 0.0005211214476182807
347 0.0002479774737404859
393 0.0006781460730349327
396 0.0011517812676387924
401 0.00036220146137676994
430 0.00022365154352182467
441 0.0003438806748054391
457 0.0005872711056353866
497 0.00035368817101790026
507 0.0021819336686915132
508 0.0005365022616985512
512 0.0006350250466893421
520 0.0006475843506849814
538 0.0005705016212312678
570 0.0006758309323565803
573 0.0001652752038556845
599 0.001236436655287876
643 0.000505900267840781
666 0.00032568748957397626
667 0.00045619873460859607
669 0.0002517877166381117
672 0.0004942172352587358
698 0.00044451570202655086
703 0.0002862680700927968
708 0.00035955036976865123
709 0.0005454834171728783
784 0.010787970171885767
786 0.0012114091427224763
794 0.0010665059907720767
811 0.0013565381665042668
823 0.00045217938883475555
847 0.0009474798040151018
851 0.00008185705212231243
885 0.0012691729613983254
912 0.0005685167944117531
915 0.0006458029636839771
1115 0.0026238185318286362
1284 0.0006758309323565803
1290 0.00031109330472278875
1395 0.0005218500308689194
1397 0.00028028741746109395
1403 0.0010365781682011202
1472 0.00043730308863810597
1473 0.0013069642533393056
1478 0.000499919615209078
1490 0.0006534821266696528
1532 0.0005908656000986806
1781 0.0005644974486379127
2120 0.0006037805934374678
2413 0.0005791825675166354
3190 0.006758309323565804
3549 0.0011583651350332708
3553 0.0029537898357102094
3601 0.0003672140565768559
3704 0.0007384474589275524
3860 0.0007031836599018376
4606 0.0006037805934374678
4614 0.0006758309323565803
4670 0.001236436655287876
4675 0.0007881489921597373
4888 0.0007881489921597373
4898 0.0006758309323565803
4921 0.00048355146215385347
5189 0.009604257568594007
5190 0.000873114324417637
5191 0.0007881489921597373
5192 0.00909626871058805
5193 0.0006758309323565803
5194 0.000873114324417637
5195 0.000873114324417637