9 0.00017041626586836213
13 0.000012991549433809848
22 0.0009392151224048407
26 0.00012343399523364164
30 0.0013309590680735193
32 0.0005188152611795682
33 0.0010197954742536125
34 0.00013031629576506
36 0.00004148193135099767
37 0.0014683187358676515
38 0.000005801646248097621
39 0.000013901335368914586
40 0.000015010431483387899
41 0.000014853122149744404
42 0.000051443803059355216
43 0.000016486150317022987
44 0.0006135999091888423
46 0.0004127192939405039
47 0.00036113023693171874
48 0.00013154366307515625
49 0.00008324134787818645
51 0.00004686777384075253
55 0.00019400951426952473
56 0.00006477729821638932
63 0.0000018927659338536198
65 0.00001773141897136357
66 0.0003725611939488195
67 0.00004203784642398019
84 0.0002130879622223576
107 0.0002049311356991152
113 0.0002226669674373353
123 0.000376469232703808
130 0.00027274170858643915
143 0.016499447534663945
144 0.0001691423720016671
150 0.0014248450459608362
159 0.0007107346856717773
160 0.00018023749427928805
171 0.0001368611790876869
177 0.0009096072276162738
180 0.00005682431219851005
184 0.00040649720137641123
225 0.00042093493558288133
237 0.0007117820430063682
245 0.000181970089392662
277 0.0007972036090929795
279 0.00022929556638299245
287 0.0005162017214474523
304 0.00026056072380914035
307 0.00022550415909059743
315 0.0009570950805910472
348 0.0004272224195725296
377 0.0003188377153162591
393 0.0010172191095523992
396 0.0011517812676387924
401 0.00036220146137676994
406 0.000505900267840781
494 0.000585966255609583
507 0.0016364502515186351
514 0.00043049138832493966
573 0.0001652752038556845
658 0.0007682967913789674
669 0.0003776815749571676
786 0.019786349331133782
803 0.0005194705449015992
851 0.00008185705212231243
858 0.0002457554359134993
895 0.0010665059907720767
903 0.0013516618647131605
1037 0.0005418513784905688
1060 0.0002852508106156339
1162 0.00030263622314802144
1290 0.00031109330472278875
1395 0.0006958000411585592
1403 0.0013821042242681601
1525 0.0005332529953860384
1672 0.0023167302700665415
1690 0.0005188152611795682
1725 0.001322569061283251
1781 0.0005644974486379127
1803 0.0004942172352587358
1860 0.001903759442097488
2108 0.0011583651350332708
2224 0.010509711569946949
2338 0.0005908656000986806
2847 0.0007384474589275524
2848 0.0022153423767826575
2918 0.033327588460152296
3549 0.0017375477025499064
4194 0.0005908656000986806
4606 0.0006037805934374678
4898 0.0006758309323565803
5191 0.0007881489921597373
5193 0.0006758309323565803
5196 0.016589172163935104
5197 0.019208515137188013
5198 0.0023644469764792122
5199 0.000873114324417637
5200 0.002619342973252911
5201 0.000873114324417637