9 0.00006816650634734484
13 0.000012991549433809848
17 0.004528669820497329
18 0.0014234965820728077
19 0.00013212323419503196
25 0.0006345864806991627
34 0.000043438765255019996
36 0.00004148193135099767
38 0.000011603292496195242
39 0.000009267556912609724
40 0.00000900625889003274
41 0.000011139841612308305
42 0.000051443803059355216
43 0.000020607687896278735
44 0.00040906660612589484
49 0.000041620673939093223
51 0.00009373554768150506
63 0.000007571063735414479
65 0.00007092567588545428
67 0.00008407569284796038
71 0.00025123617956186376
74 0.0009149807564486811
89 0.00028517189836102194
97 0.00023454039050719067
100 0.0003059416346523785
104 0.00016413845014333722
130 0.0005454834171728783
138 0.0003775208863403447
140 0.0004603543550640608
159 0.0001776836714179443
177 0.00015160120460271228
180 0.00005682431219851005
192 0.0003242865707429365
214 0.000273659908111955
259 0.0015534920552852367
261 0.0002338723830583595
264 0.00021085919057695548
276 0.0010665059907720767
318 0.0005908656000986806
324 0.0003753890228061612
396 0.0005758906338193962
401 0.000543302192065155
411 0.00044608035070850863
430 0.00022365154352182467
431 0.00037969048392546374
440 0.0024177573107692675
594 0.0003438806748054391
613 0.0002597352724507996
641 0.000393582208037624
703 0.0002862680700927968
753 0.0002783569986123394
820 0.00046465581618336337
851 0.0002455711563669373
868 0.0002709256892452844
873 0.001898452419627319
899 0.00044828766312813873
1027 0.0005332529953860384
1028 0.0007082030286839478
1029 0.00023724943034546792
1095 0.0004120699366150429
1290 0.00031109330472278875
1438 0.0006758309323565803
1603 0.00040116683707882124
1650 0.00041790813825628515
1781 0.000846746172956869
2128 0.0021865154431905303
2178 0.0006534821266696528
2570 0.0006345864806991627
2650 0.0006037805934374678
3208 0.00034065472379816113
3315 0.00045217938883475555
3601 0.0003672140565768559
4216 0.000499919615209078
4246 0.0022153423767826575
4341 0.0007031836599018376
4856 0.0006758309323565803
5072 0.0006758309323565803
5206 0.001746228648835274
5207 0.003492457297670548
5208 0.001746228648835274
5209 0.000873114324417637