1 0.0001309668193588762
9 0.00010224975952101728
13 0.000019487324150714776
16 0.00007545831652538253
21 0.0001430533573344265
30 0.0008873060453823461
34 0.00008687753051003999
36 0.00008296386270199534
38 0.00002030576186834168
39 0.000018535113825219447
40 0.00000900625889003274
41 0.000007426561074872202
42 0.00010288760611871043
43 0.000016486150317022987
46 0.00004585769932672265
47 0.00004514127961646484
48 0.00013154366307515625
49 0.00008324134787818645
51 0.00004686777384075253
56 0.00012955459643277864
63 0.0000094638296692681
65 0.00003546283794272714
66 0.00018628059697440975
67 0.00012611353927194057
72 0.0012349850746289296
73 0.0005787413239901431
81 0.00036481418372881415
87 0.0009457813389389926
88 0.00024872719512041187
97 0.00046908078101438134
100 0.0004589124519785678
104 0.00016413845014333722
124 0.00009942778247685315
151 0.0003359696033249817
180 0.00005682431219851005
243 0.000264773477364449
245 0.000181970089392662
255 0.00034546061610436703
261 0.000467744766116719
267 0.0002783569986123394
360 0.00019339166635443979
401 0.00036220146137676994
438 0.002516852588380559
452 0.0002764565099464942
496 0.0002464916487181342
520 0.0003237921753424907
538 0.0002852508106156339
556 0.000505900267840781
613 0.0002597352724507996
642 0.0003887745697496512
648 0.0009605321716409287
652 0.0004737399020075509
666 0.0006513749791479525
669 0.00012589385831905585
803 0.0002597352724507996
851 0.00032742820848924973
902 0.0003753890228061612
1034 0.00034065472379816113
1050 0.0004603543550640608
1060 0.0002852508106156339
1395 0.0003479000205792796
1400 0.0004737399020075509
1442 0.0013015497867650057
1650 0.00041790813825628515
1781 0.0005644974486379127
2166 0.0006345864806991627
2441 0.0014768949178551047
5215 0.0006534821266696528
5216 0.000873114324417637
5217 0.0007881489921597373
5218 0.0015762979843194746