0 0.00019243773886705868
1 0.0001309668193588762
2 0.00017273030805218352
3 0.00037969048392546374
4 0.00035233775638020634
5 0.0002365665368606119
6 0.0002400196965770493
7 0.000233207996263883
8 0.00028224872431895635
9 0.00010224975952101728
13 0.000012991549433809848
16 0.00007545831652538253
20 0.0007394749461544028
21 0.0004291600720032795
22 0.0001341735889149772
34 0.000043438765255019996
36 0.00004148193135099767
37 0.0004195196388193289
38 0.000008702469372146433
39 0.000013901335368914586
40 0.000012008345186710319
41 0.000014853122149744404
42 0.00015433140917806565
43 0.000016486150317022987
44 0.00013635553537529827
45 0.00012982121229608657
46 0.00027514619596033594
47 0.00036113023693171874
48 0.00013154366307515625
49 0.00008324134787818645
51 0.00004686777384075253
52 0.00014497369525357328
55 0.00029101427140428715
56 0.00019433189464916796
57 0.0002501368139214302
58 0.0008237551125322549
59 0.000602379158534602
60 0.0002572917550567303
61 0.00035285287846540845
63 0.0000018927659338536198
64 0.00018731984297588175
65 0.00003546283794272714
66 0.00009314029848720488
67 0.00012611353927194057
69 0.00023724943034546792
71 0.00025123617956186376
73 0.00019291377466338104
76 0.0001335842653591911
81 0.0010944425511864426
82 0.0019826889093634047
84 0.0002130879622223576
85 0.00024357296170002702
87 0.0009457813389389926
90 0.000499919615209078
99 0.0003271046043571432
102 0.00025332444879269114
114 0.00021141259586679695
124 0.00009942778247685315
139 0.00028224872431895635
196 0.0003351616683040378
197 0.0002904236905482616
267 0.0002783569986123394
286 0.0001987752449196317
310 0.00032453395541518913
479 0.0005188152611795682
493 0.00023454039050719067
494 0.00019532208520319432
495 0.0003753890228061612
496 0.0002464916487181342
497 0.00035368817101790026
555 0.0002457554359134993
572 0.00033907303651746636
650 0.000549621148441263
898 0.0003014743275909555
1029 0.00023724943034546792
1100 0.001604667348315285
1271 0.0003652527497189936
1272 0.0005685167944117531
1273 0.000873114324417637
1274 0.0007881489921597373
1275 0.000873114324417637
1276 0.0009671029243077069
1277 0.0007881489921597373