9 0.00030674927856305184
10 0.008913160831000284
13 0.00009743662075357388
16 0.00007545831652538253
19 0.00013212323419503196
21 0.0004291600720032795
34 0.00008687753051003999
36 0.00016592772540399069
38 0.000014504115620244055
39 0.000027802670737829172
40 0.00001801251778006548
41 0.000011139841612308305
43 0.000020607687896278735
46 0.00004585769932672265
48 0.00013154366307515625
49 0.000041620673939093223
51 0.00004686777384075253
56 0.00019433189464916796
63 0.000007571063735414479
64 0.00018731984297588175
65 0.00005319425691409072
66 0.00009314029848720488
67 0.00012611353927194057
70 0.00035233775638020634
71 0.00025123617956186376
72 0.00035285287846540845
73 0.0003858275493267621
76 0.0008015055921551466
81 0.00018240709186440708
87 0.0005674688033633956
89 0.00009505729945367397
95 0.0012816672587175888
100 0.0004589124519785678
104 0.00016413845014333722
107 0.0002049311356991152
124 0.00009942778247685315
126 0.004136059200690765
127 0.00041790813825628515
133 0.0022740671776470124
150 0.00017810563074510452
154 0.0006629139619520678
176 0.00033751149866781817
177 0.00015160120460271228
179 0.0006172337515594486
180 0.0001136486243970201
183 0.00083251612704961
197 0.0008712710716447848
218 0.0005332529953860384
226 0.0004098622713982304
251 0.00044005650644998804
255 0.00017273030805218352
277 0.00009965045113662244
279 0.00022929556638299245
286 0.0005963257347588951
287 0.00025810086072372616
288 0.0009120747583693047
299 0.0004737399020075509
304 0.00026056072380914035
307 0.00022550415909059743
310 0.00016226697770759457
352 0.0002958245228348551
366 0.00034225708731462997
377 0.0003188377153162591
427 0.00044451570202655086
439 0.0006629139619520678
452 0.0002764565099464942
455 0.00041790813825628515
457 0.0002936355528176933
466 0.001648863445323789
467 0.0010365781682011202
470 0.00037969048392546374
480 0.0003672140565768559
496 0.0002464916487181342
520 0.0003237921753424907
554 0.0003985861298959538
563 0.0005685167944117531
613 0.0005194705449015992
669 0.0003776815749571676
728 0.001236436655287876
769 0.00045619873460859607
772 0.0002597352724507996
803 0.0002597352724507996
811 0.00045217938883475555
826 0.0004272224195725296
832 0.00048355146215385347
839 0.000549621148441263
851 0.0002455711563669373
873 0.00037969048392546374
1085 0.000393582208037624
1123 0.0006758309323565803
1325 0.003435855905988318
1346 0.0005791825675166354
1395 0.0003479000205792796
1403 0.00034552605606704003
1494 0.0005188152611795682
1495 0.0004691137279473833
1529 0.0003818991754555788
1580 0.0005685167944117531
1618 0.0008076060951483175
1650 0.00041790813825628515
1785 0.0006099871709657873
1822 0.0006037805934374678
1860 0.001903759442097488
1893 0.000618218327643938
1898 0.003807518884194976
2043 0.0010665059907720767
2128 0.0013119092659143181
2398 0.00044828766312813873
2409 0.0006345864806991627
2640 0.0008746061772762119
3139 0.0004942172352587358
3439 0.0006758309323565803
3507 0.0004338499289216686
3943 0.0007881489921597373
4084 0.0013516618647131605
4221 0.0004887683798320584
4443 0.0011817312001973612
4639 0.0006345864806991627
4773 0.0005258216860189834
4777 0.0007031836599018376
4838 0.0007031836599018376
4855 0.0007031836599018376
5215 0.0019604463800089586
5219 0.000873114324417637
5220 0.000873114324417637
5221 0.001746228648835274
5222 0.000873114324417637
5223 0.014186681858875274
5224 0.0007881489921597373
5225 0.001746228648835274