1 0.0001309668193588762
13 0.0000779492966028591
16 0.00007545831652538253
33 0.00011331060825040136
34 0.00026063259153012
36 0.00008296386270199534
38 0.000008702469372146433
39 0.000013901335368914586
40 0.0000030020862966775796
41 0.000003713280537436101
42 0.000051443803059355216
43 0.000008243075158511493
44 0.00013635553537529827
46 0.0000917153986534453
47 0.00013542383884939454
48 0.00013154366307515625
56 0.0003238864910819466
63 0.0000094638296692681
65 0.00008865709485681788
66 0.00009314029848720488
67 0.00008407569284796038
68 0.0011659399510840069
69 0.00023724943034546792
71 0.00025123617956186376
89 0.00009505729945367397
97 0.00046908078101438134
100 0.0004589124519785678
104 0.00016413845014333722
105 0.0003314569809760339
113 0.0002226669674373353
117 0.0004338499289216686
123 0.000188234616351904
140 0.0004603543550640608
159 0.0001776836714179443
185 0.0007969010545468823
226 0.0006147934070973456
253 0.0002472323099654942
259 0.00025891534254753946
277 0.00009965045113662244
299 0.0009474798040151018
347 0.0014878648424429155
363 0.00036332233087023905
368 0.00018686500362842702
376 0.00034065472379816113
400 0.0007384474589275524
401 0.000543302192065155
412 0.00028729384230050906
413 0.00024142866684252312
445 0.0004624723451260439
469 0.0005332529953860384
470 0.00037969048392546374
538 0.0002852508106156339
550 0.00025332444879269114
561 0.0007031836599018376
573 0.000330550407711369
596 0.00043049138832493966
648 0.002241241733828834
669 0.00012589385831905585
790 0.0009775367596641168
803 0.0002597352724507996
836 0.000549621148441263
851 0.00008185705212231243
879 0.0002958245228348551
1087 0.0006037805934374678
1120 0.00029472515166756405
1173 0.00041790813825628515
1178 0.0013015497867650057
1446 0.0010786511093059537
2497 0.000424038368775366
2943 0.0006758309323565803
2997 0.0006345864806991627
4280 0.0008676998578433372
4510 0.0007384474589275524
5150 0.0014768949178551047
5215 0.0013069642533393056
5226 0.000873114324417637
5227 0.000873114324417637
5228 0.0007881489921597373
5229 0.000873114324417637
5230 0.000873114324417637
5231 0.0007384474589275524
5232 0.000873114324417637
5233 0.000873114324417637