0 0.00019243773886705868
2 0.00017273030805218352
9 0.00010224975952101728
12 0.0005129759100776286
13 0.00003247887358452463
14 0.00025254616640991854
16 0.00007545831652538253
17 0.00018869457585405535
19 0.00013212323419503196
22 0.0001341735889149772
24 0.0005685167944117531
33 0.00022662121650080273
34 0.000043438765255019996
36 0.00012444579405299303
38 0.000005801646248097621
39 0.000027802670737829172
40 0.000015010431483387899
41 0.000018566402687180508
42 0.00015433140917806565
43 0.00001236461273776724
44 0.00013635553537529827
46 0.0004127192939405039
47 0.00036113023693171874
48 0.00039463098922546877
49 0.00012486202181727967
51 0.0001406033215222576
56 0.00012955459643277864
63 0.0000037855318677072396
64 0.00018731984297588175
65 0.00003546283794272714
69 0.00023724943034546792
71 0.00012561808978093188
81 0.00018240709186440708
113 0.00011133348371866765
114 0.00021141259586679695
122 0.00036834169965234924
123 0.000188234616351904
124 0.00009942778247685315
129 0.003193391142260173
136 0.0002925555540824451
171 0.0002737223581753738
177 0.00015160120460271228
180 0.00017047293659553015
184 0.00040649720137641123
196 0.0003351616683040378
197 0.0002904236905482616
216 0.0016761157027963517
230 0.0008874735685045654
271 0.0005983661268631681
274 0.0008681145098558444
286 0.0003975504898392634
292 0.0002914849877710017
304 0.00026056072380914035
368 0.00018686500362842702
375 0.00025891534254753946
391 0.0002774030711249583
396 0.0005758906338193962
427 0.00044451570202655086
494 0.0009766104260159718
496 0.0004929832974362684
520 0.00016189608767124534
533 0.0004785475402955236
550 0.00025332444879269114
551 0.0002832412727662006
573 0.0001652752038556845
613 0.0012986763622539982
628 0.00048355146215385347
671 0.0005194705449015992
691 0.0003038092374917516
743 0.000999839230418156
753 0.0002783569986123394
803 0.0002597352724507996
832 0.00048355146215385347
851 0.00008185705212231243
854 0.0015774650580569502
861 0.0004737399020075509
898 0.0003014743275909555
908 0.0007305054994379872
922 0.00043730308863810597
1001 0.00030739717354226806
1068 0.0004887683798320584
1081 0.000549621148441263
1092 0.0007881489921597373
1120 0.0008841754550026923
1280 0.00032568748957397626
1285 0.00036332233087023905
1290 0.0009332799141683663
1310 0.00036332233087023905
1328 0.002478710600393818
1368 0.00045217938883475555
1519 0.00046465581618336337
1529 0.00305519340364463
1532 0.0005908656000986806
1551 0.0010243755036608584
2152 0.0014826517057762074
2345 0.0005908656000986806
2375 0.0006758309323565803
2378 0.0003003233420124021
2811 0.0012075611868749357
2909 0.0006534821266696528
3139 0.0004942172352587358
3353 0.0005332529953860384
4245 0.0006345864806991627
5215 0.00457437488668757
5234 0.000873114324417637
5235 0.000873114324417637
5236 0.000873114324417637
5237 0.000873114324417637
5238 0.001746228648835274
5239 0.0007384474589275524
5240 0.0007881489921597373
5241 0.0007881489921597373
5242 0.000873114324417637