1 0.0002619336387177524
9 0.00010224975952101728
12 0.0010259518201552573
13 0.00005846197245214433
20 0.0012324582435906714
34 0.000043438765255019996
36 0.00016592772540399069
37 0.0008390392776386578
38 0.000005801646248097621
39 0.000009267556912609724
40 0.000006004172593355159
41 0.000011139841612308305
42 0.000051443803059355216
43 0.000008243075158511493
44 0.00013635553537529827
46 0.00027514619596033594
47 0.00022570639808232424
48 0.00013154366307515625
49 0.00008324134787818645
51 0.00004686777384075253
55 0.00048502378567381193
56 0.00012955459643277864
63 0.0000037855318677072396
65 0.00001773141897136357
88 0.00024872719512041187
89 0.00019011459890734794
94 0.0004785475402955236
105 0.0003314569809760339
113 0.00011133348371866765
123 0.000188234616351904
124 0.00009942778247685315
177 0.0006064048184108491
180 0.00005682431219851005
186 0.0010101846656396741
197 0.0002904236905482616
298 0.0005908656000986806
375 0.00025891534254753946
496 0.0009859665948725369
573 0.0001652752038556845
613 0.0002597352724507996
689 0.00043049138832493966
780 0.002642646204382413
851 0.00008185705212231243
879 0.0005916490456697102
1084 0.00036920725599727517
1140 0.0007881489921597373
1440 0.001236436655287876
1477 0.0006345864806991627
1535 0.0006758309323565803
1696 0.0004887683798320584
1702 0.000618218327643938
1814 0.0006345864806991627
2187 0.0006758309323565803
2913 0.0007384474589275524
4639 0.0006345864806991627
5215 0.0013069642533393056