9 0.00047716554443141395
13 0.00007145352188595418
15 0.0010259518201552573
16 0.00007545831652538253
21 0.000572213429337706
22 0.0008050415334898633
34 0.00008687753051003999
36 0.00008296386270199534
38 0.000008702469372146433
39 0.00002316889228152431
40 0.000012008345186710319
41 0.000007426561074872202
42 0.000051443803059355216
43 0.00003297230063404597
46 0.0000917153986534453
47 0.00009028255923292969
49 0.00008324134787818645
51 0.0001406033215222576
52 0.00014497369525357328
56 0.00012955459643277864
63 0.00000567829780156086
65 0.00001773141897136357
67 0.00012611353927194057
89 0.00019011459890734794
97 0.00023454039050719067
122 0.00036834169965234924
124 0.00009942778247685315
129 0.00045619873460859607
131 0.0004092519030008361
133 0.0017055503832352594
144 0.0003382847440033342
159 0.0001776836714179443
171 0.0001368611790876869
180 0.0001136486243970201
255 0.0005181909241565506
260 0.0007637983509111575
264 0.00021085919057695548
286 0.0003975504898392634
292 0.0005829699755420034
327 0.006732996828671704
332 0.0006345864806991627
357 0.0003438806748054391
467 0.00034552605606704003
493 0.00023454039050719067
494 0.0015625766816255546
497 0.00017684408550895013
551 0.0002832412727662006
558 0.0015100835453613788
573 0.0001652752038556845
665 0.0004887683798320584
666 0.00032568748957397626
669 0.00012589385831905585
760 0.000424038368775366
851 0.00016371410424462487
875 0.0003841483956894837
891 0.0004785475402955236
1280 0.00032568748957397626
1396 0.0011076217679918256
1494 0.0005188152611795682
1503 0.0005332529953860384
1834 0.007529373377716261
1949 0.0004691137279473833
2063 0.00040116683707882124
2148 0.00044828766312813873
2378 0.0003003233420124021
2888 0.0005908656000986806
3201 0.0005411640668664958
3732 0.0005411640668664958
4142 0.0006345864806991627
4643 0.0023644469764792122
5252 0.0007881489921597373
5253 0.0007881489921597373
5254 0.000873114324417637
5255 0.0007881489921597373