2 0.00017273030805218352
9 0.00017041626586836213
12 0.0010259518201552573
13 0.00005196619773523939
14 0.00025254616640991854
15 0.0002564879550388143
21 0.000286106714668853
34 0.000043438765255019996
36 0.00004148193135099767
38 0.000011603292496195242
39 0.000004633778456304862
40 0.0000030020862966775796
41 0.000007426561074872202
43 0.000020607687896278735
46 0.00013757309798016797
47 0.00018056511846585937
49 0.00012486202181727967
51 0.00004686777384075253
63 0.000007571063735414479
65 0.00003546283794272714
67 0.00004203784642398019
71 0.00012561808978093188
124 0.00009942778247685315
135 0.0005961065889605145
136 0.0002925555540824451
180 0.00005682431219851005
222 0.0003841483956894837
261 0.0011693619152917975
271 0.0011967322537263362
274 0.0002893715032852814
283 0.00041790813825628515
396 0.000959817723032327
467 0.00034552605606704003
715 0.0004092519030008361
851 0.0002455711563669373
1068 0.0004887683798320584
1141 0.00041790813825628515
1290 0.0006221866094455775
1396 0.00036920725599727517
1538 0.003717246529466907
5256 0.0007881489921597373