9 0.00017041626586836213
13 0.00008444507131976401
16 0.00007545831652538253
20 0.0002464916487181342
33 0.00011331060825040136
34 0.00008687753051003999
36 0.00008296386270199534
38 0.000005801646248097621
39 0.000009267556912609724
40 0.00000900625889003274
41 0.000011139841612308305
42 0.000051443803059355216
43 0.000016486150317022987
44 0.00013635553537529827
46 0.00045857699326722653
47 0.0004965540757811133
48 0.00013154366307515625
49 0.000041620673939093223
51 0.0001406033215222576
55 0.00038801902853904946
56 0.0002591091928655573
63 0.0000037855318677072396
65 0.00003546283794272714
66 0.00027942089546161464
67 0.00004203784642398019
69 0.00023724943034546792
71 0.00012561808978093188
89 0.00009505729945367397
97 0.00023454039050719067
104 0.00032827690028667443
113 0.0002226669674373353
124 0.00009942778247685315
144 0.0013531389760133368
150 0.0007124225229804181
160 0.00018023749427928805
165 0.00022550415909059743
176 0.00033751149866781817
180 0.00005682431219851005
246 0.00040649720137641123
261 0.0007016171491750785
264 0.00021085919057695548
310 0.00032453395541518913
347 0.0014878648424429155
367 0.0002673724241223067
368 0.00018686500362842702
396 0.00019196354460646538
413 0.00024142866684252312
467 0.00034552605606704003
573 0.0001652752038556845
649 0.0003960586369806884
851 0.00008185705212231243
1070 0.0003541015143419739
1101 0.00046465581618336337
1141 0.005014897659075422
1446 0.00035955036976865123
1630 0.0005587052342654505
4254 0.0006534821266696528
5257 0.0007384474589275524
5258 0.001746228648835274