2 0.00017273030805218352
9 0.00017041626586836213
13 0.000019487324150714776
16 0.00037729158262691273
17 0.00018869457585405535
19 0.00013212323419503196
38 0.000005801646248097621
39 0.000013901335368914586
40 0.00000900625889003274
41 0.000014853122149744404
43 0.00001236461273776724
44 0.00013635553537529827
46 0.0005502923919206719
47 0.0005416953553975781
48 0.00013154366307515625
49 0.000041620673939093223
51 0.00004686777384075253
52 0.00014497369525357328
55 0.002231109414099535
56 0.0002591091928655573
57 0.0001250684069607151
63 0.00000567829780156086
65 0.00008865709485681788
66 0.000745122387897639
67 0.00008407569284796038
69 0.00023724943034546792
71 0.00012561808978093188
73 0.0003858275493267621
74 0.006404865295140768
81 0.0031009205616949207
87 0.0005674688033633956
88 0.00024872719512041187
104 0.00016413845014333722
113 0.0005566674185933383
185 0.001328168424244804
277 0.00009965045113662244
286 0.0001987752449196317
307 0.00022550415909059743
368 0.00018686500362842702
372 0.00043730308863810597
399 0.0002969338431976791
550 0.00025332444879269114
573 0.0001652752038556845
669 0.00012589385831905585
851 0.00008185705212231243
854 0.01051643372037967
863 0.00923018139993188
1062 0.0005162017214474523
1070 0.0003541015143419739
1328 0.0010623045430259218
1395 0.0001739500102896398
2366 0.01044770345640713
2497 0.000424038368775366
2693 0.000424038368775366
2722 0.00041790813825628515
4280 0.0004338499289216686
5259 0.0023644469764792122
5260 0.001746228648835274
5261 0.001746228648835274
5262 0.000873114324417637