0 0.00019243773886705868
1 0.0001309668193588762
2 0.00017273030805218352
4 0.00035233775638020634
5 0.0002365665368606119
6 0.0002400196965770493
7 0.000233207996263883
8 0.00028224872431895635
9 0.00020449951904203455
12 0.0002564879550388143
13 0.000019487324150714776
14 0.00025254616640991854
15 0.0002564879550388143
16 0.00007545831652538253
17 0.00018869457585405535
19 0.00013212323419503196
20 0.0007394749461544028
21 0.0004291600720032795
22 0.00040252076674493167
23 0.00022801868959232616
26 0.00012343399523364164
34 0.000043438765255019996
36 0.00008296386270199534
38 0.000008702469372146433
39 0.000009267556912609724
40 0.00001801251778006548
41 0.000014853122149744404
42 0.000051443803059355216
43 0.00001236461273776724
44 0.00013635553537529827
45 0.00025964242459217314
46 0.00027514619596033594
47 0.00027084767769878907
48 0.00013154366307515625
49 0.00008324134787818645
51 0.00004686777384075253
52 0.00028994739050714656
55 0.00019400951426952473
56 0.00012955459643277864
57 0.0002501368139214302
58 0.0008237551125322549
59 0.00040158610568973463
60 0.0002572917550567303
61 0.00035285287846540845
63 0.0000018927659338536198
65 0.00001773141897136357
76 0.0002671685307183822
80 0.001236436655287876
82 0.0014162063638310035
85 0.00048714592340005404
87 0.0001891562677877985
114 0.0004228251917335939
122 0.00018417084982617462
135 0.0005961065889605145
136 0.0029255555408244515
159 0.0001776836714179443
180 0.00005682431219851005
222 0.0003841483956894837
223 0.0008890314040531017
243 0.001059093909457796
245 0.000181970089392662
251 0.00044005650644998804
264 0.00021085919057695548
271 0.00029918306343158405
277 0.00019930090227324488
349 0.007188303393366181
351 0.004922285619312864
356 0.00040649720137641123
363 0.00036332233087023905
396 0.0011517812676387924
520 0.0003237921753424907
550 0.00025332444879269114
552 0.00048355146215385347
555 0.0002457554359134993
572 0.00033907303651746636
578 0.0010516433720379667
652 0.0004737399020075509
662 0.0004408563537610837
696 0.0006534821266696528
715 0.0004092519030008361
735 0.0005791825675166354
739 0.0006037805934374678
980 0.0010899669926107173
1146 0.0019604463800089586
1176 0.0009570950805910472
1278 0.0016761157027963517
1279 0.014186681858875274
1280 0.0006513749791479525
1281 0.000873114324417637
1282 0.000873114324417637
1283 0.00033907303651746636
1284 0.002027492797069741
1285 0.00036332233087023905
1286 0.000873114324417637
1287 0.000873114324417637
1288 0.0007881489921597373
1289 0.0007881489921597373
1290 0.0006221866094455775
1291 0.0007384474589275524