9 0.00020449951904203455
13 0.000045470423018334476
16 0.00007545831652538253
18 0.002135244873109212
20 0.0002464916487181342
34 0.00008687753051003999
36 0.00004148193135099767
37 0.00020975981940966445
38 0.000005801646248097621
39 0.000009267556912609724
40 0.000006004172593355159
41 0.000011139841612308305
43 0.00001236461273776724
44 0.00013635553537529827
46 0.0004127192939405039
47 0.00045141279616464847
48 0.00013154366307515625
49 0.000041620673939093223
51 0.00004686777384075253
52 0.00028994739050714656
55 0.00019400951426952473
63 0.0000037855318677072396
65 0.00001773141897136357
66 0.00018628059697440975
67 0.00004203784642398019
71 0.00012561808978093188
73 0.00019291377466338104
81 0.0014592567349152566
87 0.0005674688033633956
89 0.00009505729945367397
97 0.00023454039050719067
124 0.00009942778247685315
177 0.0006064048184108491
180 0.00005682431219851005
196 0.0001675808341520189
310 0.0006490679108303783
377 0.0003188377153162591
467 0.00034552605606704003
555 0.0002457554359134993
573 0.0001652752038556845
669 0.0002517877166381117
746 0.0003672140565768559
826 0.0004272224195725296
851 0.00008185705212231243
1037 0.0002709256892452844
1062 0.00025810086072372616
1321 0.0006542092087142864
1621 0.0004338499289216686
1843 0.000393582208037624
1996 0.0005121877518304292
2378 0.0003003233420124021
4257 0.0007775491394993024
5263 0.001746228648835274