1 0.0001309668193588762
9 0.00013633301269468968
13 0.000019487324150714776
16 0.00007545831652538253
33 0.00022662121650080273
34 0.0002171938262751
36 0.00012444579405299303
38 0.00002030576186834168
39 0.00002316889228152431
40 0.0000030020862966775796
41 0.000014853122149744404
43 0.00004945845095106896
45 0.00012982121229608657
49 0.000041620673939093223
51 0.00009373554768150506
52 0.00014497369525357328
63 0.000015142127470828958
65 0.00008865709485681788
66 0.00009314029848720488
72 0.0049399402985157185
76 0.0016030111843102933
81 0.0012768496430508498
87 0.0022698752134535823
89 0.00019011459890734794
100 0.0003059416346523785
104 0.00032827690028667443
115 0.0012359271498484598
130 0.00027274170858643915
144 0.0011839966040116698
146 0.000264773477364449
150 0.00035621126149020904
177 0.00030320240920542457
180 0.00005682431219851005
183 0.0006243870952872076
226 0.0002049311356991152
245 0.000545910268177986
254 0.0004272224195725296
255 0.0005181909241565506
264 0.0006325775717308665
279 0.00022929556638299245
291 0.0003887745697496512
396 0.00019196354460646538
399 0.0002969338431976791
401 0.0007244029227535399
411 0.00022304017535425432
437 0.0006430637382370231
484 0.002582948329949638
613 0.0005194705449015992
851 0.0005729993648561871
1028 0.0014164060573678956
1029 0.0007117482910364039
1037 0.0002709256892452844
1186 0.0012075611868749357
1399 0.006499521601085487
1448 0.0018414174202562431
1468 0.0004120699366150429
1725 0.0008817127075221674
1781 0.0011289948972758254
1910 0.0010376305223591363
3033 0.0004737399020075509
3470 0.000499919615209078
3601 0.0011016421697305678
3716 0.0006758309323565803
4313 0.0007384474589275524
4533 0.0006037805934374678
4661 0.0006758309323565803
5264 0.001746228648835274
5265 0.001746228648835274
5266 0.000873114324417637
5267 0.001746228648835274
5268 0.001746228648835274
5269 0.0007384474589275524
5270 0.000873114324417637