9 0.00003408325317367242
12 0.000769463865116443
13 0.00003247887358452463
22 0.00040252076674493167
34 0.00008687753051003999
36 0.00008296386270199534
38 0.000005801646248097621
39 0.000009267556912609724
40 0.00000900625889003274
41 0.000011139841612308305
42 0.00010288760611871043
43 0.000016486150317022987
44 0.00013635553537529827
48 0.00013154366307515625
49 0.00008324134787818645
51 0.00009373554768150506
55 0.00009700475713476236
57 0.0001250684069607151
63 0.0000037855318677072396
65 0.00001773141897136357
97 0.00023454039050719067
100 0.000611883269304757
144 0.0001691423720016671
226 0.0002049311356991152
263 0.0002338723830583595
264 0.00021085919057695548
270 0.00035955036976865123
271 0.0008975491902947523
274 0.0014468575164264075
287 0.00025810086072372616
307 0.00022550415909059743
347 0.0002479774737404859
363 0.00036332233087023905
391 0.0011096122844998333
396 0.00019196354460646538
411 0.00044608035070850863
468 0.0012544831905522168
494 0.001171932511219166
497 0.00017684408550895013
628 0.00048355146215385347
851 0.00008185705212231243
988 0.0008358162765125703
1001 0.00030739717354226806
1208 0.0010623045430259218
1272 0.0005685167944117531
1285 0.0014532893234809562
1290 0.00031109330472278875
1319 0.002472873310575752
1320 0.000549621148441263
1328 0.004249218172103687
3719 0.0012816672587175888
4147 0.0005685167944117531
5282 0.000873114324417637
5283 0.001746228648835274
5284 0.0007384474589275524
5285 0.000873114324417637
5286 0.0007384474589275524