9 0.00027266602538937937
13 0.000012991549433809848
16 0.00015091663305076506
33 0.00011331060825040136
34 0.000043438765255019996
37 0.0008390392776386578
38 0.000005801646248097621
39 0.000013901335368914586
40 0.00000900625889003274
41 0.000011139841612308305
42 0.000051443803059355216
43 0.00002472922547553448
44 0.00013635553537529827
49 0.000041620673939093223
51 0.00004686777384075253
55 0.0007760380570780989
57 0.0001250684069607151
63 0.0000037855318677072396
65 0.00001773141897136357
67 0.00008407569284796038
72 0.0005292793176981127
73 0.0003858275493267621
75 0.0036174351106780444
76 0.0001335842653591911
87 0.0017024064100901867
104 0.0004924153504300117
125 0.0005365022616985512
144 0.0013531389760133368
180 0.0001136486243970201
243 0.000529546954728898
245 0.000181970089392662
255 0.00017273030805218352
261 0.0002338723830583595
263 0.0007016171491750785
277 0.00019930090227324488
310 0.0006490679108303783
360 0.00019339166635443979
401 0.00108660438413031
452 0.0005529130198929884
468 0.0018817247858283254
469 0.0005332529953860384
494 0.00019532208520319432
495 0.0003753890228061612
551 0.0002832412727662006
596 0.0017219655532997587
608 0.0010316420244163174
851 0.00008185705212231243
988 0.00041790813825628515
1031 0.00042093493558288133
1037 0.0002709256892452844
1058 0.00044828766312813873
1093 0.0007384145119945503
1162 0.0015131811157401073
1285 0.00036332233087023905
1395 0.0001739500102896398
1499 0.000393582208037624
5287 0.002619342973252911
5288 0.0007881489921597373