11 0.0008185038060016722
13 0.000006495774716904924
14 0.00025254616640991854
15 0.0002564879550388143
16 0.00007545831652538253
17 0.0005660837275621661
23 0.0006840560687769785
26 0.00012343399523364164
33 0.00022662121650080273
36 0.00008296386270199534
38 0.000005801646248097621
39 0.00002316889228152431
40 0.0000030020862966775796
41 0.000003713280537436101
42 0.00010288760611871043
43 0.000004121537579255747
44 0.00013635553537529827
45 0.00025964242459217314
51 0.00009373554768150506
63 0.0000037855318677072396
66 0.00009314029848720488
67 0.00004203784642398019
69 0.00023724943034546792
71 0.00012561808978093188
100 0.00015297081732618925
139 0.00028224872431895635
159 0.0001776836714179443
160 0.0005407124828378641
185 0.0002656336848489608
192 0.0003242865707429365
196 0.0001675808341520189
251 0.00044005650644998804
255 0.00034546061610436703
263 0.0002338723830583595
346 0.001772596800296042
352 0.0002958245228348551
368 0.00018686500362842702
430 0.000670954630565474
457 0.0005872711056353866
468 0.00219534558346638
520 0.00016189608767124534
537 0.0003960586369806884
550 0.00025332444879269114
555 0.0004915108718269986
563 0.0005685167944117531
581 0.0007384474589275524
585 0.0003911548205288988
625 0.0019342058486154139
730 0.0013448629893844162
772 0.0002597352724507996
823 0.0009043587776695111
851 0.000040928526061156217
863 0.0018460362799863762
876 0.0003911548205288988
1104 0.0013516618647131605
1321 0.0006542092087142864
1328 0.0007082030286839478
1436 0.0033848602350769748
1468 0.0004120699366150429
1655 0.0005791825675166354
2366 0.002089540691281426
2512 0.007188303393366181
3613 0.008438203918822053
4128 0.001117410468530901
4131 0.0005685167944117531
4473 0.0006758309323565803
4592 0.0006534821266696528
4777 0.01265730587823308
5291 0.00611180027092346
5292 0.000873114324417637
5293 0.000873114324417637
5294 0.000873114324417637
5295 0.000873114324417637
5296 0.0007881489921597373
5297 0.000873114324417637
5298 0.000873114324417637
5299 0.000873114324417637