9 0.00030674927856305184
13 0.000012991549433809848
16 0.00007545831652538253
22 0.0001341735889149772
36 0.00012444579405299303
38 0.000005801646248097621
39 0.000013901335368914586
40 0.00000900625889003274
41 0.000014853122149744404
42 0.00010288760611871043
43 0.00002472922547553448
44 0.00013635553537529827
46 0.0004127192939405039
47 0.00036113023693171874
48 0.00013154366307515625
49 0.000041620673939093223
51 0.00004686777384075253
55 0.00048502378567381193
56 0.00006477729821638932
57 0.0001250684069607151
63 0.0000037855318677072396
65 0.00001773141897136357
67 0.00008407569284796038
68 0.0005829699755420034
73 0.00019291377466338104
100 0.00015297081732618925
115 0.0002059878583080766
124 0.00009942778247685315
144 0.0025371355800250066
150 0.00035621126149020904
161 0.0004887683798320584
177 0.00030320240920542457
180 0.00005682431219851005
209 0.0005791825675166354
210 0.0006403547810939524
214 0.000273659908111955
226 0.0002049311356991152
277 0.00009965045113662244
304 0.00026056072380914035
416 0.0009332799141683663
540 0.0003471938241542892
573 0.0001652752038556845
665 0.0004887683798320584
666 0.00032568748957397626
669 0.00012589385831905585
850 0.0003960586369806884
851 0.00008185705212231243
946 0.0019141901611820944
1080 0.0030910916382196904
1198 0.00044451570202655086
1395 0.0003479000205792796
1617 0.0012691729613983254
2345 0.0005908656000986806
3873 0.003411100766470519
5300 0.003920892760017917
5301 0.000873114324417637
5302 0.000873114324417637
5303 0.006984914595341096