1 0.0001309668193588762
13 0.000019487324150714776
19 0.00013212323419503196
34 0.00008687753051003999
35 0.0007775491394993024
36 0.00004148193135099767
38 0.000005801646248097621
39 0.000018535113825219447
40 0.00001801251778006548
41 0.000014853122149744404
42 0.00015433140917806565
43 0.00001236461273776724
44 0.00013635553537529827
46 0.0005044346925939492
47 0.00045141279616464847
48 0.00013154366307515625
49 0.00012486202181727967
51 0.00004686777384075253
56 0.00019433189464916796
57 0.0001250684069607151
59 0.001204758317069204
63 0.0000037855318677072396
65 0.00001773141897136357
67 0.00004203784642398019
69 0.00047449886069093585
71 0.00025123617956186376
76 0.0001335842653591911
84 0.0002130879622223576
89 0.0005703437967220439
97 0.00023454039050719067
124 0.00009942778247685315
160 0.0003604749885585761
167 0.00045217938883475555
180 0.00005682431219851005
183 0.0002081290317624025
184 0.00040649720137641123
186 0.00025254616640991854
226 0.0002049311356991152
245 0.000181970089392662
247 0.00026056072380914035
277 0.00019930090227324488
283 0.00041790813825628515
357 0.0003438806748054391
360 0.00038678333270887957
377 0.0003188377153162591
379 0.0010316420244163174
538 0.0002852508106156339
556 0.001011800535681562
573 0.0001652752038556845
590 0.0003672140565768559
591 0.00044451570202655086
694 0.0004887683798320584
709 0.0010909668343457566
851 0.00008185705212231243
870 0.0008965753262562775
884 0.0036226835606248072
901 0.0005685167944117531
902 0.0003753890228061612
908 0.001095758249156981
1050 0.0004603543550640608
1060 0.0002852508106156339
1069 0.0006534821266696528
1070 0.0003541015143419739
1115 0.0008746061772762119
1208 0.0003541015143419739
1236 0.000549621148441263
1328 0.0007082030286839478
1397 0.0008408622523832819
1411 0.0005121877518304292
1519 0.00046465581618336337
1529 0.0011456975263667364
1586 0.0003775208863403447
1716 0.002472873310575752
1781 0.00028224872431895635
1876 0.0019604463800089586
2693 0.000424038368775366
2908 0.0007031836599018376
3007 0.0008609827766498793
3470 0.000499919615209078
3717 0.00048355146215385347
3719 0.0004272224195725296
3840 0.0007881489921597373
4172 0.0005258216860189834
4760 0.0004942172352587358
4852 0.0006758309323565803
4874 0.0015762979843194746
5300 0.0006534821266696528
5304 0.000873114324417637
5305 0.007858028919758734
5306 0.001746228648835274