10 0.0004691137279473833
13 0.000019487324150714776
28 0.00025332444879269114
29 0.00026649997158873667
34 0.00008687753051003999
36 0.00004148193135099767
38 0.000005801646248097621
39 0.000004633778456304862
40 0.00000900625889003274
41 0.000011139841612308305
42 0.000051443803059355216
43 0.000016486150317022987
45 0.00012982121229608657
46 0.0001834307973068906
47 0.00031598895731525394
48 0.00013154366307515625
49 0.00012486202181727967
61 0.00035285287846540845
63 0.0000094638296692681
64 0.00018731984297588175
65 0.00005319425691409072
85 0.00024357296170002702
89 0.00009505729945367397
97 0.00046908078101438134
114 0.00021141259586679695
115 0.0002059878583080766
118 0.0021184535620361504
124 0.00009942778247685315
138 0.0003775208863403447
176 0.00033751149866781817
177 0.00015160120460271228
196 0.0001675808341520189
214 0.000273659908111955
225 0.00042093493558288133
245 0.000363940178785324
277 0.00019930090227324488
310 0.00048680093312278375
321 0.00048355146215385347
333 0.0004338499289216686
360 0.0005801749990633194
379 0.0006877613496108782
484 0.0021524569416246984
532 0.0006037805934374678
545 0.0011957583896878615
590 0.0003672140565768559
591 0.00044451570202655086
609 0.00043730308863810597
622 0.0007823096410577976
638 0.00040116683707882124
694 0.0004887683798320584
700 0.0007031836599018376
786 0.00040380304757415875
820 0.00046465581618336337
822 0.0011817312001973612
847 0.0004737399020075509
858 0.0002457554359134993
920 0.0037345885465606067
996 0.0005685167944117531
1000 0.0006534821266696528
1029 0.0007117482910364039
1060 0.0002852508106156339
1066 0.000424038368775366
1075 0.0006037805934374678
1089 0.0006758309323565803
1214 0.000424038368775366
1292 0.002619342973252911
1293 0.002619342973252911
1294 0.000873114324417637
1295 0.000873114324417637
1296 0.0007384474589275524
1297 0.000549621148441263
1298 0.0005685167944117531
1299 0.0006758309323565803
1300 0.0015177008035223431
1301 0.0009884344705174716
1302 0.0005411640668664958
1303 0.0007881489921597373
1304 0.0006037805934374678
1305 0.0018764549117895333
1306 0.002619342973252911
1307 0.000873114324417637
1308 0.002619342973252911
1309 0.0007881489921597373
1310 0.0007266446617404781
1311 0.0007384474589275524
1312 0.000618218327643938
1313 0.000873114324417637
1314 0.0006758309323565803
1315 0.002241438315640694
1316 0.000873114324417637
1317 0.000618218327643938
1318 0.0007881489921597373