1 0.0002619336387177524
9 0.00010224975952101728
16 0.00015091663305076506
19 0.00013212323419503196
34 0.000043438765255019996
38 0.000005801646248097621
39 0.000009267556912609724
40 0.00000900625889003274
41 0.000011139841612308305
42 0.000051443803059355216
43 0.00002885076305479023
44 0.00006817776768764914
46 0.00004585769932672265
49 0.000041620673939093223
51 0.00004686777384075253
55 0.00019400951426952473
63 0.0000094638296692681
65 0.00001773141897136357
67 0.00004203784642398019
71 0.00012561808978093188
72 0.00035285287846540845
73 0.00019291377466338104
76 0.0001335842653591911
89 0.00028517189836102194
104 0.0006565538005733489
115 0.0002059878583080766
124 0.00009942778247685315
175 0.0003753890228061612
177 0.0007580060230135615
179 0.0003086168757797243
180 0.00005682431219851005
245 0.000181970089392662
261 0.000467744766116719
267 0.0002783569986123394
272 0.0004737399020075509
310 0.001135868843953162
347 0.0002479774737404859
367 0.0005347448482446134
391 0.0005548061422499166
396 0.0011517812676387924
401 0.00018110073068838497
411 0.00044608035070850863
486 0.00043730308863810597
644 0.0018546549829318141
669 0.00012589385831905585
691 0.0003038092374917516
851 0.00016371410424462487
915 0.0006458029636839771
920 0.0004149542829511784
1036 0.0003732936031739842
1037 0.0002709256892452844
1060 0.0002852508106156339
1084 0.00036920725599727517
1315 0.00044828766312813873
1395 0.0003479000205792796
1616 0.0005685167944117531
1785 0.00030499358548289365
1791 0.0007881489921597373
1934 0.0005188152611795682
1935 0.001011800535681562
2299 0.0005587052342654505
2544 0.0005685167944117531
3538 0.0005332529953860384
4221 0.0009775367596641168
4288 0.0006758309323565803
4482 0.0007031836599018376
4533 0.0006037805934374678
5317 0.0015762979843194746
5318 0.000873114324417637
5319 0.000873114324417637
5320 0.000873114324417637
5321 0.0007881489921597373
5322 0.001746228648835274