1 0.0001309668193588762
9 0.00017041626586836213
13 0.000019487324150714776
16 0.00015091663305076506
19 0.00013212323419503196
22 0.0002683471778299544
26 0.00012343399523364164
30 0.0006654795340367597
34 0.000043438765255019996
38 0.000008702469372146433
39 0.000013901335368914586
40 0.000006004172593355159
41 0.000007426561074872202
42 0.000051443803059355216
43 0.000020607687896278735
46 0.0000917153986534453
47 0.00004514127961646484
49 0.000041620673939093223
51 0.00009373554768150506
63 0.00000567829780156086
65 0.00001773141897136357
67 0.00004203784642398019
72 0.00035285287846540845
89 0.00009505729945367397
100 0.00015297081732618925
107 0.0002049311356991152
113 0.0002226669674373353
124 0.00009942778247685315
136 0.0008776666622473353
150 0.00035621126149020904
180 0.00005682431219851005
253 0.0002472323099654942
261 0.0007016171491750785
299 0.0009474798040151018
310 0.00032453395541518913
324 0.0003753890228061612
396 0.0007678541784258615
666 0.00032568748957397626
836 0.000549621148441263
851 0.00016371410424462487
858 0.0002457554359134993
1550 0.000499919615209078
1898 0.0006345864806991627
1924 0.0007881489921597373
2636 0.00044451570202655086
2836 0.0009474798040151018
4204 0.00045619873460859607
5300 0.0006534821266696528
5323 0.000873114324417637
5324 0.000873114324417637
5325 0.0013516618647131605
5326 0.000873114324417637
5327 0.000873114324417637