2 0.00034546061610436703
9 0.00010224975952101728
13 0.000019487324150714776
15 0.0002564879550388143
16 0.00015091663305076506
19 0.00013212323419503196
22 0.0001341735889149772
26 0.0004937359809345666
28 0.0007599733463780734
34 0.000043438765255019996
36 0.00008296386270199534
38 0.000005801646248097621
39 0.000018535113825219447
40 0.000015010431483387899
41 0.000011139841612308305
43 0.00001236461273776724
44 0.000477244373813544
46 0.0003210038952870586
48 0.00013154366307515625
51 0.00004686777384075253
56 0.0002591091928655573
63 0.0000037855318677072396
65 0.00003546283794272714
66 0.00009314029848720488
104 0.00016413845014333722
113 0.0002226669674373353
123 0.000188234616351904
124 0.00009942778247685315
132 0.002790102909271677
135 0.00029805329448025724
149 0.001866468015869921
160 0.00018023749427928805
165 0.0009020166363623897
171 0.0002737223581753738
185 0.0002656336848489608
226 0.0002049311356991152
230 0.0002958245228348551
245 0.000181970089392662
260 0.0003818991754555788
264 0.00042171838115391097
275 0.0004120699366150429
277 0.00019930090227324488
286 0.0001987752449196317
294 0.0007971722597919076
310 0.00016226697770759457
324 0.0003753890228061612
363 0.00036332233087023905
379 0.0003438806748054391
391 0.0005548061422499166
392 0.0002969338431976791
401 0.0007244029227535399
416 0.00031109330472278875
475 0.003435216841113562
520 0.00016189608767124534
543 0.0015842345479227535
544 0.0004785475402955236
551 0.0002832412727662006
572 0.00033907303651746636
580 0.0004408563537610837
641 0.000393582208037624
643 0.000505900267840781
666 0.000977062468721929
671 0.0005194705449015992
703 0.0002862680700927968
716 0.0006272415952761084
749 0.0004603543550640608
800 0.0036922372946377622
803 0.0002597352724507996
851 0.00008185705212231243
919 0.0007031836599018376
1024 0.000505900267840781
1029 0.0014234965820728077
1050 0.0004603543550640608
1063 0.002594076305897841
1341 0.0006534821266696528
1348 0.000618218327643938
1450 0.00032568748957397626
1476 0.0006534821266696528
1495 0.0004691137279473833
1629 0.001291474164974819
1636 0.0009207087101281216
1696 0.0004887683798320584
2191 0.0005908656000986806
2513 0.0006345864806991627
2952 0.0007881489921597373
3092 0.0004338499289216686
3201 0.0005411640668664958
3556 0.003515918299509189
3777 0.0004785475402955236
3860 0.0014063673198036752
4824 0.000618218327643938
5213 0.0013069642533393056
5300 0.007188303393366181
5328 0.002619342973252911
5329 0.000873114324417637
5330 0.000873114324417637
5331 0.000873114324417637
5332 0.0007881489921597373
5333 0.000873114324417637
5334 0.000873114324417637
5335 0.000873114324417637
5336 0.007881489921597373
5337 0.0013516618647131605
5338 0.00886136950713063
5339 0.0007881489921597373
5340 0.000873114324417637