2 0.00017273030805218352
9 0.00013633301269468968
13 0.00003897464830142955
14 0.00025254616640991854
15 0.0002564879550388143
19 0.00039636970258509594
21 0.0001430533573344265
30 0.00022182651134558653
34 0.00008687753051003999
35 0.0007775491394993024
36 0.00004148193135099767
38 0.000005801646248097621
39 0.000027802670737829172
40 0.000012008345186710319
41 0.000014853122149744404
42 0.00020577521223742086
43 0.000045336913371813215
44 0.00020453330306294742
46 0.0005044346925939492
47 0.00045141279616464847
48 0.0002630873261503125
49 0.0002913447175736526
51 0.00042180996456677285
52 0.00014497369525357328
55 0.00009700475713476236
56 0.00012955459643277864
57 0.0001250684069607151
63 0.0000037855318677072396
65 0.00001773141897136357
66 0.00027942089546161464
67 0.00016815138569592077
69 0.0007117482910364039
70 0.00035233775638020634
71 0.00037685426934279566
72 0.0031756759061886764
73 0.0003858275493267621
76 0.0002671685307183822
81 0.0005472212755932213
87 0.0001891562677877985
89 0.00019011459890734794
104 0.00032827690028667443
113 0.00011133348371866765
123 0.000188234616351904
144 0.0001691423720016671
158 0.00028424192373937554
171 0.00041058353726306076
177 0.00015160120460271228
179 0.0006172337515594486
180 0.00017047293659553015
196 0.0001675808341520189
230 0.0002958245228348551
251 0.00022002825322499402
259 0.00025891534254753946
264 0.00021085919057695548
286 0.0005963257347588951
292 0.0002914849877710017
309 0.0003003233420124021
347 0.0004959549474809718
352 0.0002958245228348551
368 0.00018686500362842702
377 0.0003188377153162591
391 0.0005548061422499166
396 0.00019196354460646538
399 0.0011877353727907164
401 0.00018110073068838497
442 0.0003242865707429365
493 0.00046908078101438134
494 0.001757898766828749
496 0.0002464916487181342
497 0.00017684408550895013
550 0.00025332444879269114
554 0.0003985861298959538
573 0.000330550407711369
669 0.00012589385831905585
671 0.0002597352724507996
750 0.0003344468624572988
753 0.0002783569986123394
779 0.0006052724462960429
803 0.0007792058173523988
815 0.006158618726098162
851 0.00008185705212231243
868 0.0005418513784905688
1029 0.0009489977213818717
1060 0.0002852508106156339
1062 0.0007743025821711785
1120 0.0005894503033351281
1271 0.0007305054994379872
1283 0.0006781460730349327
1285 0.00036332233087023905
1358 0.00593060682310483
1395 0.0001739500102896398
1429 0.0006345864806991627
1442 0.0026030995735300115
1446 0.0007191007395373025
1591 0.0018764549117895333
1785 0.00030499358548289365
2158 0.0007881489921597373
4187 0.0007881489921597373
4201 0.0009382274558947666
4253 0.0006037805934374678
4450 0.0005332529953860384
4609 0.0005332529953860384
5341 0.000873114324417637
5342 0.011350486217429281
5343 0.000873114324417637
5344 0.000873114324417637
5345 0.000873114324417637
5346 0.000873114324417637
5347 0.000873114324417637
5348 0.000873114324417637
5349 0.0005587052342654505
5350 0.000873114324417637
5351 0.000873114324417637
5352 0.007093340929437637
5353 0.000873114324417637