9 0.00023858277221570697
13 0.00006495774716904926
21 0.0001430533573344265
26 0.00012343399523364164
30 0.0008873060453823461
34 0.000043438765255019996
38 0.000005801646248097621
39 0.000018535113825219447
40 0.00000900625889003274
41 0.000014853122149744404
42 0.00010288760611871043
43 0.00004945845095106896
44 0.00013635553537529827
46 0.0004127192939405039
47 0.00036113023693171874
48 0.00013154366307515625
49 0.000041620673939093223
51 0.00004686777384075253
55 0.00009700475713476236
56 0.00006477729821638932
57 0.0001250684069607151
63 0.0000037855318677072396
65 0.00001773141897136357
66 0.00009314029848720488
67 0.00008407569284796038
73 0.00019291377466338104
76 0.0005343370614367644
81 0.0016416638267796638
97 0.00023454039050719067
104 0.0008206922507166863
123 0.000188234616351904
124 0.00009942778247685315
150 0.00035621126149020904
176 0.00033751149866781817
177 0.00015160120460271228
179 0.0003086168757797243
180 0.00005682431219851005
230 0.0002958245228348551
251 0.00022002825322499402
264 0.00021085919057695548
289 0.000742466804701393
377 0.0003188377153162591
401 0.0014488058455070798
573 0.0001652752038556845
608 0.0010316420244163174
669 0.00012589385831905585
753 0.0002783569986123394
779 0.00030263622314802144
847 0.0028424394120453054
851 0.00008185705212231243
1060 0.0002852508106156339
1325 0.00031235053690802886
1395 0.0001739500102896398
1442 0.0004338499289216686
1499 0.000787164416075248
1616 0.0005685167944117531
1827 0.00041790813825628515
2378 0.0003003233420124021
4279 0.0007031836599018376
5300 0.0013069642533393056
5354 0.000873114324417637