0 0.00019243773886705868
1 0.001178701374229886
2 0.0005181909241565506
9 0.00006816650634734484
11 0.0008185038060016722
13 0.000012991549433809848
16 0.00015091663305076506
17 0.0003773891517081107
21 0.0001430533573344265
22 0.0002683471778299544
26 0.0002468679904672833
33 0.00011331060825040136
36 0.00016592772540399069
37 0.00020975981940966445
39 0.000009267556912609724
40 0.00000900625889003274
41 0.000018566402687180508
42 0.000051443803059355216
43 0.00001236461273776724
44 0.00027271107075059654
45 0.00012982121229608657
46 0.00045857699326722653
47 0.00009028255923292969
48 0.0014469802938267189
49 0.00012486202181727967
51 0.0002812066430445152
55 0.00019400951426952473
56 0.0005182183857311146
57 0.0001250684069607151
59 0.0008031722113794693
63 0.0000037855318677072396
65 0.00003546283794272714
74 0.00030499358548289365
81 0.00018240709186440708
89 0.00019011459890734794
99 0.0016355230217857163
100 0.0004589124519785678
107 0.0008197245427964607
113 0.00011133348371866765
115 0.0002059878583080766
117 0.0004338499289216686
122 0.00018417084982617462
123 0.000188234616351904
124 0.00029828334743055946
139 0.00028224872431895635
151 0.0003359696033249817
156 0.0004338499289216686
158 0.0022739353899150043
159 0.0008884183570897217
165 0.00022550415909059743
177 0.00015160120460271228
180 0.0001136486243970201
186 0.00025254616640991854
193 0.0005872711056353866
196 0.0005027425024560568
197 0.0002904236905482616
226 0.0002049311356991152
243 0.000264773477364449
247 0.00026056072380914035
253 0.0002472323099654942
265 0.0004120699366150429
277 0.00039860180454648976
279 0.00022929556638299245
282 0.00305519340364463
286 0.0001987752449196317
288 0.001140093447961631
291 0.0003887745697496512
293 0.0003285382939579267
300 0.0004120699366150429
303 0.0009775367596641168
306 0.001291474164974819
309 0.0006006466840248042
319 0.00045619873460859607
333 0.0004338499289216686
347 0.0002479774737404859
352 0.0005916490456697102
355 0.0009775367596641168
366 0.00034225708731462997
372 0.00043730308863810597
375 0.00025891534254753946
376 0.00034065472379816113
396 0.00019196354460646538
413 0.00024142866684252312
428 0.0004603543550640608
431 0.00037969048392546374
435 0.0004603543550640608
442 0.0009728597122288095
445 0.00023123617256302196
459 0.0019342058486154139
467 0.00034552605606704003
471 0.00045619873460859607
494 0.00019532208520319432
498 0.0003558910215031841
506 0.0008975491902947523
507 0.00027274170858643915
508 0.0010730045233971024
512 0.00285761271010204
520 0.00016189608767124534
555 0.0002457554359134993
557 0.0021201918438768304
558 0.0003775208863403447
573 0.000330550407711369
585 0.0007823096410577976
594 0.0003438806748054391
602 0.001117410468530901
648 0.0003201773905469762
658 0.0003841483956894837
669 0.0002517877166381117
671 0.0002597352724507996
678 0.0013810630651921825
703 0.0002862680700927968
709 0.002454675377277953
721 0.0008965753262562775
729 0.0004691137279473833
730 0.009414040925690915
766 0.0004785475402955236
772 0.0005194705449015992
782 0.00036142184220439385
803 0.0002597352724507996
810 0.00043730308863810597
818 0.0009884344705174716
823 0.00045217938883475555
847 0.0004737399020075509
858 0.000737266307740498
871 0.0003960586369806884
879 0.0002958245228348551
893 0.0003775208863403447
915 0.0012916059273679543
916 0.0004942172352587358
920 0.0004149542829511784
928 0.0008023336741576425
953 0.0005188152611795682
979 0.0004338499289216686
988 0.00041790813825628515
1001 0.00030739717354226806
1029 0.00023724943034546792
1030 0.0004338499289216686
1037 0.0002709256892452844
1093 0.00036920725599727517
1107 0.0004272224195725296
1113 0.002234820937061802
1141 0.00041790813825628515
1187 0.00035770704084433884
1305 0.0004691137279473833
1310 0.00036332233087023905
1330 0.0003960586369806884
1397 0.00028028741746109395
1398 0.0008076060951483175
1417 0.0007823096410577976
1446 0.00035955036976865123
1486 0.00046465581618336337
1525 0.0005332529953860384
1526 0.000505900267840781
1622 0.00043049138832493966
1629 0.00043049138832493966
1650 0.0008358162765125703
1674 0.0004338499289216686
1701 0.000505900267840781
1798 0.0005258216860189834
1827 0.00041790813825628515
1843 0.000393582208037624
1854 0.0005587052342654505
1905 0.0017055503832352594
2014 0.004814329447276148
2015 0.000499919615209078
2016 0.000505900267840781
2213 0.00044451570202655086
2214 0.004266023963088307
2260 0.00045619873460859607
2322 0.0005685167944117531
2336 0.0004691137279473833
2483 0.0005587052342654505
2491 0.0005332529953860384
2600 0.0010243755036608584
2654 0.0004785475402955236
2697 0.002407001022472928
2700 0.00040380304757415875
3007 0.00043049138832493966
3079 0.000549621148441263
3150 0.0005587052342654505
3908 0.0005587052342654505
4169 0.000424038368775366
4456 0.0036174351106780444
4656 0.001117410468530901
4658 0.0005685167944117531
4760 0.0004942172352587358
4773 0.0005258216860189834
4925 0.000499919615209078
5192 0.0005685167944117531
5349 0.0005587052342654505
5355 0.0005791825675166354
5356 0.0005791825675166354
5357 0.0034750954050998127
5358 0.0011583651350332708
5359 0.0005791825675166354
5360 0.0005791825675166354
5361 0.0005791825675166354
5362 0.000549621148441263
5363 0.0005791825675166354
5364 0.0005791825675166354
5365 0.0005791825675166354
5366 0.0005791825675166354
5367 0.0023167302700665415
5368 0.0005791825675166354
5369 0.0005791825675166354
5370 0.0011583651350332708
5371 0.0005791825675166354
5372 0.0005791825675166354
5373 0.0005791825675166354
5374 0.0005791825675166354
5375 0.0005791825675166354
5376 0.0005791825675166354
5377 0.0005791825675166354
5378 0.0005791825675166354
5379 0.0005791825675166354
5380 0.0011583651350332708
5381 0.0005791825675166354
5382 0.0005791825675166354