0 0.00019243773886705868
1 0.0001309668193588762
2 0.00017273030805218352
3 0.00037969048392546374
4 0.00035233775638020634
5 0.0002365665368606119
6 0.0002400196965770493
7 0.000233207996263883
8 0.00028224872431895635
9 0.00017041626586836213
13 0.00003247887358452463
20 0.0004929832974362684
21 0.000286106714668853
22 0.0002683471778299544
36 0.00004148193135099767
38 0.000008702469372146433
39 0.000009267556912609724
40 0.000012008345186710319
41 0.000014853122149744404
42 0.00015433140917806565
43 0.000045336913371813215
44 0.00013635553537529827
45 0.00012982121229608657
46 0.00027514619596033594
47 0.00031598895731525394
48 0.00013154366307515625
49 0.00008324134787818645
51 0.00004686777384075253
52 0.00028994739050714656
55 0.00019400951426952473
56 0.00012955459643277864
57 0.0002501368139214302
58 0.0008237551125322549
59 0.000602379158534602
60 0.0002572917550567303
61 0.00035285287846540845
63 0.0000018927659338536198
64 0.00018731984297588175
65 0.00001773141897136357
67 0.00004203784642398019
73 0.0003858275493267621
74 0.00030499358548289365
81 0.0005472212755932213
85 0.00048714592340005404
87 0.0001891562677877985
91 0.0005188152611795682
105 0.0003314569809760339
114 0.00021141259586679695
118 0.0030263622314802147
124 0.00009942778247685315
130 0.00027274170858643915
154 0.0003314569809760339
183 0.0006243870952872076
196 0.0001675808341520189
197 0.0002904236905482616
411 0.00022304017535425432
437 0.00032153186911851154
438 0.0007191007395373025
469 0.0005332529953860384
497 0.00017684408550895013
511 0.0005908656000986806
642 0.0031101965579972096
650 0.000549621148441263
716 0.0003136207976380542
803 0.0002597352724507996
915 0.00032290148184198857
980 0.0029065786469619124
1036 0.0007465872063479684
1057 0.0004338499289216686
1276 0.00048355146215385347
1319 0.002472873310575752
1320 0.002198484593765052
1321 0.0006542092087142864
1322 0.0014212197060226527
1323 0.000873114324417637
1324 0.000873114324417637
1325 0.00031235053690802886