9 0.00020449951904203455
13 0.000006495774716904924
19 0.00013212323419503196
22 0.0001341735889149772
33 0.00011331060825040136
34 0.0002171938262751
36 0.00012444579405299303
37 0.0004195196388193289
38 0.000014504115620244055
39 0.000009267556912609724
40 0.000006004172593355159
41 0.000007426561074872202
42 0.00015433140917806565
43 0.000020607687896278735
46 0.0000917153986534453
47 0.00004514127961646484
51 0.00004686777384075253
56 0.00006477729821638932
61 0.00035285287846540845
63 0.00000567829780156086
65 0.00001773141897136357
67 0.00008407569284796038
84 0.0004261759244447152
104 0.00016413845014333722
125 0.0002682511308492756
159 0.0001776836714179443
171 0.0001368611790876869
180 0.0001136486243970201
217 0.001291474164974819
222 0.0003841483956894837
229 0.0005121877518304292
277 0.00009965045113662244
286 0.0001987752449196317
287 0.00025810086072372616
288 0.0006840560687769785
356 0.00040649720137641123
457 0.0014681777640884667
466 0.000549621148441263
476 0.00045619873460859607
497 0.00017684408550895013
498 0.0003558910215031841
507 0.00027274170858643915
508 0.0005365022616985512
537 0.0003960586369806884
538 0.0005705016212312678
586 0.0006037805934374678
709 0.0008182251257593176
715 0.0004092519030008361
719 0.00048355146215385347
749 0.0004603543550640608
786 0.00040380304757415875
851 0.00016371410424462487
869 0.0005188152611795682
898 0.000602948655181911
911 0.0004120699366150429
922 0.00043730308863810597
942 0.00043730308863810597
980 0.00036332233087023905
987 0.0005685167944117531
1042 0.0015997589861581152
1135 0.005517042945118162
1585 0.003515918299509189
1662 0.0005587052342654505
1673 0.0007384474589275524
1981 0.0014826517057762074
2034 0.0026291084300949174
2042 0.0005332529953860384
3181 0.0007881489921597373
3690 0.0006758309323565803
4922 0.001117410468530901
4923 0.0006758309323565803
5383 0.00873114324417637
5384 0.002619342973252911