1 0.0001309668193588762
2 0.00017273030805218352
9 0.00003408325317367242
13 0.000006495774716904924
16 0.00015091663305076506
19 0.00013212323419503196
21 0.0001430533573344265
26 0.00012343399523364164
29 0.00026649997158873667
34 0.000043438765255019996
38 0.000011603292496195242
39 0.000009267556912609724
40 0.00000900625889003274
41 0.000007426561074872202
43 0.000004121537579255747
46 0.00004585769932672265
51 0.00009373554768150506
61 0.00017642643923270423
63 0.00000567829780156086
65 0.00001773141897136357
71 0.00012561808978093188
72 0.00035285287846540845
73 0.00019291377466338104
76 0.0001335842653591911
87 0.0005674688033633956
89 0.00009505729945367397
180 0.00005682431219851005
286 0.0001987752449196317
307 0.00022550415909059743
310 0.00032453395541518913
347 0.0002479774737404859
391 0.000832209213374875
392 0.0002969338431976791
399 0.0011877353727907164
401 0.000543302192065155
413 0.00024142866684252312
416 0.00031109330472278875
430 0.00022365154352182467
475 0.0031489487710207654
493 0.00046908078101438134
608 0.002407164723638074
625 0.00048355146215385347
634 0.0005188152611795682
851 0.00016371410424462487
858 0.0002457554359134993
863 0.00036920725599727517
1328 0.0031869136290777656
1395 0.0003479000205792796
1450 0.00032568748957397626
2366 0.00041790813825628515
2378 0.0006006466840248042
3092 0.0004338499289216686
3777 0.0004785475402955236
4609 0.0005332529953860384
5385 0.0014063673198036752