9 0.00010224975952101728
12 0.0002564879550388143
13 0.000012991549433809848
16 0.00007545831652538253
21 0.000286106714668853
22 0.0001341735889149772
26 0.000370301985700925
34 0.00008687753051003999
36 0.00016592772540399069
38 0.000014504115620244055
39 0.000013901335368914586
40 0.000012008345186710319
41 0.000003713280537436101
42 0.000051443803059355216
43 0.00002472922547553448
46 0.0000917153986534453
47 0.00013542383884939454
48 0.00013154366307515625
49 0.00008324134787818645
51 0.00023433886920376268
56 0.00006477729821638932
63 0.00000567829780156086
65 0.00001773141897136357
67 0.00004203784642398019
81 0.00018240709186440708
89 0.00009505729945367397
113 0.00033400045115600295
124 0.00009942778247685315
135 0.0005961065889605145
136 0.0017553333244946707
144 0.0003382847440033342
158 0.0008527257712181266
160 0.00018023749427928805
180 0.00005682431219851005
196 0.0003351616683040378
197 0.0002904236905482616
226 0.0002049311356991152
230 0.0002958245228348551
270 0.00035955036976865123
271 0.00029918306343158405
274 0.0020256005229969706
277 0.00019930090227324488
286 0.0001987752449196317
347 0.0002479774737404859
368 0.00018686500362842702
375 0.00025891534254753946
377 0.0003188377153162591
391 0.0005548061422499166
396 0.0005758906338193962
399 0.0002969338431976791
493 0.00023454039050719067
494 0.0009766104260159718
497 0.00017684408550895013
520 0.00016189608767124534
531 0.000618218327643938
555 0.0002457554359134993
573 0.000330550407711369
613 0.0002597352724507996
826 0.0004272224195725296
851 0.00016371410424462487
854 0.005258216860189835
1082 0.00043730308863810597
1084 0.0011076217679918256
1177 0.0005188152611795682
1198 0.0008890314040531017
1236 0.000549621148441263
1280 0.00032568748957397626
1290 0.0009332799141683663
1328 0.0021246090860518436
1413 0.0004149542829511784
1550 0.000499919615209078
2199 0.0004785475402955236
2378 0.0006006466840248042
4245 0.0012691729613983254
4654 0.000618218327643938
4954 0.0007031836599018376
5240 0.0007881489921597373
5386 0.003492457297670548
5387 0.000873114324417637
5388 0.0006758309323565803
5389 0.000873114324417637
5390 0.000873114324417637
5391 0.000873114324417637