9 0.00023858277221570697
13 0.000025983098867619697
16 0.00007545831652538253
19 0.00013212323419503196
21 0.0001430533573344265
33 0.00011331060825040136
34 0.000043438765255019996
36 0.00012444579405299303
38 0.000005801646248097621
39 0.000009267556912609724
40 0.00000900625889003274
41 0.000014853122149744404
42 0.00010288760611871043
43 0.000020607687896278735
44 0.00013635553537529827
46 0.0004127192939405039
47 0.00036113023693171874
48 0.00013154366307515625
49 0.00008324134787818645
51 0.00004686777384075253
55 0.00009700475713476236
56 0.00019433189464916796
57 0.0001250684069607151
63 0.0000037855318677072396
65 0.00003546283794272714
67 0.00004203784642398019
72 0.0005292793176981127
74 0.00030499358548289365
87 0.000378312535575597
89 0.00009505729945367397
135 0.00029805329448025724
136 0.0002925555540824451
144 0.0001691423720016671
180 0.00005682431219851005
226 0.0002049311356991152
253 0.0002472323099654942
254 0.0004272224195725296
261 0.000467744766116719
347 0.0004959549474809718
413 0.00024142866684252312
466 0.000549621148441263
505 0.0006719392066499634
506 0.0005983661268631681
507 0.001363708542932196
508 0.0005365022616985512
512 0.0006350250466893421
520 0.00016189608767124534
554 0.0003985861298959538
573 0.0001652752038556845
608 0.0003438806748054391
669 0.00012589385831905585
709 0.0005454834171728783
851 0.00008185705212231243
902 0.0003753890228061612
1115 0.00043730308863810597
1187 0.00035770704084433884
1271 0.0003652527497189936
1321 0.0003271046043571432
1325 0.00281115483217226
1328 0.0010623045430259218
1397 0.00028028741746109395
1413 0.0004149542829511784
2640 0.0008746061772762119
3293 0.0023634624003947224
4221 0.0004887683798320584
4421 0.0006758309323565803
4751 0.0007031836599018376