0 0.00019243773886705868
1 0.0001309668193588762
2 0.00017273030805218352
5 0.0002365665368606119
6 0.0002400196965770493
7 0.000233207996263883
12 0.0002564879550388143
13 0.00003897464830142955
14 0.00025254616640991854
15 0.0002564879550388143
26 0.00012343399523364164
29 0.00026649997158873667
30 0.00044365302269117307
36 0.00004148193135099767
38 0.000005801646248097621
39 0.000009267556912609724
40 0.000015010431483387899
41 0.000011139841612308305
42 0.000051443803059355216
43 0.00001236461273776724
46 0.00022928849663361327
47 0.00022570639808232424
49 0.000041620673939093223
51 0.00004686777384075253
52 0.00014497369525357328
55 0.00009700475713476236
61 0.00035285287846540845
63 0.0000037855318677072396
84 0.0002130879622223576
89 0.00009505729945367397
107 0.0002049311356991152
123 0.000188234616351904
138 0.0003775208863403447
160 0.00018023749427928805
165 0.00022550415909059743
171 0.0001368611790876869
247 0.00026056072380914035
250 0.0003712334023506965
268 0.00048355146215385347
272 0.0004737399020075509
277 0.00029895135340986733
332 0.004442105364894139
452 0.0002764565099464942
476 0.0013685962038257882
477 0.001903759442097488
486 0.0013119092659143181
497 0.00017684408550895013
520 0.00016189608767124534
538 0.0002852508106156339
569 0.00042093493558288133
589 0.0004737399020075509
590 0.0003672140565768559
591 0.00044451570202655086
609 0.00043730308863810597
644 0.000618218327643938
697 0.0004691137279473833
716 0.0003136207976380542
772 0.0002597352724507996
779 0.00030263622314802144
820 0.0013939674485500902
821 0.001903759442097488
854 0.0021032867440759335
875 0.0003841483956894837
915 0.00032290148184198857
1029 0.00047449886069093585
1052 0.0005258216860189834
1283 0.0010172191095523992
1305 0.0004691137279473833
1315 0.00044828766312813873
1326 0.0006534821266696528
1327 0.0006534821266696528
1328 0.0028328121147357913
1329 0.000873114324417637
1330 0.0003960586369806884
1331 0.000549621148441263