9 0.00023858277221570697
13 0.000006495774716904924
16 0.00007545831652538253
19 0.0005284929367801278
33 0.00011331060825040136
34 0.00008687753051003999
36 0.00004148193135099767
38 0.000005801646248097621
39 0.000018535113825219447
40 0.00000900625889003274
41 0.000014853122149744404
42 0.00010288760611871043
43 0.000020607687896278735
44 0.00013635553537529827
46 0.0005044346925939492
47 0.00045141279616464847
48 0.00013154366307515625
49 0.000041620673939093223
51 0.00004686777384075253
56 0.00012955459643277864
63 0.0000037855318677072396
65 0.00003546283794272714
66 0.00018628059697440975
67 0.00008407569284796038
69 0.00023724943034546792
71 0.00012561808978093188
72 0.0005292793176981127
76 0.0004007527960775733
87 0.000378312535575597
94 0.0004785475402955236
100 0.00015297081732618925
104 0.00016413845014333722
113 0.00011133348371866765
124 0.00009942778247685315
154 0.0006629139619520678
177 0.00015160120460271228
180 0.0001136486243970201
183 0.000416258063524805
243 0.000264773477364449
255 0.00017273030805218352
261 0.000467744766116719
277 0.00009965045113662244
286 0.0001987752449196317
493 0.00023454039050719067
494 0.00019532208520319432
497 0.00035368817101790026
520 0.00016189608767124534
554 0.0003985861298959538
573 0.0001652752038556845
596 0.00043049138832493966
613 0.0007792058173523988
851 0.00008185705212231243
873 0.0011390714517763912
1029 0.0009489977213818717
1271 0.0003652527497189936
1321 0.0003271046043571432
1325 0.006247010738160578
1524 0.0005791825675166354
1586 0.0015100835453613788
1788 0.0008241398732300858
2128 0.0017492123545524239
2129 0.0015564457835387047
2640 0.0008746061772762119
2722 0.00041790813825628515
3092 0.0004338499289216686
4201 0.0004691137279473833
4221 0.0004887683798320584
5392 0.000873114324417637