9 0.00020449951904203455
13 0.000012991549433809848
16 0.00007545831652538253
19 0.001189109107755288
21 0.0001430533573344265
22 0.0001341735889149772
36 0.00004148193135099767
38 0.000005801646248097621
39 0.000009267556912609724
40 0.00000900625889003274
41 0.000011139841612308305
42 0.000051443803059355216
43 0.00001236461273776724
44 0.00013635553537529827
46 0.00022928849663361327
47 0.00022570639808232424
55 0.00009700475713476236
57 0.0001250684069607151
63 0.00000567829780156086
65 0.00001773141897136357
66 0.00009314029848720488
67 0.00008407569284796038
84 0.0002130879622223576
89 0.00009505729945367397
115 0.0002059878583080766
124 0.00009942778247685315
144 0.0003382847440033342
179 0.0003086168757797243
180 0.00005682431219851005
255 0.00017273030805218352
263 0.0002338723830583595
292 0.0002914849877710017
352 0.0002958245228348551
438 0.0010786511093059537
439 0.0003314569809760339
497 0.00035368817101790026
520 0.00016189608767124534
669 0.00012589385831905585
851 0.00008185705212231243
1010 0.0030731265109825755
1325 0.0018741032214481734
1358 0.0004942172352587358
1650 0.00041790813825628515
2640 0.00043730308863810597
4221 0.0004887683798320584