9 0.00027266602538937937
13 0.00011042817018738374
16 0.00022637494957614764
18 0.00047449886069093585
22 0.0002683471778299544
27 0.00033751149866781817
34 0.00013031629576506
36 0.00004148193135099767
38 0.000005801646248097621
39 0.000004633778456304862
40 0.00000900625889003274
41 0.000011139841612308305
42 0.00015433140917806565
43 0.000020607687896278735
44 0.00013635553537529827
46 0.00013757309798016797
47 0.00013542383884939454
51 0.0001406033215222576
52 0.00028994739050714656
55 0.00048502378567381193
56 0.00012955459643277864
57 0.0002501368139214302
63 0.0000037855318677072396
65 0.00001773141897136357
84 0.0002130879622223576
113 0.0002226669674373353
122 0.00018417084982617462
123 0.000188234616351904
124 0.00009942778247685315
158 0.0017054515424362532
171 0.0002737223581753738
177 0.0009096072276162738
214 0.00054731981622391
230 0.0002958245228348551
243 0.000264773477364449
263 0.0002338723830583595
264 0.0008434367623078219
265 0.0004120699366150429
288 0.00045603737918465233
292 0.0011659399510840069
304 0.00026056072380914035
320 0.00029472515166756405
353 0.0018769451140308064
368 0.00018686500362842702
401 0.00018110073068838497
441 0.002407164723638074
494 0.00019532208520319432
497 0.00035368817101790026
537 0.0003960586369806884
544 0.0004785475402955236
549 0.0008076060951483175
563 0.0005685167944117531
608 0.0003438806748054391
669 0.0003776815749571676
703 0.0005725361401855936
803 0.0002597352724507996
851 0.00008185705212231243
875 0.0007682967913789674
1154 0.0003960586369806884
1208 0.0003541015143419739
1297 0.000549621148441263
1300 0.000505900267840781
1538 0.00046465581618336337
1781 0.00028224872431895635
1814 0.0006345864806991627
2172 0.0006758309323565803
2637 0.00043049138832493966
2760 0.0005908656000986806
3208 0.0006813094475963223
3719 0.0004272224195725296
5149 0.0007384474589275524
5393 0.0006758309323565803