9 0.00020449951904203455
13 0.00003897464830142955
16 0.00015091663305076506
22 0.0001341735889149772
26 0.00012343399523364164
29 0.00026649997158873667
30 0.00044365302269117307
34 0.00013031629576506
36 0.00004148193135099767
38 0.000011603292496195242
39 0.000009267556912609724
40 0.00000900625889003274
41 0.000011139841612308305
43 0.00001236461273776724
46 0.00013757309798016797
47 0.00013542383884939454
51 0.00004686777384075253
63 0.000007571063735414479
65 0.00001773141897136357
67 0.00008407569284796038
71 0.00012561808978093188
88 0.0004974543902408237
124 0.00009942778247685315
125 0.0008047533925478269
143 0.00032998895069327885
150 0.00035621126149020904
180 0.00005682431219851005
217 0.0008609827766498793
224 0.005711278326292465
360 0.00019339166635443979
401 0.00036220146137676994
430 0.00022365154352182467
445 0.0004624723451260439
457 0.0002936355528176933
476 0.00045619873460859607
491 0.001244373218891155
497 0.00035368817101790026
505 0.0006719392066499634
506 0.0005983661268631681
508 0.0005365022616985512
547 0.005169132212492868
669 0.00012589385831905585
709 0.002454675377277953
751 0.0013810630651921825
851 0.0002455711563669373
898 0.0003014743275909555
928 0.00040116683707882124
1062 0.00025810086072372616
1112 0.0003672140565768559
1397 0.00028028741746109395
1398 0.00040380304757415875
1445 0.0017055503832352594
2014 0.0013755226992217563
3945 0.0019604463800089586
4922 0.0016761157027963517
5394 0.001746228648835274
5395 0.000873114324417637
5396 0.000873114324417637
5397 0.000873114324417637
5398 0.000873114324417637
5399 0.000873114324417637
5400 0.0007881489921597373
5401 0.0007881489921597373