1 0.0002619336387177524
9 0.00017041626586836213
13 0.000025983098867619697
16 0.00015091663305076506
19 0.0002642464683900639
22 0.0001341735889149772
26 0.00012343399523364164
30 0.0019964386021102793
34 0.00008687753051003999
37 0.00020975981940966445
38 0.000008702469372146433
39 0.000013901335368914586
40 0.000012008345186710319
41 0.000014853122149744404
42 0.00010288760611871043
43 0.00002472922547553448
44 0.00013635553537529827
46 0.00027514619596033594
47 0.00027084767769878907
51 0.00004686777384075253
55 0.00019400951426952473
56 0.00012955459643277864
57 0.0001250684069607151
63 0.0000037855318677072396
65 0.00001773141897136357
67 0.00004203784642398019
72 0.0010585586353962255
73 0.00019291377466338104
76 0.0004007527960775733
84 0.0004261759244447152
87 0.000378312535575597
89 0.00019011459890734794
113 0.00011133348371866765
124 0.00009942778247685315
146 0.000264773477364449
177 0.00015160120460271228
180 0.0001136486243970201
245 0.000363940178785324
253 0.0002472323099654942
264 0.00021085919057695548
310 0.00016226697770759457
347 0.0002479774737404859
396 0.000959817723032327
401 0.00018110073068838497
480 0.0014688562263074237
505 0.0003359696033249817
506 0.00029918306343158405
554 0.0003985861298959538
669 0.0006294692915952794
703 0.0002862680700927968
851 0.00008185705212231243
1131 0.0006534821266696528
1208 0.0003541015143419739
1395 0.0001739500102896398
1398 0.001615212190296635
2746 0.004669337350616114
3208 0.00034065472379816113
3717 0.0009671029243077069
3719 0.0004272224195725296
5111 0.0007031836599018376
5402 0.000873114324417637
5403 0.000873114324417637
5404 0.000873114324417637
5405 0.0007031836599018376
5406 0.000873114324417637
5407 0.000873114324417637
5408 0.000873114324417637
5409 0.002619342973252911