9 0.00020449951904203455
13 0.000012991549433809848
16 0.00007545831652538253
19 0.0002642464683900639
21 0.0001430533573344265
33 0.00011331060825040136
34 0.00013031629576506
36 0.00004148193135099767
38 0.000008702469372146433
39 0.000013901335368914586
40 0.000012008345186710319
41 0.000014853122149744404
42 0.000051443803059355216
43 0.000016486150317022987
44 0.00013635553537529827
46 0.0004127192939405039
47 0.00040627151654818366
48 0.00013154366307515625
49 0.00008324134787818645
51 0.00004686777384075253
55 0.00009700475713476236
56 0.00006477729821638932
57 0.0001250684069607151
63 0.0000037855318677072396
65 0.00001773141897136357
66 0.00018628059697440975
67 0.00012611353927194057
71 0.00012561808978093188
72 0.0017642643923270424
73 0.00019291377466338104
76 0.0005343370614367644
84 0.0006392638866670728
87 0.000378312535575597
89 0.00009505729945367397
125 0.0002682511308492756
143 0.0023099226548529525
146 0.000264773477364449
150 0.00017810563074510452
177 0.0004548036138081369
180 0.00005682431219851005
183 0.00083251612704961
196 0.0001675808341520189
245 0.000181970089392662
253 0.0002472323099654942
267 0.0002783569986123394
292 0.0002914849877710017
445 0.00023123617256302196
470 0.00037969048392546374
493 0.00023454039050719067
494 0.00039064417040638865
496 0.0002464916487181342
669 0.00012589385831905585
691 0.0003038092374917516
803 0.0002597352724507996
851 0.00008185705212231243
1100 0.00040116683707882124
1395 0.0003479000205792796
1403 0.0006910521121340801
1618 0.00040380304757415875
1803 0.0004942172352587358
2378 0.0003003233420124021
5410 0.000873114324417637
5411 0.000873114324417637