2 0.0006909212322087341
9 0.00020449951904203455
13 0.00003247887358452463
19 0.00013212323419503196
21 0.0001430533573344265
22 0.0001341735889149772
36 0.0002074096567549884
38 0.000008702469372146433
39 0.000013901335368914586
40 0.00000900625889003274
41 0.00002227968322461661
43 0.00001236461273776724
44 0.00013635553537529827
46 0.0004127192939405039
47 0.00040627151654818366
49 0.00012486202181727967
51 0.00009373554768150506
55 0.00009700475713476236
56 0.00006477729821638932
57 0.0001250684069607151
63 0.0000037855318677072396
65 0.00001773141897136357
66 0.00018628059697440975
67 0.00008407569284796038
69 0.00023724943034546792
71 0.00012561808978093188
72 0.0019406908315597465
73 0.00019291377466338104
81 0.00018240709186440708
84 0.0004261759244447152
87 0.0001891562677877985
89 0.00019011459890734794
95 0.0004272224195725296
113 0.00011133348371866765
115 0.0006179635749242299
122 0.00036834169965234924
125 0.0005365022616985512
129 0.00045619873460859607
135 0.00029805329448025724
144 0.0001691423720016671
149 0.0003732936031739842
150 0.00035621126149020904
171 0.0001368611790876869
177 0.0007580060230135615
180 0.00005682431219851005
196 0.0001675808341520189
226 0.0002049311356991152
230 0.0011832980913394203
243 0.001323867386822245
247 0.00026056072380914035
263 0.000467744766116719
279 0.00022929556638299245
288 0.0009120747583693047
304 0.00026056072380914035
310 0.00016226697770759457
349 0.0006534821266696528
352 0.0002958245228348551
437 0.00032153186911851154
493 0.00023454039050719067
494 0.0015625766816255546
497 0.00017684408550895013
550 0.00025332444879269114
554 0.0003985861298959538
669 0.00012589385831905585
691 0.0012152369499670065
803 0.0002597352724507996
851 0.00008185705212231243
928 0.001203500511236464
1062 0.0010324034428949047
1280 0.00032568748957397626
1395 0.0003479000205792796
2032 0.0022153423767826575
2063 0.00040116683707882124
2888 0.0005908656000986806
3085 0.0030910916382196904
3459 0.007615037768389952
5412 0.00886136950713063
5413 0.0006758309323565803