10 0.007036705919210751
13 0.00008444507131976401
23 0.00045603737918465233
34 0.00017375506102007999
35 0.0003887745697496512
36 0.0002074096567549884
38 0.000011603292496195242
39 0.000018535113825219447
40 0.00001801251778006548
41 0.00002227968322461661
42 0.00010288760611871043
43 0.000008243075158511493
46 0.0003210038952870586
47 0.00031598895731525394
52 0.00014497369525357328
56 0.00006477729821638932
61 0.00035285287846540845
63 0.00000567829780156086
64 0.00018731984297588175
67 0.00004203784642398019
69 0.00023724943034546792
71 0.00012561808978093188
82 0.0002832412727662006
88 0.0004974543902408237
94 0.0014356426208865709
100 0.00015297081732618925
105 0.0003314569809760339
113 0.0004453339348746706
114 0.0008456503834671878
122 0.00018417084982617462
124 0.00009942778247685315
125 0.0002682511308492756
150 0.00035621126149020904
171 0.0001368611790876869
186 0.00025254616640991854
198 0.0009382274558947666
225 0.00042093493558288133
247 0.00026056072380914035
264 0.00021085919057695548
265 0.0004120699366150429
275 0.0004120699366150429
277 0.00009965045113662244
278 0.001132562659021034
279 0.00022929556638299245
287 0.00025810086072372616
292 0.0002914849877710017
293 0.0003285382939579267
294 0.0019929306494797694
324 0.0007507780456123224
335 0.000505900267840781
412 0.0008618815269015273
413 0.00048285733368504623
430 0.00044730308704364933
437 0.00032153186911851154
496 0.0002464916487181342
497 0.00035368817101790026
520 0.0006475843506849814
543 0.0003960586369806884
551 0.0002832412727662006
554 0.0003985861298959538
555 0.0002457554359134993
572 0.00033907303651746636
573 0.0001652752038556845
576 0.0003086168757797243
577 0.000549621148441263
613 0.0002597352724507996
642 0.0003887745697496512
664 0.00045619873460859607
666 0.0006513749791479525
697 0.0009382274558947666
708 0.0007191007395373025
716 0.0003136207976380542
764 0.0021330119815441534
803 0.0002597352724507996
852 0.0003887745697496512
1034 0.0006813094475963223
1085 0.000393582208037624
1088 0.000499919615209078
1110 0.0005332529953860384
1196 0.009219561496547608
1310 0.00036332233087023905
1321 0.0003271046043571432
1331 0.000549621148441263
1332 0.0015762979843194746
1333 0.0007881489921597373
1334 0.000873114324417637
1335 0.0019604463800089586
1336 0.0006758309323565803
1337 0.000873114324417637
1338 0.009604257568594007
1339 0.0010376305223591363
1340 0.010153383691186603
1341 0.0006534821266696528
1342 0.0007384474589275524
1343 0.0005258216860189834
1344 0.000873114324417637
1345 0.000873114324417637
1346 0.0017375477025499064
1347 0.0014768949178551047
1348 0.000618218327643938
1349 0.0005908656000986806
1350 0.00632865293911654
1351 0.000873114324417637
1352 0.000873114324417637
1353 0.000873114324417637
1354 0.0005587052342654505
1355 0.000873114324417637
1356 0.0022153423767826575
1357 0.001117410468530901
1358 0.0004942172352587358
1359 0.000873114324417637