9 0.00010224975952101728
13 0.000012991549433809848
16 0.00022637494957614764
22 0.0009392151224048407
28 0.00025332444879269114
30 0.00044365302269117307
34 0.00008687753051003999
36 0.00004148193135099767
38 0.000005801646248097621
39 0.000009267556912609724
40 0.00000900625889003274
41 0.000011139841612308305
43 0.000016486150317022987
45 0.00012982121229608657
49 0.00012486202181727967
59 0.002811102739828143
63 0.00000567829780156086
65 0.00001773141897136357
67 0.00004203784642398019
69 0.00023724943034546792
75 0.0013565381665042668
89 0.00009505729945367397
104 0.00016413845014333722
124 0.00009942778247685315
146 0.000264773477364449
150 0.0008905281537255227
175 0.0022523341368369675
177 0.0004548036138081369
180 0.00005682431219851005
261 0.0007016171491750785
310 0.00016226697770759457
391 0.000832209213374875
401 0.00018110073068838497
430 0.00022365154352182467
475 0.0022901445607423744
520 0.00016189608767124534
590 0.0003672140565768559
666 0.000977062468721929
669 0.00012589385831905585
750 0.0003344468624572988
851 0.00008185705212231243
908 0.001095758249156981
1162 0.00030263622314802144
1208 0.0007082030286839478
1280 0.00032568748957397626
2378 0.0003003233420124021
2631 0.00412069936615043
2836 0.0009474798040151018
3777 0.0004785475402955236
4219 0.0005685167944117531
4222 0.00045217938883475555
4223 0.00044451570202655086
4224 0.0005411640668664958
5426 0.000873114324417637
5427 0.0007031836599018376
5428 0.000873114324417637
5429 0.001746228648835274
5430 0.000873114324417637
5431 0.002619342973252911