9 0.00010224975952101728
13 0.000012991549433809848
14 0.0005050923328198371
15 0.0002564879550388143
21 0.0004291600720032795
22 0.0009392151224048407
26 0.00012343399523364164
30 0.00022182651134558653
34 0.00026063259153012
38 0.000008702469372146433
39 0.000009267556912609724
40 0.000012008345186710319
41 0.000011139841612308305
43 0.000020607687896278735
47 0.00004514127961646484
51 0.00009373554768150506
52 0.00014497369525357328
59 0.0008031722113794693
63 0.000007571063735414479
65 0.00001773141897136357
66 0.00009314029848720488
89 0.00009505729945367397
97 0.00046908078101438134
104 0.00016413845014333722
108 0.000549621148441263
113 0.00033400045115600295
135 0.0008941598834407718
158 0.0008527257712181266
160 0.00018023749427928805
180 0.0001136486243970201
185 0.0005312673696979216
196 0.0003351616683040378
206 0.00044451570202655086
230 0.0002958245228348551
237 0.0007117820430063682
251 0.00044005650644998804
259 0.00025891534254753946
261 0.0002338723830583595
264 0.00021085919057695548
277 0.00019930090227324488
279 0.0004585911327659849
283 0.00041790813825628515
286 0.0001987752449196317
288 0.00022801868959232616
307 0.00022550415909059743
347 0.0002479774737404859
359 0.0015774650580569502
363 0.00036332233087023905
367 0.0005347448482446134
368 0.00037373000725685404
396 0.0005758906338193962
416 0.00031109330472278875
430 0.000670954630565474
440 0.00048355146215385347
464 0.000393582208037624
551 0.0002832412727662006
562 0.013886953649061761
573 0.0001652752038556845
669 0.00012589385831905585
684 0.0010516433720379667
711 0.0004092519030008361
851 0.00016371410424462487
893 0.002265125318042068
908 0.0014610109988759743
1060 0.0002852508106156339
1062 0.0007743025821711785
1162 0.00030263622314802144
1208 0.0021246090860518436
1214 0.000424038368775366
1272 0.0011370335888235062
1280 0.001302749958295905
1417 0.0011734644615866965
1450 0.00032568748957397626
1511 0.0004408563537610837
1629 0.0008609827766498793
1636 0.0004603543550640608
1803 0.0004942172352587358
1843 0.000393582208037624
1996 0.0005121877518304292
1997 0.001117410468530901
2323 0.002027492797069741
2447 0.0015943445195838151
2665 0.003267410633348264
2794 0.0017055503832352594
3040 0.0005685167944117531
3826 0.0005188152611795682
4114 0.0006534821266696528
4502 0.0007384474589275524
5432 0.003492457297670548
5433 0.002619342973252911
5434 0.000873114324417637
5435 0.000873114324417637
5436 0.0023644469764792122
5437 0.003379154661782902
5438 0.0015762979843194746
5439 0.000873114324417637
5440 0.000873114324417637
5441 0.000873114324417637
5442 0.000873114324417637
5443 0.000873114324417637