9 0.00010224975952101728
13 0.000025983098867619697
16 0.00007545831652538253
18 0.0011862471517273398
33 0.00011331060825040136
34 0.000043438765255019996
36 0.00004148193135099767
38 0.000011603292496195242
39 0.000009267556912609724
40 0.000006004172593355159
41 0.000011139841612308305
42 0.000051443803059355216
43 0.00002472922547553448
49 0.000041620673939093223
51 0.0001406033215222576
63 0.000007571063735414479
65 0.00007092567588545428
67 0.00008407569284796038
72 0.00017642643923270423
73 0.00019291377466338104
76 0.0004007527960775733
87 0.0009457813389389926
104 0.00016413845014333722
114 0.00021141259586679695
124 0.00009942778247685315
130 0.00027274170858643915
154 0.0003314569809760339
179 0.000925850627339173
180 0.00005682431219851005
226 0.0002049311356991152
245 0.000181970089392662
261 0.000467744766116719
277 0.00009965045113662244
360 0.00019339166635443979
401 0.00018110073068838497
411 0.00044608035070850863
445 0.00023123617256302196
646 0.000742466804701393
669 0.00012589385831905585
851 0.0002455711563669373
868 0.0002709256892452844
873 0.001518761935701855
1062 0.00025810086072372616
1395 0.0001739500102896398
1781 0.0005644974486379127
1843 0.000393582208037624
2378 0.0003003233420124021
3208 0.0006813094475963223
3507 0.0004338499289216686
5444 0.0007384474589275524
5445 0.000873114324417637
5446 0.000873114324417637