9 0.00020449951904203455
13 0.000019487324150714776
16 0.00007545831652538253
22 0.0002683471778299544
38 0.000005801646248097621
39 0.00002316889228152431
40 0.00001801251778006548
41 0.000018566402687180508
42 0.00020577521223742086
43 0.000020607687896278735
44 0.00020453330306294742
46 0.0003668615946137812
47 0.00031598895731525394
48 0.00013154366307515625
49 0.00012486202181727967
51 0.00009373554768150506
55 0.00009700475713476236
56 0.00006477729821638932
57 0.0001250684069607151
63 0.000007571063735414479
65 0.00007092567588545428
67 0.00012611353927194057
71 0.00012561808978093188
72 0.0010585586353962255
73 0.00019291377466338104
76 0.0004007527960775733
77 0.00046465581618336337
81 0.00018240709186440708
87 0.000378312535575597
113 0.0002226669674373353
122 0.00036834169965234924
151 0.0003359696033249817
158 0.0008527257712181266
160 0.0003604749885585761
176 0.00033751149866781817
180 0.0001136486243970201
196 0.0001675808341520189
230 0.0005916490456697102
243 0.000264773477364449
247 0.00026056072380914035
253 0.0002472323099654942
277 0.00009965045113662244
278 0.0007550417726806894
291 0.0003887745697496512
292 0.0002914849877710017
368 0.00018686500362842702
396 0.00038392708921293077
493 0.000703621171521572
494 0.001757898766828749
573 0.0004958256115670535
669 0.00012589385831905585
691 0.0003038092374917516
703 0.0005725361401855936
753 0.0002783569986123394
851 0.00008185705212231243
1028 0.0003541015143419739
1029 0.00023724943034546792
1395 0.0001739500102896398
1636 0.0004603543550640608
3538 0.0005332529953860384
4480 0.0014768949178551047
5447 0.001746228648835274
5448 0.001236436655287876
5449 0.000873114324417637