9 0.00013633301269468968
13 0.000019487324150714776
16 0.00007545831652538253
20 0.0004929832974362684
34 0.000043438765255019996
36 0.00004148193135099767
38 0.000005801646248097621
39 0.000013901335368914586
40 0.000012008345186710319
41 0.000014853122149744404
43 0.000016486150317022987
44 0.00013635553537529827
45 0.00012982121229608657
46 0.0003210038952870586
47 0.00027084767769878907
48 0.00013154366307515625
49 0.00012486202181727967
51 0.00004686777384075253
55 0.00029101427140428715
56 0.00006477729821638932
63 0.00000567829780156086
65 0.00005319425691409072
66 0.00009314029848720488
67 0.00008407569284796038
72 0.0015878379530943382
73 0.00019291377466338104
76 0.0008015055921551466
100 0.00015297081732618925
122 0.00018417084982617462
136 0.0008776666622473353
140 0.0004603543550640608
150 0.0005343168922353136
159 0.0001776836714179443
180 0.00005682431219851005
196 0.0001675808341520189
243 0.000529546954728898
401 0.00036220146137676994
442 0.0003242865707429365
493 0.00046908078101438134
494 0.0009766104260159718
497 0.0005305322565268504
520 0.00016189608767124534
573 0.0001652752038556845
613 0.0002597352724507996
703 0.0002862680700927968
851 0.00008185705212231243
858 0.0004915108718269986
869 0.0005188152611795682
1028 0.0003541015143419739
1070 0.0003541015143419739
1395 0.0003479000205792796
1511 0.0004408563537610837
1548 0.0003985861298959538
1769 0.000499919615209078
1781 0.0005644974486379127
4203 0.000505900267840781
4204 0.00045619873460859607
5094 0.0007881489921597373