9 0.00010224975952101728
13 0.000045470423018334476
16 0.00007545831652538253
19 0.0002642464683900639
21 0.0001430533573344265
22 0.0001341735889149772
23 0.00022801868959232616
26 0.00012343399523364164
28 0.00025332444879269114
34 0.00008687753051003999
36 0.00004148193135099767
38 0.0000029008231240488105
39 0.000004633778456304862
40 0.000015010431483387899
41 0.000014853122149744404
43 0.000004121537579255747
45 0.00012982121229608657
46 0.00004585769932672265
47 0.00004514127961646484
51 0.00004686777384075253
56 0.00006477729821638932
63 0.0000037855318677072396
64 0.00018731984297588175
65 0.00001773141897136357
67 0.00004203784642398019
71 0.00012561808978093188
72 0.0015878379530943382
76 0.0013358426535919111
82 0.0002832412727662006
100 0.00015297081732618925
113 0.00011133348371866765
121 0.004830244747499743
177 0.00030320240920542457
183 0.001873161285861623
185 0.0002656336848489608
186 0.00025254616640991854
247 0.00026056072380914035
259 0.00025891534254753946
277 0.00009965045113662244
286 0.0001987752449196317
363 0.00036332233087023905
365 0.0004272224195725296
368 0.00018686500362842702
391 0.0005548061422499166
392 0.0005938676863953582
399 0.0005938676863953582
401 0.00018110073068838497
411 0.0008921607014170173
493 0.0011727019525359535
494 0.0025391871076415264
544 0.0004785475402955236
644 0.000618218327643938
664 0.00045619873460859607
717 0.00196791104018812
790 0.0004887683798320584
803 0.0002597352724507996
842 0.0005258216860189834
851 0.00016371410424462487
868 0.0002709256892452844
1016 0.0006758309323565803
1031 0.00042093493558288133
1162 0.0009079086694440643
1182 0.0009043587776695111
1310 0.00036332233087023905
1448 0.0018414174202562431
1450 0.0006513749791479525
1636 0.0004603543550640608
1786 0.0031525959686389492
2117 0.003515918299509189
2760 0.0005908656000986806
3092 0.0004338499289216686
3394 0.0007881489921597373
3842 0.0007881489921597373
5451 0.000873114324417637
5452 0.000873114324417637
5453 0.000873114324417637
5454 0.001746228648835274
5455 0.001746228648835274
5456 0.000873114324417637
5457 0.0005685167944117531
5458 0.000873114324417637
5459 0.000873114324417637
5460 0.001746228648835274
5461 0.000873114324417637
5462 0.000873114324417637
5463 0.000873114324417637