9 0.00013633301269468968
13 0.000006495774716904924
16 0.00007545831652538253
19 0.0002642464683900639
26 0.00012343399523364164
33 0.00011331060825040136
34 0.00008687753051003999
36 0.00004148193135099767
38 0.000005801646248097621
39 0.00002316889228152431
40 0.00002101460407674306
41 0.000011139841612308305
43 0.000020607687896278735
48 0.00013154366307515625
51 0.0001874710953630101
55 0.00009700475713476236
56 0.00012955459643277864
57 0.0001250684069607151
63 0.0000037855318677072396
65 0.00003546283794272714
67 0.00012611353927194057
71 0.00025123617956186376
72 0.002293543710025155
73 0.00019291377466338104
82 0.0002832412727662006
85 0.00024357296170002702
87 0.001513250142302388
89 0.00019011459890734794
104 0.00016413845014333722
113 0.00033400045115600295
122 0.00018417084982617462
177 0.00015160120460271228
185 0.0002656336848489608
186 0.00025254616640991854
255 0.00017273030805218352
259 0.00025891534254753946
264 0.00042171838115391097
392 0.0011877353727907164
396 0.0011517812676387924
412 0.00028729384230050906
476 0.00045619873460859607
538 0.0011410032424625355
550 0.00025332444879269114
608 0.0010316420244163174
669 0.00012589385831905585
672 0.0009884344705174716
687 0.0005258216860189834
779 0.0009079086694440643
851 0.00008185705212231243
927 0.000549621148441263
979 0.0004338499289216686
1029 0.00023724943034546792
1173 0.0008358162765125703
1395 0.0001739500102896398
1442 0.0004338499289216686
1450 0.0022798124270178343
1788 0.0004120699366150429
2260 0.00045619873460859607
2764 0.000618218327643938
3139 0.0004942172352587358
3163 0.001772596800296042
4670 0.000618218327643938
5464 0.001746228648835274
5465 0.000873114324417637
5466 0.000873114324417637
5467 0.0015762979843194746