0 0.0009621886943352936
1 0.0001309668193588762
9 0.00034083253173672426
13 0.00003247887358452463
19 0.0002642464683900639
21 0.000572213429337706
34 0.00008687753051003999
36 0.00008296386270199534
37 0.00020975981940966445
38 0.000008702469372146433
39 0.000018535113825219447
40 0.00001801251778006548
41 0.00002227968322461661
43 0.000016486150317022987
44 0.00027271107075059654
46 0.0006420077905741172
47 0.000586836635014043
48 0.00013154366307515625
49 0.000041620673939093223
51 0.0001874710953630101
55 0.00019400951426952473
56 0.0003238864910819466
57 0.0002501368139214302
61 0.00017642643923270423
63 0.00000567829780156086
65 0.00001773141897136357
67 0.00004203784642398019
72 0.0010585586353962255
73 0.0003858275493267621
74 0.0006099871709657873
89 0.00047528649726836993
100 0.00015297081732618925
107 0.0002049311356991152
113 0.00011133348371866765
114 0.00021141259586679695
124 0.0001988555649537063
135 0.0008941598834407718
136 0.0002925555540824451
144 0.0001691423720016671
149 0.0011198808095219527
150 0.00017810563074510452
159 0.0003553673428358886
160 0.00018023749427928805
180 0.0002272972487940402
186 0.0005050923328198371
197 0.0002904236905482616
210 0.0006403547810939524
247 0.0005211214476182807
255 0.00034546061610436703
261 0.000467744766116719
277 0.0006975531579563571
291 0.0003887745697496512
293 0.0013141531758317068
297 0.0006977691933275379
300 0.0012362098098451287
310 0.00016226697770759457
320 0.00029472515166756405
333 0.0004338499289216686
365 0.0008544448391450592
367 0.0005347448482446134
368 0.00037373000725685404
372 0.0008746061772762119
379 0.0003438806748054391
412 0.00028729384230050906
413 0.00024142866684252312
475 0.0022901445607423744
496 0.0012324582435906714
498 0.0003558910215031841
554 0.0003985861298959538
573 0.0001652752038556845
575 0.000505900267840781
576 0.0003086168757797243
585 0.0003911548205288988
666 0.00032568748957397626
669 0.00012589385831905585
671 0.0002597352724507996
703 0.0002862680700927968
708 0.00035955036976865123
711 0.0008185038060016722
759 0.00035770704084433884
803 0.0002597352724507996
851 0.00008185705212231243
858 0.0002457554359134993
871 0.0003960586369806884
876 0.0007823096410577976
879 0.0005916490456697102
893 0.0003775208863403447
898 0.0009044229827728666
1030 0.0004338499289216686
1066 0.000424038368775366
1067 0.0004408563537610837
1088 0.000999839230418156
1376 0.0004942172352587358
1395 0.0008697500514481991
1742 0.000499919615209078
1827 0.00041790813825628515
1878 0.0003841483956894837
2163 0.0005411640668664958
2165 0.0007384474589275524
2213 0.00044451570202655086
2464 0.0005908656000986806
2637 0.00043049138832493966
2697 0.001203500511236464
2700 0.0008076060951483175
2701 0.0004603543550640608
2702 0.00046465581618336337
2703 0.00045217938883475555
3007 0.00043049138832493966
3018 0.0004408563537610837
3085 0.000618218327643938
4203 0.001011800535681562
4365 0.0007031836599018376
4369 0.001099242296882526
4370 0.0004603543550640608
4371 0.0004785475402955236
4372 0.0004691137279473833
4373 0.00046465581618336337
4374 0.0004737399020075509
4375 0.0004603543550640608
4456 0.00045217938883475555
4457 0.0005791825675166354
4743 0.0014506543864615605
4961 0.0005908656000986806
5413 0.0006758309323565803
5468 0.000873114324417637
5469 0.002619342973252911
5470 0.0007384474589275524
5471 0.000873114324417637