1 0.0001309668193588762
9 0.00013633301269468968
13 0.00003897464830142955
14 0.00025254616640991854
19 0.00013212323419503196
21 0.000286106714668853
22 0.00040252076674493167
29 0.00026649997158873667
34 0.000043438765255019996
36 0.00004148193135099767
38 0.000005801646248097621
39 0.000013901335368914586
40 0.00001801251778006548
41 0.000011139841612308305
42 0.00015433140917806565
43 0.000016486150317022987
44 0.00013635553537529827
45 0.00012982121229608657
46 0.00022928849663361327
47 0.00022570639808232424
49 0.000041620673939093223
51 0.0001874710953630101
55 0.00019400951426952473
56 0.00019433189464916796
57 0.0002501368139214302
63 0.00000567829780156086
65 0.00005319425691409072
66 0.00009314029848720488
67 0.00004203784642398019
72 0.00017642643923270423
74 0.00030499358548289365
76 0.0001335842653591911
84 0.0002130879622223576
89 0.00009505729945367397
105 0.0003314569809760339
113 0.0002226669674373353
115 0.0002059878583080766
124 0.00009942778247685315
127 0.002089540691281426
132 0.0003985861298959538
143 0.0009899668520798367
144 0.0006765694880066684
159 0.0001776836714179443
171 0.0002737223581753738
185 0.0007969010545468823
206 0.00044451570202655086
210 0.0003201773905469762
247 0.00026056072380914035
255 0.0005181909241565506
264 0.00042171838115391097
270 0.00035955036976865123
277 0.00019930090227324488
294 0.0015943445195838151
367 0.0002673724241223067
392 0.0002969338431976791
430 0.00022365154352182467
480 0.0007344281131537118
497 0.00017684408550895013
498 0.0003558910215031841
527 0.0005908656000986806
555 0.0004915108718269986
569 0.00042093493558288133
587 0.0004942172352587358
589 0.0004737399020075509
637 0.0005587052342654505
641 0.000393582208037624
648 0.0003201773905469762
657 0.0005587052342654505
663 0.0015997589861581152
669 0.00012589385831905585
671 0.0007792058173523988
688 0.000549621148441263
716 0.0003136207976380542
723 0.0006534821266696528
753 0.0002783569986123394
843 0.0006345864806991627
851 0.00008185705212231243
980 0.00036332233087023905
1060 0.0002852508106156339
1068 0.0004887683798320584
1085 0.000393582208037624
1147 0.0006534821266696528
1156 0.0005188152611795682
1175 0.0007384474589275524
1280 0.00032568748957397626
1283 0.00033907303651746636
1450 0.00032568748957397626
1478 0.000999839230418156
1535 0.0006758309323565803
1550 0.000499919615209078
1671 0.0060458326328538935
1672 0.0023167302700665415
1751 0.002705820334332479
1769 0.000999839230418156
1788 0.0004120699366150429
1959 0.0006758309323565803
2103 0.000549621148441263
3022 0.000499919615209078
3033 0.0018949596080302035
3043 0.0007031836599018376
4096 0.0007881489921597373
4358 0.0007881489921597373
4602 0.0006345864806991627
5131 0.0007881489921597373
5472 0.000873114324417637
5473 0.000873114324417637
5474 0.000873114324417637
5475 0.000873114324417637
5476 0.0013516618647131605
5477 0.000873114324417637
5478 0.002619342973252911
5479 0.005238685946505822
5480 0.000873114324417637
5481 0.000873114324417637
5482 0.000873114324417637
5483 0.000873114324417637
5484 0.000873114324417637