1 0.0001309668193588762
9 0.00020449951904203455
13 0.00010393239547047879
16 0.00015091663305076506
19 0.00013212323419503196
21 0.0004291600720032795
27 0.001687557493339091
34 0.00013031629576506
36 0.0002074096567549884
38 0.000008702469372146433
39 0.000013901335368914586
40 0.000012008345186710319
41 0.000011139841612308305
43 0.000004121537579255747
44 0.00020453330306294742
45 0.00012982121229608657
46 0.00045857699326722653
47 0.00040627151654818366
49 0.00012486202181727967
51 0.00004686777384075253
55 0.00009700475713476236
56 0.00006477729821638932
57 0.0001250684069607151
63 0.0000037855318677072396
65 0.00001773141897136357
66 0.00009314029848720488
67 0.00008407569284796038
71 0.00012561808978093188
72 0.0005292793176981127
76 0.0004007527960775733
100 0.000611883269304757
107 0.001024655678495576
114 0.00021141259586679695
124 0.00009942778247685315
140 0.0009207087101281216
149 0.0011198808095219527
159 0.0003553673428358886
160 0.00018023749427928805
165 0.00022550415909059743
180 0.00005682431219851005
193 0.0005872711056353866
196 0.0001675808341520189
251 0.0008801130128999761
255 0.00017273030805218352
267 0.0002783569986123394
279 0.00022929556638299245
286 0.0003975504898392634
304 0.00026056072380914035
319 0.00045619873460859607
348 0.0004272224195725296
376 0.00034065472379816113
401 0.0007244029227535399
487 0.00043049138832493966
493 0.0009381615620287627
494 0.001757898766828749
520 0.00016189608767124534
523 0.0007384474589275524
649 0.0003960586369806884
654 0.003967707183849754
669 0.0002517877166381117
703 0.0002862680700927968
845 0.00043730308863810597
851 0.00008185705212231243
879 0.0002958245228348551
915 0.00032290148184198857
1028 0.0007082030286839478
1070 0.0007082030286839478
1093 0.00036920725599727517
1162 0.00030263622314802144
1285 0.00036332233087023905
1395 0.0001739500102896398
1446 0.0010786511093059537
1535 0.0006758309323565803
1548 0.0003985861298959538
1596 0.0004603543550640608
1653 0.005051219226994577
1781 0.001693492345913738
1878 0.0007682967913789674
2033 0.0005908656000986806
2318 0.000618218327643938
2378 0.0003003233420124021
3020 0.0019604463800089586
4760 0.0004942172352587358
4905 0.0007881489921597373
5485 0.0007881489921597373
5486 0.000873114324417637
5487 0.0007881489921597373
5488 0.001746228648835274
5489 0.001746228648835274
5490 0.000873114324417637
5491 0.001746228648835274
5492 0.000873114324417637
5493 0.0007881489921597373