2 0.00017273030805218352
9 0.00017041626586836213
13 0.000025983098867619697
16 0.00015091663305076506
17 0.002641724061956775
18 0.0023724943034546795
19 0.0005284929367801278
26 0.00012343399523364164
33 0.00011331060825040136
34 0.00008687753051003999
36 0.00012444579405299303
38 0.000005801646248097621
39 0.000018535113825219447
40 0.000012008345186710319
41 0.000014853122149744404
43 0.000008243075158511493
44 0.00040906660612589484
45 0.00025964242459217314
46 0.00027514619596033594
47 0.00027084767769878907
51 0.00004686777384075253
52 0.00014497369525357328
56 0.00006477729821638932
57 0.0001250684069607151
60 0.0002572917550567303
63 0.0000037855318677072396
65 0.00003546283794272714
66 0.00018628059697440975
67 0.00008407569284796038
89 0.00019011459890734794
100 0.0004589124519785678
102 0.00025332444879269114
115 0.0002059878583080766
144 0.0008457118600083356
180 0.00005682431219851005
196 0.0001675808341520189
243 0.000264773477364449
245 0.000181970089392662
255 0.00034546061610436703
258 0.0003960586369806884
259 0.00025891534254753946
268 0.00048355146215385347
279 0.00022929556638299245
367 0.0002673724241223067
396 0.00019196354460646538
413 0.00024142866684252312
430 0.00044730308704364933
493 0.00023454039050719067
494 0.001171932511219166
589 0.0004737399020075509
741 0.00035233775638020634
825 0.001011800535681562
851 0.00008185705212231243
1028 0.0007082030286839478
1029 0.00023724943034546792
1285 0.00036332233087023905
1591 0.0004691137279473833
1785 0.00030499358548289365
2129 0.0005188152611795682
2661 0.000618218327643938
3043 0.0007031836599018376
3564 0.0006758309323565803
4155 0.0006534821266696528
5494 0.000873114324417637
5495 0.000873114324417637
5496 0.000873114324417637
5497 0.000873114324417637
5498 0.000873114324417637
5499 0.000873114324417637
5500 0.000873114324417637
5501 0.000873114324417637
5502 0.000873114324417637
5503 0.0007881489921597373
5504 0.000873114324417637
5505 0.0015762979843194746
5506 0.000873114324417637
5507 0.0007881489921597373
5508 0.000873114324417637
5509 0.000873114324417637