0 0.0005773132166011761
1 0.0001309668193588762
2 0.00034546061610436703
9 0.00027266602538937937
13 0.000025983098867619697
15 0.0002564879550388143
16 0.00015091663305076506
21 0.000286106714668853
22 0.00040252076674493167
26 0.00012343399523364164
28 0.00025332444879269114
29 0.00026649997158873667
33 0.00011331060825040136
34 0.000043438765255019996
35 0.0003887745697496512
36 0.00024889158810598606
38 0.000008702469372146433
39 0.000009267556912609724
40 0.00001801251778006548
41 0.000007426561074872202
43 0.000016486150317022987
49 0.00012486202181727967
51 0.00032807441688526777
55 0.00019400951426952473
56 0.00012955459643277864
63 0.00000567829780156086
65 0.00001773141897136357
89 0.0007604583956293918
114 0.0004228251917335939
158 0.0005684838474787511
159 0.0001776836714179443
160 0.00018023749427928805
177 0.00015160120460271228
180 0.00017047293659553015
192 0.0003242865707429365
196 0.0001675808341520189
198 0.0004691137279473833
226 0.0002049311356991152
247 0.0007816821714274212
255 0.00017273030805218352
263 0.000467744766116719
264 0.00021085919057695548
265 0.0004120699366150429
277 0.0005979027068197347
286 0.0001987752449196317
293 0.0019712297637475605
297 0.0006977691933275379
300 0.0008241398732300858
307 0.00045100831818119485
309 0.0003003233420124021
347 0.0002479774737404859
367 0.0002673724241223067
368 0.00037373000725685404
375 0.0007767460276426184
379 0.0003438806748054391
413 0.00048285733368504623
416 0.0015554665236139438
475 0.00543909333176314
484 0.00043049138832493966
486 0.0021865154431905303
491 0.0015554665236139438
497 0.00017684408550895013
498 0.0003558910215031841
506 0.0008975491902947523
508 0.002950762439342032
520 0.00016189608767124534
540 0.0017359691207714462
555 0.0002457554359134993
569 0.00042093493558288133
572 0.00033907303651746636
577 0.000549621148441263
580 0.001322569061283251
642 0.0007775491394993024
669 0.00012589385831905585
671 0.0005194705449015992
703 0.0002862680700927968
709 0.0008182251257593176
753 0.0002783569986123394
851 0.00008185705212231243
871 0.0003960586369806884
879 0.0002958245228348551
899 0.0008965753262562775
906 0.0005908656000986806
915 0.0009687044455259658
1030 0.0017353997156866743
1032 0.0005332529953860384
1066 0.000424038368775366
1107 0.0004272224195725296
1211 0.0005587052342654505
1223 0.0004887683798320584
1224 0.00044828766312813873
1343 0.0005258216860189834
1346 0.0005791825675166354
1495 0.0004691137279473833
1504 0.0005332529953860384
1668 0.0005685167944117531
2014 0.002063284048832635
2497 0.000424038368775366
2637 0.00043049138832493966
2700 0.00040380304757415875
2703 0.00045217938883475555
2992 0.00048355146215385347
3018 0.0008817127075221674
3386 0.0029543280004934035
4369 0.000549621148441263
4370 0.0004603543550640608
4601 0.000549621148441263
5007 0.0012691729613983254
5510 0.0023644469764792122
5511 0.0007384474589275524
5512 0.0007881489921597373
5513 0.0007384474589275524
5514 0.0005791825675166354
5515 0.000873114324417637