9 0.00010224975952101728
13 0.000025983098867619697
16 0.00015091663305076506
26 0.000370301985700925
28 0.00025332444879269114
29 0.00026649997158873667
30 0.00022182651134558653
33 0.00022662121650080273
34 0.000043438765255019996
38 0.000011603292496195242
39 0.000018535113825219447
40 0.000012008345186710319
41 0.000014853122149744404
42 0.00010288760611871043
43 0.00002472922547553448
48 0.00013154366307515625
51 0.00009373554768150506
55 0.00009700475713476236
63 0.000007571063735414479
65 0.00007092567588545428
67 0.00004203784642398019
71 0.00012561808978093188
84 0.0002130879622223576
89 0.0005703437967220439
100 0.00015297081732618925
143 0.0006599779013865577
144 0.0003382847440033342
160 0.00018023749427928805
179 0.0015430843788986218
180 0.0001136486243970201
245 0.000181970089392662
309 0.0003003233420124021
313 0.0004338499289216686
315 0.0009570950805910472
396 0.0005758906338193962
399 0.0005938676863953582
401 0.00036220146137676994
475 0.004580289121484749
487 0.0008609827766498793
491 0.0009332799141683663
505 0.0003359696033249817
506 0.00029918306343158405
507 0.0008182251257593176
508 0.0018777579159449296
512 0.0012700500933786841
573 0.0001652752038556845
590 0.0003672140565768559
691 0.0003038092374917516
709 0.0010909668343457566
728 0.000618218327643938
851 0.0002455711563669373
1024 0.000505900267840781
1182 0.00045217938883475555
1187 0.0007154140816886777
1290 0.00031109330472278875
1388 0.0003753890228061612
2631 0.0016482797464601716
2636 0.0008890314040531017
3855 0.0007384474589275524
4115 0.0006758309323565803
4116 0.0006758309323565803
4567 0.0006345864806991627
5009 0.001903759442097488
5516 0.000873114324417637
5517 0.0014063673198036752
5518 0.001746228648835274
5519 0.001746228648835274
5520 0.000873114324417637
5521 0.000873114324417637
5522 0.000873114324417637