9 0.00017041626586836213
13 0.000025983098867619697
21 0.000286106714668853
34 0.00008687753051003999
36 0.00004148193135099767
37 0.0006292794582289934
38 0.000005801646248097621
39 0.000009267556912609724
40 0.000012008345186710319
41 0.000014853122149744404
42 0.000051443803059355216
43 0.00002885076305479023
44 0.00013635553537529827
46 0.0001834307973068906
47 0.00018056511846585937
49 0.000041620673939093223
51 0.00004686777384075253
55 0.00009700475713476236
56 0.00006477729821638932
57 0.0001250684069607151
63 0.0000037855318677072396
65 0.00001773141897136357
67 0.00004203784642398019
71 0.00012561808978093188
72 0.0005292793176981127
76 0.0001335842653591911
87 0.0001891562677877985
102 0.00025332444879269114
113 0.0002226669674373353
144 0.0005074271160050014
177 0.00015160120460271228
253 0.0002472323099654942
277 0.00009965045113662244
286 0.0001987752449196317
310 0.00016226697770759457
401 0.00036220146137676994
430 0.00022365154352182467
493 0.0009381615620287627
494 0.0009766104260159718
497 0.00017684408550895013
540 0.0006943876483085783
550 0.00025332444879269114
751 0.0013810630651921825
851 0.00008185705212231243
1162 0.00030263622314802144
1395 0.0001739500102896398
1403 0.00034552605606704003
1618 0.00040380304757415875
1725 0.0008817127075221674
2378 0.0003003233420124021
3033 0.0004737399020075509
3732 0.0005411640668664958
4921 0.00048355146215385347
4989 0.0006534821266696528
5523 0.000873114324417637