13 0.000012991549433809848
23 0.004104336412661872
33 0.00022662121650080273
34 0.00008687753051003999
36 0.00012444579405299303
37 0.00020975981940966445
38 0.000005801646248097621
39 0.000013901335368914586
40 0.000015010431483387899
41 0.000014853122149744404
43 0.000016486150317022987
44 0.00013635553537529827
46 0.0001834307973068906
47 0.00018056511846585937
49 0.00008324134787818645
51 0.00009373554768150506
55 0.00009700475713476236
56 0.00006477729821638932
57 0.0001250684069607151
63 0.0000037855318677072396
65 0.00007092567588545428
66 0.00009314029848720488
67 0.00008407569284796038
69 0.00023724943034546792
71 0.00025123617956186376
76 0.0004007527960775733
100 0.00015297081732618925
102 0.00025332444879269114
105 0.0003314569809760339
113 0.0002226669674373353
125 0.0005365022616985512
128 0.00045619873460859607
131 0.0004092519030008361
139 0.00028224872431895635
143 0.00032998895069327885
144 0.0006765694880066684
160 0.0003604749885585761
171 0.0001368611790876869
176 0.00033751149866781817
177 0.0007580060230135615
185 0.0002656336848489608
192 0.0003242865707429365
193 0.0002936355528176933
209 0.0005791825675166354
214 0.000273659908111955
243 0.000529546954728898
251 0.0006600847596749821
255 0.00017273030805218352
277 0.00019930090227324488
286 0.0005963257347588951
320 0.0005894503033351281
353 0.0003753890228061612
368 0.00037373000725685404
393 0.0006781460730349327
430 0.00022365154352182467
497 0.00017684408550895013
549 0.002019015237870794
751 0.004143189195576548
759 0.0010731211225330165
803 0.0002597352724507996
851 0.00008185705212231243
858 0.0002457554359134993
960 0.0064939688023979494
998 0.0006534821266696528
1162 0.0006052724462960429
1214 0.001696153475101464
1247 0.00046465581618336337
1472 0.00043730308863810597
1499 0.000787164416075248
1624 0.0013069642533393056
2029 0.0013069642533393056
2608 0.010787970171885767
2636 0.0013335471060796527
2799 0.0005908656000986806
2899 0.003920892760017917
3035 0.0007881489921597373
3714 0.0034750954050998127
4047 0.003379154661782902
4120 0.0005685167944117531
4131 0.0005685167944117531
4337 0.006704462811185407
4586 0.0006758309323565803
5011 0.009056708901562018
5524 0.005238685946505822
5525 0.004365571622088185
5526 0.005238685946505822
5527 0.001746228648835274
5528 0.002619342973252911
5529 0.010477371893011645
5530 0.0031525959686389492