13 0.000006495774716904924
16 0.00007545831652538253
17 0.0005660837275621661
18 0.0011862471517273398
19 0.0002642464683900639
23 0.002280186895923262
33 0.00022662121650080273
37 0.0004195196388193289
38 0.000005801646248097621
39 0.000009267556912609724
40 0.000006004172593355159
41 0.000014853122149744404
42 0.00010288760611871043
43 0.000008243075158511493
44 0.00013635553537529827
51 0.00004686777384075253
57 0.0002501368139214302
63 0.0000037855318677072396
65 0.00001773141897136357
67 0.00004203784642398019
71 0.00012561808978093188
84 0.0002130879622223576
89 0.00009505729945367397
113 0.00011133348371866765
139 0.00028224872431895635
180 0.00005682431219851005
249 0.0034779569386396967
255 0.00034546061610436703
263 0.000467744766116719
264 0.00021085919057695548
377 0.0012753508612650365
393 0.003051657328657198
405 0.0004942172352587358
439 0.0029831128287843055
468 0.00219534558346638
494 0.00039064417040638865
497 0.0007073763420358005
555 0.0004915108718269986
646 0.000742466804701393
851 0.00008185705212231243
858 0.0004915108718269986
873 0.0007593809678509275
1036 0.0003732936031739842
1058 0.00044828766312813873
1285 0.0007266446617404781
1322 0.0028424394120453054
1838 0.003515918299509189
1953 0.0005411640668664958
3226 0.0015564457835387047
5531 0.003940744960798687