9 0.00013633301269468968
13 0.000045470423018334476
16 0.00022637494957614764
33 0.00011331060825040136
36 0.00016592772540399069
38 0.000005801646248097621
39 0.000009267556912609724
40 0.000006004172593355159
41 0.000007426561074872202
43 0.000020607687896278735
44 0.00013635553537529827
46 0.0003210038952870586
47 0.00031598895731525394
49 0.000041620673939093223
51 0.00023433886920376268
56 0.00006477729821638932
63 0.0000037855318677072396
65 0.00007092567588545428
66 0.00018628059697440975
67 0.00004203784642398019
68 0.0005829699755420034
71 0.00012561808978093188
89 0.00019011459890734794
95 0.0004272224195725296
102 0.00025332444879269114
113 0.00011133348371866765
122 0.00018417084982617462
150 0.00035621126149020904
180 0.0001136486243970201
186 0.00025254616640991854
496 0.0004929832974362684
573 0.0004958256115670535
613 0.0002597352724507996
746 0.0003672140565768559
753 0.0008350709958370184
780 0.0007550417726806894
851 0.00008185705212231243
858 0.0012287771795674966
1029 0.0007117482910364039
1085 0.000787164416075248
1173 0.002089540691281426
1285 0.00036332233087023905
1524 0.0005791825675166354
2722 0.00041790813825628515