1 0.0001309668193588762
9 0.00030674927856305184
13 0.000006495774716904924
16 0.00015091663305076506
26 0.00012343399523364164
29 0.00026649997158873667
34 0.00013031629576506
36 0.00004148193135099767
38 0.000005801646248097621
39 0.000013901335368914586
40 0.000012008345186710319
41 0.000011139841612308305
42 0.00015433140917806565
43 0.000020607687896278735
44 0.00013635553537529827
45 0.00012982121229608657
46 0.0001834307973068906
47 0.00018056511846585937
51 0.00004686777384075253
52 0.00014497369525357328
55 0.00019400951426952473
57 0.0001250684069607151
63 0.0000037855318677072396
65 0.00001773141897136357
66 0.00009314029848720488
76 0.0001335842653591911
100 0.00015297081732618925
113 0.0002226669674373353
124 0.00009942778247685315
150 0.00035621126149020904
175 0.0007507780456123224
177 0.00015160120460271228
180 0.0001136486243970201
183 0.0002081290317624025
186 0.00025254616640991854
245 0.000181970089392662
247 0.00026056072380914035
263 0.0002338723830583595
310 0.00016226697770759457
401 0.000905503653441925
468 0.0003136207976380542
491 0.0015554665236139438
494 0.00019532208520319432
505 0.0006719392066499634
506 0.0008975491902947523
507 0.0005454834171728783
508 0.0018777579159449296
512 0.0006350250466893421
580 0.0004408563537610837
608 0.0006877613496108782
669 0.0002517877166381117
682 0.0003753890228061612
709 0.001363708542932196
851 0.00008185705212231243
1031 0.00042093493558288133
1187 0.00035770704084433884
1383 0.0005685167944117531
1397 0.00028028741746109395
1441 0.002703323729426321
1446 0.0010786511093059537
1448 0.0004603543550640608
2014 0.0006877613496108782
2346 0.00044828766312813873
2631 0.0024724196196902574
2987 0.0006037805934374678
3355 0.0007031836599018376
3928 0.0003753890228061612
4169 0.000424038368775366
4254 0.0006534821266696528
4640 0.0005332529953860384
5532 0.0007384474589275524
5533 0.0007881489921597373
5534 0.0007031836599018376