0 0.00019243773886705868
1 0.0001309668193588762
2 0.00017273030805218352
3 0.00037969048392546374
4 0.00035233775638020634
5 0.0002365665368606119
6 0.0002400196965770493
7 0.000233207996263883
8 0.00028224872431895635
9 0.00010224975952101728
13 0.00003247887358452463
20 0.0007394749461544028
21 0.0004291600720032795
34 0.000043438765255019996
36 0.00008296386270199534
38 0.000008702469372146433
39 0.000009267556912609724
40 0.000012008345186710319
41 0.000014853122149744404
42 0.00015433140917806565
43 0.000020607687896278735
44 0.00013635553537529827
45 0.00025964242459217314
46 0.0001834307973068906
47 0.00018056511846585937
48 0.00013154366307515625
49 0.00008324134787818645
51 0.00004686777384075253
52 0.00028994739050714656
58 0.0010983401500430064
59 0.0014055513699140715
60 0.0002572917550567303
61 0.00035285287846540845
63 0.0000018927659338536198
64 0.00018731984297588175
67 0.00004203784642398019
73 0.00019291377466338104
76 0.0004007527960775733
82 0.0011329650910648025
84 0.0002130879622223576
85 0.00024357296170002702
86 0.0004408563537610837
91 0.0005188152611795682
99 0.0009813138130714298
150 0.00035621126149020904
171 0.0001368611790876869
183 0.000416258063524805
196 0.0001675808341520189
245 0.000181970089392662
255 0.00017273030805218352
261 0.0002338723830583595
282 0.0007637983509111575
308 0.0005258216860189834
412 0.00028729384230050906
457 0.0002936355528176933
494 0.00019532208520319432
495 0.0003753890228061612
576 0.0003086168757797243
691 0.0003038092374917516
747 0.0010376305223591363
815 0.0004737399020075509
1141 0.00041790813825628515
1263 0.0005188152611795682
1276 0.00048355146215385347
1358 0.0004942172352587358
1388 0.0007507780456123224
1389 0.004430684753565315
1390 0.0005587052342654505
1391 0.0013069642533393056
1392 0.000873114324417637
1393 0.000873114324417637
1394 0.000873114324417637