9 0.00020449951904203455
13 0.00003247887358452463
19 0.00066061617097516
22 0.0001341735889149772
28 0.0005066488975853823
34 0.000043438765255019996
36 0.00004148193135099767
38 0.000011603292496195242
39 0.000009267556912609724
40 0.00000900625889003274
41 0.000007426561074872202
42 0.00010288760611871043
43 0.000020607687896278735
44 0.00006817776768764914
46 0.0000917153986534453
51 0.00004686777384075253
63 0.000007571063735414479
65 0.00001773141897136357
66 0.00009314029848720488
67 0.00008407569284796038
76 0.0004007527960775733
81 0.00036481418372881415
86 0.0004408563537610837
89 0.00009505729945367397
100 0.00015297081732618925
104 0.00032827690028667443
144 0.0001691423720016671
150 0.00017810563074510452
165 0.0006765124772717924
171 0.00041058353726306076
177 0.00030320240920542457
180 0.0001136486243970201
183 0.00083251612704961
196 0.0001675808341520189
245 0.000181970089392662
264 0.00021085919057695548
277 0.00019930090227324488
287 0.0005162017214474523
304 0.00026056072380914035
310 0.00032453395541518913
335 0.001011800535681562
367 0.0002673724241223067
372 0.00043730308863810597
377 0.0003188377153162591
392 0.0002969338431976791
494 0.00039064417040638865
496 0.0002464916487181342
595 0.0008890314040531017
671 0.0002597352724507996
746 0.0003672140565768559
750 0.0003344468624572988
768 0.0014826517057762074
809 0.0005791825675166354
836 0.001648863445323789
851 0.0002455711563669373
858 0.0012287771795674966
891 0.0004785475402955236
898 0.0003014743275909555
1036 0.0003732936031739842
1110 0.0005332529953860384
1133 0.00048355146215385347
1395 0.0003479000205792796
1416 0.0016234922005994874
1446 0.001438201479074605
1448 0.0004603543550640608
1450 0.00032568748957397626
1625 0.0005332529953860384
1893 0.0037093099658636283
2085 0.0003672140565768559
2152 0.0004942172352587358
2202 0.00046465581618336337
2203 0.0004603543550640608
2204 0.0005258216860189834
2270 0.0029537898357102094
3315 0.00045217938883475555
3445 0.0014768949178551047
4574 0.0014063673198036752
5198 0.0007881489921597373
5535 0.000873114324417637
5536 0.005169132212492868
5537 0.004365571622088185
5538 0.0015762979843194746
5539 0.0023644469764792122
5540 0.000873114324417637
5541 0.000873114324417637
5542 0.000873114324417637
5543 0.0015762979843194746
5544 0.000873114324417637
5545 0.000873114324417637
5546 0.000873114324417637
5547 0.001746228648835274
5548 0.001746228648835274