10 0.00140734118384215
13 0.00003897464830142955
34 0.00008687753051003999
36 0.00004148193135099767
38 0.000005801646248097621
39 0.000018535113825219447
40 0.000006004172593355159
41 0.000011139841612308305
43 0.00001236461273776724
44 0.00013635553537529827
46 0.0005961500912473944
47 0.00040627151654818366
48 0.00013154366307515625
49 0.00008324134787818645
51 0.00004686777384075253
55 0.00009700475713476236
56 0.00006477729821638932
57 0.0001250684069607151
63 0.0000037855318677072396
65 0.00001773141897136357
67 0.00008407569284796038
71 0.00037685426934279566
76 0.0010686741228735288
88 0.0004974543902408237
104 0.00016413845014333722
122 0.00018417084982617462
123 0.000188234616351904
125 0.0008047533925478269
149 0.0003732936031739842
150 0.0005343168922353136
160 0.00018023749427928805
165 0.00045100831818119485
177 0.0004548036138081369
180 0.00005682431219851005
183 0.00166503225409922
196 0.0003351616683040378
210 0.0006403547810939524
277 0.00039860180454648976
494 0.0015625766816255546
573 0.0001652752038556845
638 0.00040116683707882124
642 0.0003887745697496512
669 0.00012589385831905585
753 0.0002783569986123394
763 0.0006758309323565803
836 0.000549621148441263
851 0.00008185705212231243
870 0.00044828766312813873
981 0.000618218327643938
1028 0.0003541015143419739
1110 0.0005332529953860384
1154 0.0003960586369806884
1162 0.0006052724462960429
1264 0.00046465581618336337
1285 0.0014532893234809562
1388 0.0007507780456123224
1543 0.0007384474589275524
1548 0.0003985861298959538
1894 0.002198484593765052
2454 0.0007031836599018376
4189 0.0007881489921597373
4252 0.0006534821266696528
5549 0.002619342973252911
5550 0.000873114324417637
5551 0.000873114324417637
5552 0.000873114324417637