0 0.00019243773886705868
9 0.00010224975952101728
10 0.0009382274558947666
13 0.000006495774716904924
16 0.00007545831652538253
17 0.002075640334394609
18 0.0014234965820728077
19 0.0007927394051701919
23 0.0015961308271462834
33 0.00011331060825040136
38 0.000008702469372146433
39 0.000013901335368914586
40 0.00000900625889003274
41 0.00002227968322461661
42 0.000051443803059355216
43 0.000004121537579255747
44 0.00020453330306294742
46 0.0004127192939405039
47 0.00036113023693171874
48 0.00013154366307515625
49 0.000041620673939093223
51 0.00004686777384075253
56 0.00012955459643277864
63 0.0000037855318677072396
65 0.00001773141897136357
66 0.00027942089546161464
67 0.00004203784642398019
76 0.0002671685307183822
89 0.00019011459890734794
113 0.00033400045115600295
139 0.00028224872431895635
160 0.00018023749427928805
183 0.000416258063524805
185 0.0002656336848489608
230 0.0002958245228348551
236 0.0025609387591521465
238 0.000549621148441263
239 0.0006758309323565803
249 0.0011593189795465655
251 0.00022002825322499402
277 0.00019930090227324488
279 0.00022929556638299245
294 0.0007971722597919076
295 0.0007384474589275524
352 0.0002958245228348551
368 0.00018686500362842702
375 0.00025891534254753946
437 0.00032153186911851154
496 0.0004929832974362684
514 0.00043049138832493966
573 0.0001652752038556845
613 0.0002597352724507996
670 0.001331771223993542
766 0.0004785475402955236
803 0.0005194705449015992
826 0.0004272224195725296
836 0.000549621148441263
851 0.00008185705212231243
1007 0.000787164416075248
1034 0.00034065472379816113
1084 0.00036920725599727517
1545 0.0014212197060226527
2156 0.0005332529953860384
2338 0.0005908656000986806
2770 0.0015564457835387047
4282 0.0007881489921597373
4344 0.0013069642533393056
4467 0.0006758309323565803
5558 0.000873114324417637