9 0.00020449951904203455
13 0.000025983098867619697
16 0.00007545831652538253
21 0.0001430533573344265
22 0.0002683471778299544
33 0.00011331060825040136
34 0.000043438765255019996
38 0.000008702469372146433
39 0.000013901335368914586
40 0.00000900625889003274
41 0.000011139841612308305
42 0.00015433140917806565
43 0.000016486150317022987
44 0.00013635553537529827
46 0.0006878654899008398
47 0.0006771191942469727
48 0.00013154366307515625
49 0.000041620673939093223
51 0.00004686777384075253
55 0.00009700475713476236
56 0.00012955459643277864
57 0.0001250684069607151
63 0.0000037855318677072396
65 0.00001773141897136357
67 0.00008407569284796038
69 0.00023724943034546792
71 0.00012561808978093188
89 0.0003802291978146959
100 0.0003059416346523785
124 0.00009942778247685315
150 0.00035621126149020904
176 0.00033751149866781817
180 0.00005682431219851005
230 0.0002958245228348551
267 0.0002783569986123394
277 0.00009965045113662244
279 0.00022929556638299245
289 0.000742466804701393
310 0.001135868843953162
439 0.0029831128287843055
505 0.0003359696033249817
506 0.00029918306343158405
508 0.0005365022616985512
512 0.002222587663412698
573 0.0001652752038556845
576 0.0006172337515594486
613 0.0005194705449015992
669 0.00012589385831905585
682 0.0007507780456123224
709 0.0021819336686915132
753 0.0002783569986123394
851 0.00008185705212231243
1187 0.00035770704084433884
1395 0.0008697500514481991
2014 0.0017194033740271957
5007 0.0006345864806991627
5127 0.003515918299509189
5562 0.0014063673198036752
5563 0.0014063673198036752