9 0.00017041626586836213
13 0.000025983098867619697
16 0.00007545831652538253
21 0.0001430533573344265
22 0.0002683471778299544
30 0.00022182651134558653
33 0.00011331060825040136
38 0.000008702469372146433
39 0.000018535113825219447
40 0.00000900625889003274
41 0.000011139841612308305
42 0.00015433140917806565
43 0.00002885076305479023
44 0.00013635553537529827
46 0.0005044346925939492
47 0.0004965540757811133
48 0.00013154366307515625
49 0.000041620673939093223
51 0.00004686777384075253
55 0.00009700475713476236
56 0.00012955459643277864
57 0.0001250684069607151
63 0.00000567829780156086
67 0.00008407569284796038
68 0.0008744549633130053
69 0.00023724943034546792
71 0.00012561808978093188
72 0.0012349850746289296
76 0.00240451677646544
84 0.0002130879622223576
89 0.00009505729945367397
99 0.0006542092087142864
100 0.001070795721283325
104 0.0008206922507166863
114 0.00021141259586679695
124 0.00009942778247685315
146 0.000529546954728898
159 0.0003553673428358886
177 0.0004548036138081369
179 0.0003086168757797243
180 0.0001136486243970201
183 0.0006243870952872076
245 0.000545910268177986
310 0.0017849367547835403
367 0.0002673724241223067
375 0.00025891534254753946
376 0.0013626188951926445
391 0.0002774030711249583
396 0.00019196354460646538
401 0.00018110073068838497
411 0.00022304017535425432
445 0.0004624723451260439
493 0.00023454039050719067
507 0.00027274170858643915
508 0.0002682511308492756
512 0.00031751252334467103
573 0.0001652752038556845
608 0.0003438806748054391
669 0.0002517877166381117
691 0.0006076184749835032
709 0.00027274170858643915
815 0.0004737399020075509
851 0.00008185705212231243
1060 0.0002852508106156339
1173 0.00041790813825628515
1315 0.0026897259787688325
1325 0.00562230966434452
1395 0.0003479000205792796
1528 0.00043730308863810597
1598 0.0006037805934374678
1632 0.004726924800789445
1634 0.000549621148441263
1785 0.00030499358548289365
1804 0.0007384474589275524
1886 0.0004785475402955236
1934 0.0005188152611795682
1935 0.000505900267840781
2299 0.0005587052342654505
2544 0.0005685167944117531
3293 0.007681252801282849
3620 0.0006037805934374678
4257 0.0003887745697496512
5564 0.0015762979843194746
5565 0.000618218327643938
5566 0.000618218327643938
5567 0.000618218327643938
5568 0.000618218327643938
5569 0.000618218327643938