9 0.00017041626586836213
13 0.000025983098867619697
16 0.00007545831652538253
21 0.0001430533573344265
22 0.0001341735889149772
33 0.00011331060825040136
34 0.000043438765255019996
37 0.0004195196388193289
38 0.000008702469372146433
39 0.000013901335368914586
40 0.000012008345186710319
41 0.000014853122149744404
42 0.00010288760611871043
43 0.00002885076305479023
44 0.00013635553537529827
46 0.00045857699326722653
47 0.00036113023693171874
48 0.00013154366307515625
49 0.00012486202181727967
51 0.00004686777384075253
55 0.00029101427140428715
56 0.00006477729821638932
57 0.0001250684069607151
63 0.0000037855318677072396
65 0.00003546283794272714
66 0.00018628059697440975
67 0.00008407569284796038
71 0.00012561808978093188
72 0.0008821321961635212
73 0.00019291377466338104
76 0.0006679213267959556
87 0.000756625071151194
104 0.00032827690028667443
113 0.00011133348371866765
115 0.0004119757166161532
124 0.00009942778247685315
151 0.0003359696033249817
180 0.00005682431219851005
183 0.0010406451588120126
196 0.0003351616683040378
243 0.000794320432093347
245 0.000181970089392662
261 0.0002338723830583595
360 0.00019339166635443979
392 0.0020785369023837543
396 0.0005758906338193962
401 0.001267705114818695
430 0.00022365154352182467
445 0.0004624723451260439
494 0.0013672545964223603
496 0.0002464916487181342
497 0.00035368817101790026
573 0.0001652752038556845
613 0.0005194705449015992
669 0.00012589385831905585
682 0.0003753890228061612
691 0.0009114277124752549
704 0.000618218327643938
851 0.00008185705212231243
1060 0.0002852508106156339
1210 0.001117410468530901
1285 0.0018166116543511955
1321 0.0003271046043571432
1395 0.0003479000205792796
1403 0.00034552605606704003
1450 0.0022798124270178343
1616 0.0005685167944117531
3092 0.0004338499289216686
3538 0.0005332529953860384
3736 0.0007384474589275524
4289 0.0005188152611795682
4443 0.0011817312001973612
4533 0.0006037805934374678
5018 0.0007881489921597373
5031 0.000549621148441263
5570 0.000873114324417637
5571 0.0007881489921597373