9 0.00017041626586836213
13 0.000025983098867619697
16 0.00022637494957614764
21 0.0004291600720032795
22 0.0001341735889149772
33 0.00011331060825040136
37 0.0004195196388193289
38 0.000008702469372146433
39 0.000009267556912609724
40 0.00000900625889003274
41 0.000003713280537436101
42 0.000051443803059355216
43 0.00001236461273776724
46 0.00004585769932672265
49 0.00008324134787818645
51 0.00004686777384075253
63 0.00000567829780156086
65 0.00001773141897136357
66 0.00009314029848720488
67 0.00004203784642398019
73 0.00019291377466338104
87 0.0009457813389389926
124 0.00009942778247685315
135 0.00029805329448025724
144 0.0001691423720016671
160 0.00018023749427928805
177 0.00015160120460271228
180 0.00005682431219851005
196 0.0003351616683040378
286 0.0001987752449196317
310 0.0006490679108303783
445 0.00023123617256302196
494 0.0007812883408127773
520 0.00016189608767124534
613 0.0005194705449015992
691 0.0003038092374917516
851 0.00016371410424462487
1285 0.0014532893234809562
1328 0.0003541015143419739
1395 0.0003479000205792796
1725 0.001322569061283251
4257 0.0003887745697496512
5413 0.0006758309323565803
5572 0.0015762979843194746
5573 0.0007384474589275524
5574 0.000873114324417637
5575 0.001746228648835274