0 0.00019243773886705868
1 0.0001309668193588762
2 0.00017273030805218352
3 0.00037969048392546374
4 0.00035233775638020634
5 0.0002365665368606119
6 0.0002400196965770493
7 0.000233207996263883
8 0.00028224872431895635
9 0.00013633301269468968
13 0.000025983098867619697
14 0.00025254616640991854
20 0.0007394749461544028
21 0.0004291600720032795
22 0.0001341735889149772
29 0.00026649997158873667
34 0.00017375506102007999
36 0.00012444579405299303
38 0.000008702469372146433
39 0.000013901335368914586
40 0.000012008345186710319
41 0.000014853122149744404
42 0.00010288760611871043
43 0.000016486150317022987
44 0.00013635553537529827
45 0.00012982121229608657
46 0.0001834307973068906
47 0.00031598895731525394
48 0.00013154366307515625
49 0.000041620673939093223
51 0.00004686777384075253
52 0.00028994739050714656
55 0.00009700475713476236
56 0.00012955459643277864
58 0.0008237551125322549
59 0.00040158610568973463
60 0.0002572917550567303
61 0.00035285287846540845
63 0.0000018927659338536198
64 0.00018731984297588175
65 0.00003546283794272714
67 0.00008407569284796038
85 0.00048714592340005404
88 0.0004974543902408237
113 0.00011133348371866765
114 0.00021141259586679695
122 0.00018417084982617462
123 0.000188234616351904
139 0.00028224872431895635
144 0.0005074271160050014
152 0.0005587052342654505
154 0.0006629139619520678
165 0.00022550415909059743
171 0.0002737223581753738
194 0.0007031836599018376
195 0.000873114324417637
196 0.0001675808341520189
197 0.0005808473810965232
198 0.002345568639736917
199 0.0007881489921597373
200 0.000873114324417637
201 0.0007881489921597373
202 0.000873114324417637
203 0.003492457297670548
204 0.0015774650580569502
205 0.0007384474589275524
206 0.00044451570202655086
207 0.0006758309323565803
208 0.0029537898357102094
209 0.0005791825675166354
210 0.0003201773905469762
211 0.0006534821266696528
212 0.00040116683707882124
213 0.0005587052342654505
214 0.000273659908111955
215 0.0007031836599018376
216 0.0005587052342654505
217 0.0038744224949244575
218 0.0005332529953860384
219 0.007529373377716261
220 0.002613928506678611
221 0.001117410468530901
222 0.001152445187068451
223 0.0017780628081062034
224 0.007615037768389952
225 0.00042093493558288133
226 0.0006147934070973456
227 0.0006758309323565803
228 0.000873114324417637
229 0.0005121877518304292
230 0.0005916490456697102
231 0.000873114324417637
232 0.000873114324417637
233 0.000873114324417637
234 0.0005332529953860384
235 0.0007384474589275524