0 0.00019243773886705868
1 0.0001309668193588762
2 0.00017273030805218352
4 0.00035233775638020634
5 0.0002365665368606119
6 0.0002400196965770493
7 0.000233207996263883
8 0.00028224872431895635
9 0.00030674927856305184
13 0.000025983098867619697
16 0.00015091663305076506
18 0.0011862471517273398
20 0.0007394749461544028
21 0.000572213429337706
22 0.0001341735889149772
26 0.0002468679904672833
34 0.00013031629576506
36 0.00012444579405299303
38 0.000011603292496195242
39 0.000009267556912609724
40 0.00001801251778006548
41 0.00002227968322461661
42 0.00010288760611871043
43 0.000037093838213301725
44 0.00013635553537529827
45 0.00025964242459217314
46 0.00027514619596033594
47 0.0004965540757811133
48 0.00013154366307515625
49 0.000041620673939093223
51 0.00004686777384075253
52 0.00028994739050714656
55 0.00019400951426952473
56 0.00019433189464916796
57 0.0002501368139214302
58 0.0008237551125322549
59 0.000602379158534602
60 0.0002572917550567303
61 0.00035285287846540845
63 0.0000018927659338536198
64 0.00018731984297588175
65 0.00007092567588545428
67 0.00012611353927194057
81 0.00018240709186440708
85 0.0009742918468001081
88 0.00024872719512041187
110 0.001011800535681562
113 0.00011133348371866765
124 0.00009942778247685315
146 0.000264773477364449
196 0.0005027425024560568
226 0.0002049311356991152
245 0.000181970089392662
253 0.0004944646199309884
255 0.00017273030805218352
264 0.0006325775717308665
297 0.0010466537899913068
307 0.00045100831818119485
308 0.0005258216860189834
310 0.00048680093312278375
357 0.0003438806748054391
363 0.00036332233087023905
411 0.00044608035070850863
445 0.00023123617256302196
490 0.0004338499289216686
491 0.0006221866094455775
492 0.00303752387140371
505 0.0016798480166249088
506 0.0014959153171579206
507 0.00027274170858643915
508 0.0002682511308492756
510 0.0005685167944117531
512 0.00031751252334467103
550 0.00025332444879269114
648 0.0025614191243758097
683 0.0006037805934374678
709 0.0030001587944508312
749 0.0004603543550640608
852 0.0003887745697496512
902 0.0003753890228061612
1082 0.00043730308863810597
1182 0.00045217938883475555
1187 0.00035770704084433884
1263 0.0005188152611795682
1325 0.00031235053690802886
1391 0.0006534821266696528
1395 0.0001739500102896398
1396 0.0011076217679918256
1397 0.0014014370873054699
1398 0.00040380304757415875
1399 0.0011817312001973612
1400 0.0042636591180679586
1401 0.0014063673198036752
1402 0.001746228648835274
1403 0.00034552605606704003
1404 0.0007881489921597373
1405 0.000873114324417637
1406 0.000873114324417637
1407 0.0007881489921597373
1408 0.000873114324417637