9 0.00030674927856305184
13 0.000006495774716904924
16 0.00007545831652538253
22 0.00040252076674493167
30 0.0015527855794191061
33 0.00022662121650080273
34 0.000043438765255019996
36 0.00004148193135099767
38 0.000011603292496195242
39 0.000009267556912609724
40 0.000012008345186710319
41 0.000011139841612308305
42 0.00015433140917806565
43 0.000016486150317022987
44 0.00013635553537529827
45 0.00012982121229608657
46 0.0005044346925939492
47 0.00031598895731525394
48 0.00013154366307515625
49 0.00008324134787818645
51 0.0002812066430445152
55 0.00019400951426952473
56 0.00006477729821638932
57 0.0001250684069607151
63 0.0000037855318677072396
65 0.00001773141897136357
67 0.00004203784642398019
69 0.00023724943034546792
71 0.00012561808978093188
87 0.0013240938745145896
100 0.00015297081732618925
113 0.00033400045115600295
124 0.00009942778247685315
144 0.0003382847440033342
158 0.001421209618696878
177 0.00015160120460271228
180 0.00005682431219851005
255 0.0005181909241565506
265 0.0004120699366150429
277 0.00009965045113662244
368 0.00018686500362842702
445 0.0004624723451260439
494 0.00019532208520319432
520 0.00016189608767124534
551 0.0002832412727662006
555 0.0002457554359134993
573 0.0001652752038556845
652 0.0004737399020075509
750 0.0003344468624572988
851 0.00008185705212231243
967 0.0005791825675166354
1060 0.0002852508106156339
1141 0.0008358162765125703
1395 0.0003479000205792796
1403 0.0006910521121340801
1548 0.0007971722597919076
3502 0.00036332233087023905
5577 0.000873114324417637