13 0.000012991549433809848
16 0.00007545831652538253
33 0.00011331060825040136
36 0.00004148193135099767
38 0.000011603292496195242
39 0.000013901335368914586
40 0.000006004172593355159
41 0.000007426561074872202
42 0.00010288760611871043
43 0.000016486150317022987
44 0.00013635553537529827
45 0.00012982121229608657
46 0.0003668615946137812
47 0.00040627151654818366
48 0.00013154366307515625
49 0.00008324134787818645
51 0.00004686777384075253
63 0.0000037855318677072396
65 0.00003546283794272714
66 0.00018628059697440975
67 0.00004203784642398019
69 0.00023724943034546792
71 0.00012561808978093188
72 0.0014114115138616338
76 0.0010686741228735288
87 0.0005674688033633956
89 0.0003802291978146959
113 0.0002226669674373353
144 0.0006765694880066684
177 0.00015160120460271228
183 0.0002081290317624025
185 0.0007969010545468823
196 0.0001675808341520189
260 0.0003818991754555788
360 0.00019339166635443979
368 0.00018686500362842702
392 0.0008908015295930374
439 0.0003314569809760339
493 0.00023454039050719067
494 0.0007812883408127773
497 0.00017684408550895013
546 0.0004120699366150429
609 0.00043730308863810597
670 0.000665885611996771
772 0.0002597352724507996
790 0.0004887683798320584
851 0.00008185705212231243
858 0.0002457554359134993
1070 0.0003541015143419739
1322 0.0004737399020075509
1358 0.0004942172352587358
1450 0.000977062468721929
1788 0.0004120699366150429
2085 0.0007344281131537118
2202 0.0009293116323667267
2203 0.0009207087101281216
2204 0.0010516433720379667
2570 0.0006345864806991627
3764 0.0007031836599018376
4582 0.0007384474589275524
5578 0.000873114324417637
5579 0.000873114324417637
5580 0.000873114324417637
5581 0.0007031836599018376
5582 0.000873114324417637