9 0.00013633301269468968
13 0.000006495774716904924
14 0.00025254616640991854
22 0.0001341735889149772
34 0.000043438765255019996
36 0.00004148193135099767
37 0.00020975981940966445
38 0.000008702469372146433
39 0.00002316889228152431
40 0.000012008345186710319
41 0.000014853122149744404
42 0.00010288760611871043
43 0.00001236461273776724
44 0.00013635553537529827
46 0.0003210038952870586
47 0.00031598895731525394
48 0.00013154366307515625
49 0.00008324134787818645
63 0.00000567829780156086
65 0.00001773141897136357
66 0.00009314029848720488
67 0.00008407569284796038
69 0.00023724943034546792
70 0.00035233775638020634
71 0.00025123617956186376
72 0.00017642643923270423
76 0.0001335842653591911
100 0.00015297081732618925
122 0.0005525125494785239
131 0.0004092519030008361
144 0.0005074271160050014
151 0.0006719392066499634
159 0.001066102028507666
165 0.00022550415909059743
180 0.00005682431219851005
183 0.0002081290317624025
192 0.0003242865707429365
193 0.0005872711056353866
210 0.0003201773905469762
286 0.0001987752449196317
293 0.0003285382939579267
307 0.00022550415909059743
333 0.002169249644608343
375 0.00025891534254753946
393 0.0010172191095523992
437 0.0006430637382370231
546 0.0004120699366150429
555 0.0004915108718269986
569 0.00042093493558288133
576 0.0003086168757797243
643 0.000505900267840781
717 0.000393582208037624
749 0.0004603543550640608
851 0.00008185705212231243
898 0.0003014743275909555
979 0.0004338499289216686
1057 0.0004338499289216686
1078 0.0004408563537610837
1095 0.0004120699366150429
1162 0.0018158173388881287
1367 0.0007384474589275524
1395 0.0001739500102896398
1403 0.00034552605606704003
1425 0.0004691137279473833
1478 0.000499919615209078
1667 0.0005791825675166354
2155 0.00048355146215385347
3353 0.0005332529953860384
3354 0.008669638913757112
3355 0.0007031836599018376
3737 0.013292054260695945
3764 0.0007031836599018376
3946 0.006758309323565804
4512 0.0007881489921597373
4921 0.00048355146215385347
5583 0.000873114324417637
5584 0.000873114324417637
5585 0.000873114324417637