9 0.00013633301269468968
16 0.00015091663305076506
22 0.0001341735889149772
38 0.000005801646248097621
39 0.000004633778456304862
40 0.00002701877667009822
41 0.000014853122149744404
43 0.000016486150317022987
44 0.00020453330306294742
47 0.00004514127961646484
49 0.0001664826957563729
51 0.0001406033215222576
56 0.00012955459643277864
63 0.0000037855318677072396
65 0.00001773141897136357
66 0.00027942089546161464
89 0.00047528649726836993
100 0.00015297081732618925
104 0.0009848307008600234
107 0.0012295868141946912
113 0.0002226669674373353
122 0.00018417084982617462
162 0.0004149542829511784
185 0.0005312673696979216
193 0.0002936355528176933
237 0.002491237150522289
251 0.00044005650644998804
264 0.00021085919057695548
287 0.00025810086072372616
292 0.0002914849877710017
307 0.00022550415909059743
340 0.0005587052342654505
341 0.0011817312001973612
347 0.0009919098949619435
368 0.00018686500362842702
391 0.0011096122844998333
412 0.0028729384230050913
445 0.0004624723451260439
455 0.00041790813825628515
475 0.0014313403504639844
551 0.0002832412727662006
555 0.0002457554359134993
590 0.0003672140565768559
625 0.00048355146215385347
629 0.0005685167944117531
641 0.000393582208037624
669 0.00012589385831905585
711 0.0004092519030008361
844 0.0007881489921597373
851 0.00008185705212231243
858 0.0002457554359134993
863 0.00036920725599727517
893 0.002265125318042068
901 0.0011370335888235062
1082 0.00043730308863810597
1085 0.000787164416075248
1115 0.0013119092659143181
1153 0.0004120699366150429
1154 0.0007921172739613768
1280 0.00032568748957397626
1397 0.0005605748349221879
1425 0.002345568639736917
1450 0.001302749958295905
1519 0.00046465581618336337
1586 0.002265125318042068
1713 0.0008241398732300858
1876 0.0013069642533393056
2155 0.00048355146215385347
2164 0.0012691729613983254
2260 0.00045619873460859607
2319 0.000549621148441263
2338 0.0005908656000986806
2366 0.0008358162765125703
2623 0.0007031836599018376
2863 0.000618218327643938
2923 0.0006534821266696528
2932 0.0033522314055927033
4271 0.002027492797069741
4989 0.0006534821266696528
5503 0.0007881489921597373
5581 0.0007031836599018376
5586 0.000873114324417637
5587 0.000873114324417637
5588 0.000873114324417637
5589 0.001746228648835274
5590 0.0047288939529584245
5591 0.000873114324417637
5592 0.00873114324417637
5593 0.000873114324417637
5594 0.000873114324417637
5595 0.003492457297670548
5596 0.003492457297670548
5597 0.000873114324417637
5598 0.000873114324417637
5599 0.000873114324417637
5600 0.000873114324417637
5601 0.000873114324417637
5602 0.000873114324417637
5603 0.000873114324417637
5604 0.000873114324417637
5605 0.000873114324417637
5606 0.000873114324417637
5607 0.001746228648835274
5608 0.000873114324417637