1 0.0001309668193588762
9 0.00013633301269468968
13 0.000019487324150714776
16 0.0004527498991522953
22 0.0001341735889149772
28 0.00025332444879269114
29 0.00026649997158873667
34 0.00013031629576506
36 0.00004148193135099767
37 0.0008390392776386578
38 0.000008702469372146433
39 0.000009267556912609724
40 0.000015010431483387899
41 0.000014853122149744404
43 0.00003297230063404597
49 0.00008324134787818645
61 0.00017642643923270423
63 0.00000567829780156086
65 0.00001773141897136357
67 0.00004203784642398019
69 0.00023724943034546792
70 0.00035233775638020634
71 0.00012561808978093188
89 0.00028517189836102194
113 0.0006680009023120059
124 0.0001988555649537063
128 0.0009123974692171921
160 0.00018023749427928805
167 0.00045217938883475555
180 0.00005682431219851005
223 0.004445157020265509
225 0.00042093493558288133
255 0.00017273030805218352
286 0.0001987752449196317
341 0.0005908656000986806
352 0.0002958245228348551
376 0.00034065472379816113
391 0.000832209213374875
392 0.0011877353727907164
401 0.00036220146137676994
416 0.0009332799141683663
445 0.0006937085176890659
455 0.0008358162765125703
475 0.003721484911206359
491 0.00031109330472278875
508 0.0018777579159449296
538 0.0002852508106156339
557 0.0012721151063260982
609 0.0008746061772762119
614 0.0005121877518304292
625 0.00048355146215385347
657 0.01005669421677811
669 0.00012589385831905585
671 0.0005194705449015992
672 0.0014826517057762074
693 0.0018087175553390222
753 0.0002783569986123394
843 0.0006345864806991627
851 0.00008185705212231243
852 0.0023326474184979075
863 0.00036920725599727517
870 0.0013448629893844162
1084 0.00036920725599727517
1112 0.0003672140565768559
1153 0.0008241398732300858
1154 0.0003960586369806884
1223 0.0009775367596641168
1224 0.0008965753262562775
1280 0.0006513749791479525
1302 0.0005411640668664958
1397 0.003924023844455316
1436 0.0077368233944616555
1450 0.001302749958295905
1621 0.0004338499289216686
1674 0.0004338499289216686
1742 0.000999839230418156
1880 0.0005587052342654505
2030 0.005517042945118162
2038 0.004430684753565315
2085 0.0003672140565768559
2366 0.00041790813825628515
2372 0.0007031836599018376
2406 0.0006758309323565803
2631 0.0008241398732300858
2729 0.0018546549829318141
2836 0.0009474798040151018
3221 0.0006758309323565803
3226 0.0010376305223591363
3777 0.0004785475402955236
3923 0.0007881489921597373
4137 0.0009671029243077069
4148 0.003515918299509189
4172 0.0021032867440759335
4739 0.0006758309323565803
4740 0.0006758309323565803
4741 0.0007384474589275524
4941 0.007881489921597373
5118 0.0007881489921597373
5123 0.003515918299509189
5609 0.0021095509797055133
5610 0.0007384474589275524
5611 0.000873114324417637
5612 0.0007881489921597373
5613 0.0007031836599018376
5614 0.000873114324417637