1 0.0002619336387177524
9 0.00020449951904203455
13 0.00007145352188595418
16 0.00007545831652538253
33 0.00022662121650080273
38 0.000008702469372146433
39 0.000013901335368914586
40 0.000006004172593355159
41 0.000007426561074872202
42 0.00015433140917806565
43 0.00002472922547553448
44 0.00020453330306294742
46 0.0003668615946137812
47 0.00036113023693171874
48 0.00013154366307515625
49 0.00008324134787818645
52 0.00014497369525357328
55 0.00009700475713476236
56 0.00006477729821638932
57 0.0001250684069607151
63 0.0000094638296692681
69 0.00023724943034546792
71 0.00012561808978093188
89 0.00009505729945367397
100 0.00015297081732618925
113 0.00011133348371866765
115 0.0002059878583080766
125 0.0005365022616985512
144 0.0006765694880066684
160 0.00018023749427928805
165 0.00045100831818119485
177 0.00015160120460271228
179 0.0003086168757797243
180 0.00005682431219851005
193 0.0002936355528176933
197 0.0002904236905482616
214 0.00054731981622391
226 0.0002049311356991152
245 0.000181970089392662
277 0.00009965045113662244
279 0.00022929556638299245
282 0.00305519340364463
286 0.0001987752449196317
292 0.0002914849877710017
304 0.00026056072380914035
320 0.0023578012133405124
363 0.0007266446617404781
367 0.0002673724241223067
376 0.00034065472379816113
391 0.0002774030711249583
396 0.0011517812676387924
401 0.00018110073068838497
411 0.00022304017535425432
430 0.00022365154352182467
441 0.0003438806748054391
497 0.00035368817101790026
580 0.0008817127075221674
589 0.0004737399020075509
608 0.0017194033740271957
654 0.003967707183849754
669 0.0003776815749571676
716 0.0003136207976380542
805 0.0009382274558947666
851 0.00008185705212231243
876 0.0015646192821155952
879 0.0002958245228348551
899 0.00044828766312813873
988 0.00041790813825628515
1026 0.0016234922005994874
1060 0.0002852508106156339
1088 0.000999839230418156
1112 0.0007344281131537118
1120 0.00029472515166756405
1283 0.0037298034016921304
1499 0.000393582208037624
1598 0.0006037805934374678
1653 0.004209349355828814
1705 0.0004149542829511784
1785 0.00030499358548289365
1878 0.0003841483956894837
1886 0.0004785475402955236
1934 0.0005188152611795682
1935 0.000505900267840781
2299 0.0005587052342654505
2544 0.0005685167944117531
3603 0.0006345864806991627
3620 0.0006037805934374678
3928 0.0007507780456123224
5457 0.0011370335888235062
5565 0.000618218327643938
5566 0.000618218327643938
5567 0.000618218327643938
5568 0.000618218327643938
5569 0.000618218327643938
5613 0.0014063673198036752
5615 0.0007881489921597373