0 0.00019243773886705868
9 0.00017041626586836213
13 0.000012991549433809848
16 0.00007545831652538253
17 0.0011321674551243322
18 0.0011862471517273398
19 0.0002642464683900639
22 0.0001341735889149772
33 0.00011331060825040136
35 0.0003887745697496512
36 0.00004148193135099767
38 0.000008702469372146433
39 0.000013901335368914586
40 0.00000900625889003274
41 0.000011139841612308305
42 0.00015433140917806565
43 0.000008243075158511493
44 0.00013635553537529827
46 0.00027514619596033594
47 0.00031598895731525394
48 0.00013154366307515625
49 0.00008324134787818645
51 0.00004686777384075253
55 0.00009700475713476236
56 0.00019433189464916796
57 0.0001250684069607151
63 0.0000037855318677072396
65 0.00003546283794272714
66 0.00018628059697440975
76 0.0002671685307183822
81 0.00036481418372881415
87 0.0001891562677877985
97 0.00023454039050719067
113 0.00011133348371866765
123 0.000188234616351904
138 0.0003775208863403447
171 0.0001368611790876869
183 0.000416258063524805
185 0.0002656336848489608
204 0.0005258216860189834
212 0.00040116683707882124
226 0.0002049311356991152
236 0.0025609387591521465
238 0.000549621148441263
239 0.0006758309323565803
258 0.0003960586369806884
259 0.00025891534254753946
268 0.00048355146215385347
347 0.0002479774737404859
368 0.00018686500362842702
438 0.0021573022186119075
496 0.0004929832974362684
520 0.00016189608767124534
576 0.0003086168757797243
613 0.0002597352724507996
669 0.00012589385831905585
741 0.00035233775638020634
803 0.0002597352724507996
851 0.000040928526061156217
1034 0.00034065472379816113
1036 0.001866468015869921
1196 0.0003841483956894837
1263 0.0005188152611795682
1495 0.0004691137279473833
1591 0.0004691137279473833
1820 0.0031525959686389492
2587 0.0007384474589275524
2885 0.0005908656000986806
3001 0.0005908656000986806
3601 0.0003672140565768559
4105 0.0007384474589275524
4415 0.0005908656000986806
5536 0.0022153423767826575
5581 0.0007031836599018376
5609 0.0021095509797055133
5619 0.003940744960798687
5620 0.000873114324417637
5621 0.000873114324417637
5622 0.000873114324417637