0 0.00019243773886705868
1 0.0001309668193588762
2 0.00017273030805218352
3 0.00037969048392546374
4 0.00035233775638020634
5 0.0002365665368606119
6 0.0002400196965770493
7 0.000233207996263883
8 0.00028224872431895635
9 0.00006816650634734484
12 0.0005129759100776286
13 0.000012991549433809848
20 0.0002464916487181342
28 0.00025332444879269114
33 0.00011331060825040136
34 0.00013031629576506
36 0.00008296386270199534
38 0.000008702469372146433
39 0.000009267556912609724
40 0.00000900625889003274
41 0.000011139841612308305
42 0.00010288760611871043
43 0.00001236461273776724
44 0.00013635553537529827
45 0.00012982121229608657
46 0.0001834307973068906
47 0.00022570639808232424
48 0.00013154366307515625
49 0.000041620673939093223
51 0.00004686777384075253
52 0.00028994739050714656
58 0.0002745850375107516
59 0.00040158610568973463
60 0.0002572917550567303
61 0.00035285287846540845
63 0.0000018927659338536198
64 0.00018731984297588175
65 0.00001773141897136357
68 0.0008744549633130053
85 0.00024357296170002702
89 0.00019011459890734794
91 0.0005188152611795682
99 0.0003271046043571432
104 0.00016413845014333722
105 0.0003314569809760339
113 0.0002226669674373353
116 0.0007031836599018376
118 0.0012105448925920858
130 0.00027274170858643915
144 0.0003382847440033342
171 0.0002737223581753738
206 0.00044451570202655086
255 0.00034546061610436703
324 0.0003753890228061612
411 0.00044608035070850863
457 0.0002936355528176933
461 0.0003985861298959538
497 0.00017684408550895013
520 0.00016189608767124534
532 0.0012075611868749357
537 0.0003960586369806884
561 0.0007031836599018376
594 0.0003438806748054391
599 0.000618218327643938
641 0.000393582208037624
691 0.0003038092374917516
951 0.000549621148441263
1028 0.0014164060573678956
1085 0.000393582208037624
1115 0.00043730308863810597
1132 0.0007384474589275524
1178 0.0008676998578433372
1328 0.0003541015143419739
1377 0.0006345864806991627
1397 0.0005605748349221879
1409 0.0005908656000986806
1410 0.0005685167944117531
1411 0.0005121877518304292
1412 0.0005188152611795682
1413 0.0004149542829511784
1414 0.007858028919758734
1415 0.0007031836599018376
1416 0.0005411640668664958
1417 0.0003911548205288988
1418 0.0007031836599018376
1419 0.0007031836599018376
1420 0.000873114324417637