9 0.00017041626586836213
13 0.00003897464830142955
15 0.0002564879550388143
16 0.00007545831652538253
19 0.00013212323419503196
22 0.0001341735889149772
28 0.00025332444879269114
29 0.00026649997158873667
34 0.000043438765255019996
37 0.0012585589164579869
38 0.000008702469372146433
39 0.000032436449194134037
40 0.00000900625889003274
41 0.000011139841612308305
42 0.00010288760611871043
43 0.000037093838213301725
44 0.00013635553537529827
45 0.00025964242459217314
46 0.0003668615946137812
47 0.00036113023693171874
48 0.00013154366307515625
49 0.00012486202181727967
51 0.00004686777384075253
55 0.00009700475713476236
56 0.00019433189464916796
57 0.0001250684069607151
63 0.0000037855318677072396
65 0.00003546283794272714
67 0.00008407569284796038
68 0.0002914849877710017
72 0.0037049552238867887
76 0.0010686741228735288
87 0.000378312535575597
100 0.00015297081732618925
104 0.00032827690028667443
107 0.0004098622713982304
125 0.0002682511308492756
138 0.0003775208863403447
144 0.0013531389760133368
149 0.0003732936031739842
159 0.0001776836714179443
171 0.0002737223581753738
180 0.00005682431219851005
183 0.0014569032223368179
251 0.00022002825322499402
254 0.0004272224195725296
287 0.0005162017214474523
292 0.0002914849877710017
304 0.00026056072380914035
396 0.00038392708921293077
401 0.000905503653441925
445 0.0004624723451260439
452 0.0002764565099464942
497 0.00035368817101790026
498 0.0003558910215031841
544 0.0004785475402955236
576 0.0003086168757797243
613 0.0005194705449015992
669 0.00012589385831905585
670 0.0003329428059983855
691 0.0009114277124752549
746 0.0003672140565768559
769 0.00045619873460859607
841 0.0004338499289216686
850 0.0011881759109420651
851 0.00008185705212231243
873 0.0011390714517763912
1029 0.00047449886069093585
1070 0.0014164060573678956
1073 0.00046465581618336337
1390 0.0005587052342654505
1395 0.0001739500102896398
1781 0.000846746172956869
1908 0.003920892760017917
2128 0.0021865154431905303
2280 0.0006037805934374678
3208 0.00034065472379816113
3315 0.00045217938883475555
3717 0.00048355146215385347
3751 0.000549621148441263
3909 0.0013516618647131605
4192 0.0005258216860189834
4257 0.0003887745697496512
5420 0.000618218327643938
5609 0.003515918299509189
5623 0.000873114324417637