2 0.00017273030805218352
9 0.00017041626586836213
12 0.000769463865116443
13 0.000006495774716904924
16 0.00007545831652538253
19 0.00013212323419503196
22 0.0002683471778299544
30 0.0008873060453823461
33 0.00022662121650080273
34 0.00017375506102007999
35 0.0003887745697496512
36 0.00004148193135099767
38 0.000008702469372146433
39 0.00002316889228152431
40 0.00002101460407674306
41 0.000011139841612308305
42 0.000051443803059355216
43 0.000016486150317022987
44 0.00013635553537529827
45 0.00012982121229608657
46 0.00045857699326722653
47 0.00045141279616464847
48 0.00013154366307515625
49 0.00008324134787818645
55 0.00019400951426952473
56 0.00019433189464916796
57 0.0002501368139214302
63 0.00000567829780156086
65 0.00001773141897136357
66 0.00018628059697440975
67 0.00008407569284796038
72 0.0008821321961635212
76 0.0009350898575143378
85 0.00048714592340005404
87 0.0005674688033633956
97 0.00023454039050719067
99 0.0013084184174285728
124 0.00009942778247685315
144 0.0008457118600083356
179 0.0006172337515594486
180 0.00005682431219851005
198 0.0004691137279473833
247 0.00026056072380914035
270 0.001438201479074605
271 0.0008975491902947523
347 0.0007439324212214578
360 0.00019339166635443979
375 0.00025891534254753946
391 0.0005548061422499166
392 0.0002969338431976791
399 0.0002969338431976791
430 0.00022365154352182467
438 0.0017977518488432563
462 0.000618218327643938
496 0.0002464916487181342
507 0.00027274170858643915
573 0.0001652752038556845
613 0.0002597352724507996
639 0.0005587052342654505
648 0.0003201773905469762
669 0.00012589385831905585
719 0.00048355146215385347
779 0.0006052724462960429
803 0.0002597352724507996
851 0.00008185705212231243
952 0.0007384474589275524
987 0.0005685167944117531
1001 0.0006147943470845361
1034 0.00034065472379816113
1057 0.0008676998578433372
1115 0.00043730308863810597
1413 0.004149542829511785
1424 0.0015564457835387047
1425 0.00140734118384215
1442 0.0004338499289216686
1519 0.00046465581618336337
1529 0.0003818991754555788
1634 0.000549621148441263
1725 0.0008817127075221674
1761 0.0007384474589275524
1785 0.00030499358548289365
2509 0.0019604463800089586
3053 0.0016761157027963517
4127 0.0006037805934374678
4223 0.0008890314040531017
4659 0.0007881489921597373
5122 0.0015762979843194746
5624 0.0014768949178551047
5625 0.0006758309323565803
5626 0.000873114324417637
5627 0.000873114324417637