9 0.00013633301269468968
13 0.000019487324150714776
16 0.00007545831652538253
33 0.00033993182475120415
34 0.000043438765255019996
36 0.00012444579405299303
37 0.0006292794582289934
38 0.000008702469372146433
39 0.000009267556912609724
40 0.00000900625889003274
41 0.000003713280537436101
42 0.00010288760611871043
43 0.000020607687896278735
45 0.00012982121229608657
49 0.000041620673939093223
56 0.00006477729821638932
60 0.0002572917550567303
63 0.000007571063735414479
65 0.00005319425691409072
67 0.00008407569284796038
68 0.0002914849877710017
72 0.002293543710025155
73 0.0003858275493267621
87 0.0001891562677877985
113 0.00011133348371866765
136 0.0011702222163297803
180 0.0001136486243970201
196 0.0003351616683040378
251 0.00022002825322499402
261 0.000467744766116719
287 0.00025810086072372616
401 0.00018110073068838497
431 0.00037969048392546374
438 0.00035955036976865123
493 0.001407242343043144
494 0.0013672545964223603
497 0.00017684408550895013
608 0.0017194033740271957
851 0.00016371410424462487
858 0.0002457554359134993
876 0.0011734644615866965
898 0.0003014743275909555
1395 0.0005218500308689194
1511 0.0004408563537610837
1781 0.00028224872431895635
2085 0.0003672140565768559
2202 0.00046465581618336337
2203 0.0004603543550640608
2204 0.0005258216860189834
4203 0.000505900267840781
5642 0.0015762979843194746
5643 0.000618218327643938
5644 0.002619342973252911