2 0.00017273030805218352
9 0.00027266602538937937
13 0.00003897464830142955
16 0.00007545831652538253
20 0.0007394749461544028
21 0.000286106714668853
22 0.0001341735889149772
29 0.00026649997158873667
33 0.00022662121650080273
34 0.0002171938262751
36 0.0002074096567549884
38 0.000008702469372146433
39 0.000013901335368914586
40 0.000015010431483387899
41 0.000014853122149744404
42 0.000051443803059355216
43 0.000020607687896278735
44 0.00013635553537529827
45 0.00025964242459217314
46 0.0004127192939405039
47 0.00040627151654818366
48 0.00013154366307515625
49 0.00012486202181727967
51 0.00023433886920376268
55 0.00019400951426952473
56 0.00012955459643277864
57 0.0001250684069607151
63 0.0000037855318677072396
65 0.00003546283794272714
67 0.00004203784642398019
71 0.00012561808978093188
73 0.00019291377466338104
113 0.0002226669674373353
114 0.00021141259586679695
115 0.0004119757166161532
158 0.00028424192373937554
176 0.00033751149866781817
180 0.00005682431219851005
186 0.00025254616640991854
260 0.0007637983509111575
264 0.0008434367623078219
307 0.00022550415909059743
360 0.00019339166635443979
368 0.00018686500362842702
491 0.0034220263519506764
505 0.0006719392066499634
506 0.0005983661268631681
507 0.00027274170858643915
508 0.002950762439342032
512 0.0009525375700340132
554 0.0003985861298959538
573 0.000330550407711369
647 0.004799276958474346
669 0.0002517877166381117
682 0.002627723159643129
709 0.0008182251257593176
782 0.00036142184220439385
851 0.00008185705212231243
1029 0.00047449886069093585
1187 0.00035770704084433884
1395 0.0003479000205792796
1397 0.0022422993396887516
1803 0.0004942172352587358
2014 0.0003438806748054391
2346 0.00044828766312813873
2631 0.004532769302765472
2693 0.000848076737550732
4169 0.000424038368775366