2 0.00017273030805218352
9 0.00003408325317367242
10 0.0004691137279473833
12 0.0005129759100776286
13 0.000012991549433809848
16 0.00007545831652538253
33 0.00011331060825040136
34 0.00008687753051003999
36 0.00016592772540399069
38 0.000008702469372146433
39 0.000027802670737829172
40 0.000006004172593355159
41 0.000007426561074872202
43 0.00001236461273776724
44 0.00013635553537529827
45 0.00012982121229608657
46 0.0003668615946137812
47 0.00040627151654818366
48 0.00013154366307515625
49 0.00012486202181727967
52 0.00014497369525357328
55 0.00009700475713476236
56 0.00019433189464916796
57 0.0001250684069607151
63 0.00000567829780156086
65 0.00001773141897136357
66 0.0006519820894104342
81 0.00018240709186440708
89 0.00009505729945367397
104 0.00016413845014333722
107 0.0002049311356991152
114 0.00021141259586679695
115 0.0002059878583080766
123 0.000188234616351904
125 0.0002682511308492756
126 0.010044715201677573
127 0.0012537244147688554
133 0.0039796175608822724
139 0.00028224872431895635
144 0.0016914237200166711
150 0.00017810563074510452
156 0.0004338499289216686
171 0.0002737223581753738
175 0.0018769451140308064
180 0.00005682431219851005
238 0.000549621148441263
255 0.0005181909241565506
270 0.00035955036976865123
271 0.0005983661268631681
277 0.00009965045113662244
287 0.0005162017214474523
304 0.0005211214476182807
316 0.0005411640668664958
334 0.0005791825675166354
353 0.0003753890228061612
376 0.00034065472379816113
392 0.0002969338431976791
396 0.00019196354460646538
399 0.0002969338431976791
406 0.001011800535681562
442 0.0003242865707429365
468 0.0003136207976380542
480 0.0003672140565768559
497 0.001414752684071601
520 0.00016189608767124534
544 0.0004785475402955236
564 0.0004942172352587358
572 0.00033907303651746636
573 0.0001652752038556845
580 0.0004408563537610837
594 0.0003438806748054391
698 0.0008890314040531017
851 0.00008185705212231243
854 0.006309860232227801
859 0.0005908656000986806
915 0.0006458029636839771
961 0.0007031836599018376
1062 0.00025810086072372616
1085 0.000393582208037624
1095 0.0004120699366150429
1101 0.00046465581618336337
1120 0.00029472515166756405
1133 0.00048355146215385347
1290 0.001244373218891155
1388 0.0003753890228061612
1418 0.0007031836599018376
1511 0.0004408563537610837
1549 0.0029537898357102094
1630 0.0005587052342654505
1642 0.0012691729613983254
1742 0.000999839230418156
1889 0.0006345864806991627
1893 0.000618218327643938
2579 0.0007031836599018376
2627 0.0005411640668664958
3053 0.0005587052342654505
3058 0.0005908656000986806
3139 0.0004942172352587358
3192 0.0007384474589275524
4084 0.002027492797069741
4339 0.0007881489921597373
4639 0.0006345864806991627
5362 0.000549621148441263
5388 0.0013516618647131605
5437 0.0006758309323565803
5645 0.01222360054184692
5646 0.013969829190682192
5647 0.000873114324417637
5648 0.0006534821266696528
5649 0.0036922372946377622
5650 0.000873114324417637
5651 0.000873114324417637
5652 0.000873114324417637
5653 0.000873114324417637