9 0.00010224975952101728
16 0.00015091663305076506
21 0.0001430533573344265
38 0.00002030576186834168
39 0.000004633778456304862
40 0.0000030020862966775796
41 0.000003713280537436101
43 0.00002885076305479023
46 0.00004585769932672265
49 0.00008324134787818645
63 0.000007571063735414479
65 0.00005319425691409072
67 0.00004203784642398019
72 0.0005292793176981127
73 0.00019291377466338104
76 0.0004007527960775733
101 0.0005791825675166354
108 0.000549621148441263
115 0.0002059878583080766
144 0.0005074271160050014
177 0.00015160120460271228
180 0.0001136486243970201
184 0.00040649720137641123
245 0.000181970089392662
253 0.0002472323099654942
254 0.0004272224195725296
286 0.0001987752449196317
309 0.0003003233420124021
310 0.00048680093312278375
313 0.0008676998578433372
396 0.00019196354460646538
401 0.00018110073068838497
411 0.00022304017535425432
493 0.000703621171521572
537 0.0003960586369806884
633 0.00040649720137641123
716 0.0003136207976380542
721 0.00044828766312813873
787 0.0004737399020075509
788 0.0004149542829511784
842 0.0015774650580569502
850 0.0003960586369806884
851 0.00016371410424462487
915 0.00032290148184198857
920 0.0004149542829511784
1037 0.0005418513784905688
1205 0.001903759442097488
1305 0.0004691137279473833
1315 0.0008965753262562775
1395 0.0001739500102896398
1445 0.0005685167944117531
1781 0.00028224872431895635
1785 0.00030499358548289365
3270 0.0007384474589275524
3271 0.002703323729426321
4128 0.0005587052342654505
5661 0.000873114324417637
5662 0.000873114324417637
5663 0.000873114324417637
5664 0.000873114324417637
5665 0.002619342973252911
5666 0.000873114324417637
5667 0.000873114324417637
5668 0.000873114324417637
5669 0.001746228648835274