9 0.00017041626586836213
13 0.00003897464830142955
22 0.0001341735889149772
34 0.00017375506102007999
36 0.00004148193135099767
38 0.000005801646248097621
39 0.000013901335368914586
40 0.00000900625889003274
41 0.000011139841612308305
42 0.00020577521223742086
43 0.000020607687896278735
44 0.00013635553537529827
51 0.00004686777384075253
55 0.00009700475713476236
57 0.0001250684069607151
63 0.00000567829780156086
65 0.00008865709485681788
66 0.00027942089546161464
67 0.00008407569284796038
69 0.00023724943034546792
71 0.00012561808978093188
73 0.00019291377466338104
84 0.0002130879622223576
88 0.0007461815853612357
96 0.000618218327643938
113 0.00011133348371866765
122 0.00036834169965234924
123 0.000188234616351904
139 0.00028224872431895635
154 0.0003314569809760339
160 0.00018023749427928805
171 0.0001368611790876869
176 0.00033751149866781817
177 0.00015160120460271228
180 0.0001136486243970201
192 0.0003242865707429365
212 0.00040116683707882124
263 0.000467744766116719
277 0.001096154962502847
334 0.0005791825675166354
360 0.0005801749990633194
377 0.0003188377153162591
393 0.0010172191095523992
401 0.0014488058455070798
430 0.000670954630565474
452 0.0002764565099464942
468 0.0028225871787424884
497 0.0008842204275447508
538 0.0002852508106156339
550 0.00025332444879269114
576 0.0006172337515594486
646 0.0003712334023506965
649 0.0003960586369806884
665 0.0004887683798320584
670 0.0003329428059983855
672 0.0004942172352587358
687 0.0005258216860189834
690 0.0004942172352587358
698 0.00044451570202655086
752 0.00048355146215385347
753 0.0002783569986123394
754 0.0021330119815441534
820 0.00046465581618336337
834 0.0007031836599018376
851 0.00008185705212231243
966 0.0016761157027963517
1085 0.000393582208037624
1141 0.0012537244147688554
1173 0.006268622073844278
1271 0.0003652527497189936
1272 0.0005685167944117531
1330 0.0003960586369806884
1395 0.0001739500102896398
1442 0.0004338499289216686
1622 0.009470810543148673
1713 0.0004120699366150429
1781 0.0022579897945516508
1822 0.0036226835606248072
1827 0.00041790813825628515
2044 0.0011817312001973612
2499 0.0006037805934374678
2631 0.0016482797464601716
2655 0.0005791825675166354
2666 0.0007384474589275524
3208 0.00034065472379816113
3245 0.000618218327643938
3825 0.002703323729426321
4257 0.0003887745697496512
4337 0.005587052342654506
4838 0.0007031836599018376
5670 0.000873114324417637
5671 0.004365571622088185
5672 0.005238685946505822
5673 0.005238685946505822
5674 0.000873114324417637
5675 0.0023644469764792122
5676 0.000873114324417637