0 0.00019243773886705868
1 0.0001309668193588762
2 0.00017273030805218352
5 0.0002365665368606119
6 0.0002400196965770493
7 0.000233207996263883
8 0.00028224872431895635
13 0.000025983098867619697
14 0.00025254616640991854
15 0.0002564879550388143
17 0.003585196941227052
23 0.00022801868959232616
33 0.00011331060825040136
34 0.00008687753051003999
35 0.0003887745697496512
36 0.00012444579405299303
38 0.000008702469372146433
40 0.000006004172593355159
42 0.000051443803059355216
43 0.000004121537579255747
46 0.00013757309798016797
47 0.00031598895731525394
51 0.00004686777384075253
52 0.00014497369525357328
58 0.0005491700750215032
59 0.000602379158534602
60 0.0002572917550567303
61 0.00017642643923270423
63 0.0000037855318677072396
64 0.00018731984297588175
65 0.00003546283794272714
68 0.0014574249388550088
76 0.0002671685307183822
81 0.00018240709186440708
114 0.00021141259586679695
118 0.00030263622314802144
130 0.00027274170858643915
134 0.0003672140565768559
138 0.0003775208863403447
171 0.0001368611790876869
177 0.00030320240920542457
180 0.00005682431219851005
226 0.0004098622713982304
247 0.00026056072380914035
249 0.001932198299244276
253 0.0002472323099654942
263 0.0002338723830583595
352 0.0002958245228348551
375 0.00025891534254753946
411 0.00044608035070850863
413 0.00024142866684252312
431 0.00037969048392546374
446 0.0007384474589275524
576 0.0006172337515594486
671 0.0002597352724507996
762 0.0007384474589275524
850 0.0003960586369806884
1029 0.00023724943034546792
1034 0.0006813094475963223
1037 0.0002709256892452844
1112 0.0003672140565768559
1253 0.0007881489921597373
1297 0.000549621148441263
1322 0.0009474798040151018
1421 0.0006758309323565803
1422 0.003940744960798687
1423 0.000873114324417637
1424 0.005188152611795682
1425 0.0004691137279473833
1426 0.001746228648835274
1427 0.000873114324417637
1428 0.000873114324417637
1429 0.0006345864806991627
1430 0.000873114324417637
1431 0.000873114324417637
1432 0.000873114324417637
1433 0.000873114324417637
1434 0.001746228648835274
1435 0.0055639649487954435