1 0.0001309668193588762
9 0.00020449951904203455
13 0.000019487324150714776
22 0.0005366943556599089
38 0.000005801646248097621
39 0.000013901335368914586
40 0.000012008345186710319
41 0.000018566402687180508
42 0.00020577521223742086
43 0.00002472922547553448
44 0.00013635553537529827
49 0.000041620673939093223
51 0.00004686777384075253
52 0.00028994739050714656
55 0.00019400951426952473
57 0.0001250684069607151
59 0.00020079305284486732
63 0.0000037855318677072396
65 0.00007092567588545428
66 0.00009314029848720488
67 0.0005044541570877623
71 0.00025123617956186376
88 0.0007461815853612357
100 0.0003059416346523785
104 0.00016413845014333722
105 0.0003314569809760339
107 0.0012295868141946912
113 0.00011133348371866765
159 0.0003553673428358886
165 0.00022550415909059743
177 0.00015160120460271228
180 0.0001136486243970201
193 0.0005872711056353866
214 0.000273659908111955
226 0.0006147934070973456
245 0.000181970089392662
263 0.000467744766116719
279 0.00022929556638299245
315 0.0004785475402955236
316 0.0005411640668664958
320 0.00029472515166756405
368 0.00018686500362842702
393 0.0013562921460698654
401 0.0007244029227535399
430 0.000670954630565474
468 0.0028225871787424884
497 0.00017684408550895013
520 0.00016189608767124534
548 0.0005791825675166354
551 0.0002832412727662006
555 0.0002457554359134993
580 0.0008817127075221674
602 0.0005587052342654505
670 0.0003329428059983855
693 0.0018087175553390222
701 0.0005685167944117531
717 0.000393582208037624
779 0.00030263622314802144
851 0.00008185705212231243
1037 0.0005418513784905688
1162 0.00030263622314802144
1302 0.0005411640668664958
1321 0.0013084184174285728
1638 0.0007031836599018376
1785 0.00030499358548289365
2371 0.0006534821266696528
2378 0.0003003233420124021
2447 0.0007971722597919076
2608 0.007615037768389952
2624 0.0022740671776470124
2799 0.006499521601085487
3262 0.0007031836599018376
3630 0.007031836599018378
4337 0.005028347108389055
4903 0.009844571238625728
4922 0.001117410468530901
4923 0.0006758309323565803
5011 0.0018113417803124036
5114 0.005517042945118162
5115 0.0007881489921597373
5204 0.003297726890647578
5677 0.000873114324417637
5678 0.001746228648835274
5679 0.0007384474589275524