2 0.00017273030805218352
13 0.000025983098867619697
16 0.00007545831652538253
19 0.00013212323419503196
33 0.00011331060825040136
34 0.000043438765255019996
36 0.00004148193135099767
38 0.000005801646248097621
39 0.000018535113825219447
40 0.0000030020862966775796
41 0.000011139841612308305
42 0.00020577521223742086
43 0.000016486150317022987
44 0.00013635553537529827
49 0.000041620673939093223
51 0.00004686777384075253
55 0.00019400951426952473
56 0.00006477729821638932
57 0.0001250684069607151
63 0.0000037855318677072396
65 0.00005319425691409072
66 0.00018628059697440975
67 0.00016815138569592077
69 0.00047449886069093585
70 0.00035233775638020634
71 0.00025123617956186376
84 0.0002130879622223576
180 0.00005682431219851005
186 0.0005050923328198371
255 0.00034546061610436703
263 0.000467744766116719
347 0.0002479774737404859
401 0.001267705114818695
465 0.000618218327643938
468 0.0018817247858283254
493 0.00023454039050719067
496 0.0009859665948725369
497 0.0007073763420358005
555 0.0004915108718269986
613 0.0005194705449015992
634 0.0005188152611795682
689 0.0008609827766498793
753 0.0002783569986123394
780 0.002265125318042068
851 0.00008185705212231243
1028 0.0017705075717098697
1029 0.0009489977213818717
1057 0.0008676998578433372
1085 0.001574328832150496
1101 0.0009293116323667267
1107 0.0004272224195725296
1285 0.00036332233087023905
5680 0.003492457297670548