13 0.000012991549433809848
16 0.00007545831652538253
17 0.0015095566068324428
18 0.0007117482910364039
19 0.00013212323419503196
20 0.0004929832974362684
30 0.0008873060453823461
33 0.00033993182475120415
38 0.000005801646248097621
39 0.000009267556912609724
40 0.0000030020862966775796
41 0.000003713280537436101
42 0.00010288760611871043
43 0.000004121537579255747
44 0.00013635553537529827
51 0.0001406033215222576
56 0.00019433189464916796
57 0.0001250684069607151
63 0.0000037855318677072396
65 0.00007092567588545428
67 0.00004203784642398019
71 0.00012561808978093188
89 0.0003802291978146959
113 0.0004453339348746706
115 0.0006179635749242299
175 0.0033785012052554514
180 0.00005682431219851005
196 0.0001675808341520189
253 0.0002472323099654942
255 0.0008636515402609177
258 0.0007921172739613768
259 0.005955052878593408
263 0.0002338723830583595
264 0.00021085919057695548
276 0.0026662649769301923
286 0.0001987752449196317
377 0.0003188377153162591
439 0.0003314569809760339
468 0.0018817247858283254
495 0.0003753890228061612
551 0.0002832412727662006
554 0.002790102909271677
573 0.000330550407711369
608 0.0003438806748054391
741 0.0007046755127604127
858 0.0002457554359134993
898 0.0003014743275909555
1036 0.0003732936031739842
1321 0.0029439414392142898
1463 0.003920892760017917
1785 0.00030499358548289365
4794 0.000618218327643938
5012 0.0006758309323565803
5681 0.000873114324417637
5682 0.000873114324417637