1 0.001178701374229886
2 0.00034546061610436703
9 0.00010224975952101728
13 0.000025983098867619697
16 0.00022637494957614764
17 0.002641724061956775
18 0.004270489746218424
19 0.00013212323419503196
20 0.0002464916487181342
21 0.0001430533573344265
22 0.0001341735889149772
23 0.001368112137553957
30 0.00022182651134558653
33 0.00022662121650080273
34 0.00013031629576506
36 0.00008296386270199534
38 0.000008702469372146433
39 0.000013901335368914586
40 0.000012008345186710319
41 0.000014853122149744404
42 0.00010288760611871043
43 0.00001236461273776724
44 0.00020453330306294742
45 0.00012982121229608657
46 0.00004585769932672265
47 0.00004514127961646484
49 0.00012486202181727967
51 0.00009373554768150506
56 0.00019433189464916796
63 0.0000037855318677072396
65 0.00003546283794272714
66 0.00009314029848720488
67 0.00008407569284796038
68 0.0002914849877710017
69 0.00023724943034546792
71 0.00012561808978093188
81 0.0007296283674576283
88 0.00024872719512041187
89 0.0006654010961757179
97 0.00023454039050719067
100 0.00015297081732618925
107 0.0002049311356991152
122 0.0009208542491308732
124 0.0001988555649537063
135 0.00029805329448025724
160 0.0003604749885585761
177 0.00015160120460271228
180 0.00017047293659553015
187 0.0015997589861581152
196 0.0001675808341520189
235 0.0007384474589275524
247 0.00026056072380914035
249 0.0034779569386396967
251 0.00022002825322499402
253 0.0002472323099654942
263 0.000467744766116719
267 0.0002783569986123394
279 0.00022929556638299245
286 0.0003975504898392634
288 0.00022801868959232616
299 0.0004737399020075509
304 0.00026056072380914035
307 0.00022550415909059743
360 0.00038678333270887957
367 0.0002673724241223067
391 0.000832209213374875
392 0.0005938676863953582
413 0.00024142866684252312
431 0.00037969048392546374
433 0.001772596800296042
439 0.0013258279239041356
452 0.0011058260397859769
475 0.0031489487710207654
494 0.00039064417040638865
514 0.00043049138832493966
520 0.00016189608767124534
551 0.0002832412727662006
649 0.0003960586369806884
669 0.0002517877166381117
711 0.0004092519030008361
769 0.00045619873460859607
772 0.0002597352724507996
787 0.0004737399020075509
812 0.0007031836599018376
825 0.000505900267840781
837 0.0013069642533393056
851 0.00008185705212231243
852 0.0019438728487482563
879 0.0005916490456697102
975 0.0006037805934374678
1076 0.0006758309323565803
1142 0.0005188152611795682
1285 0.00036332233087023905
1321 0.0003271046043571432
1450 0.0006513749791479525
1479 0.0007728793196977103
1528 0.0008746061772762119
1620 0.0005685167944117531
1637 0.0005332529953860384
1705 0.0016598171318047137
1751 0.0016234922005994874
1981 0.0004942172352587358
2197 0.0006534821266696528
2338 0.0011817312001973612
2574 0.0005791825675166354
2764 0.0018546549829318141
3092 0.0008676998578433372
3176 0.0006758309323565803
3601 0.0003672140565768559
3928 0.0022523341368369675
3946 0.002703323729426321
4201 0.0004691137279473833
4218 0.0006758309323565803
4432 0.0012691729613983254
4589 0.0005791825675166354
4855 0.0007031836599018376
5683 0.0022153423767826575
5684 0.0023644469764792122
5685 0.0007384474589275524
5686 0.0007881489921597373
5687 0.0007881489921597373
5688 0.0007881489921597373
5689 0.0007384474589275524
5690 0.0007031836599018376
5691 0.0066460271303479725
5692 0.0007881489921597373
5693 0.0007384474589275524
5694 0.000873114324417637