1 0.0001309668193588762
9 0.00017041626586836213
13 0.000006495774716904924
22 0.0002683471778299544
30 0.001109132556727933
34 0.00008687753051003999
36 0.00004148193135099767
37 0.00020975981940966445
38 0.000008702469372146433
39 0.00002316889228152431
40 0.000012008345186710319
41 0.000007426561074872202
42 0.00015433140917806565
43 0.000020607687896278735
47 0.00004514127961646484
49 0.000041620673939093223
51 0.0001874710953630101
56 0.00019433189464916796
63 0.00000567829780156086
65 0.00008865709485681788
66 0.00018628059697440975
67 0.00021018923211990097
71 0.00012561808978093188
89 0.00009505729945367397
105 0.0003314569809760339
113 0.00011133348371866765
114 0.0004228251917335939
122 0.00036834169965234924
125 0.0002682511308492756
130 0.00027274170858643915
131 0.0004092519030008361
144 0.0005074271160050014
159 0.0001776836714179443
161 0.0029326102789923505
167 0.0009043587776695111
180 0.00005682431219851005
196 0.0001675808341520189
206 0.00044451570202655086
226 0.0004098622713982304
230 0.0002958245228348551
243 0.000794320432093347
247 0.0005211214476182807
264 0.00021085919057695548
277 0.00009965045113662244
292 0.0002914849877710017
304 0.00026056072380914035
360 0.00019339166635443979
366 0.00034225708731462997
393 0.0006781460730349327
401 0.00018110073068838497
412 0.00028729384230050906
413 0.00024142866684252312
497 0.0008842204275447508
537 0.0003960586369806884
551 0.0002832412727662006
671 0.0002597352724507996
832 0.00048355146215385347
851 0.00016371410424462487
868 0.0002709256892452844
879 0.0002958245228348551
898 0.0003014743275909555
915 0.00032290148184198857
972 0.007841785520035834
1007 0.001180746624112872
1062 0.00025810086072372616
1321 0.0003271046043571432
1395 0.0005218500308689194
1403 0.00034552605606704003
1529 0.0003818991754555788
1548 0.0003985861298959538
1558 0.0006758309323565803
1588 0.0036922372946377622
1630 0.0005587052342654505
1705 0.0004149542829511784
1781 0.00028224872431895635
2061 0.0005908656000986806
2381 0.000618218327643938
2507 0.0006037805934374678
3075 0.0007384474589275524
3208 0.00034065472379816113
3292 0.0007031836599018376
3382 0.0007881489921597373
4172 0.0005258216860189834
4443 0.0005908656000986806
5695 0.018335400812770377
5696 0.000873114324417637
5697 0.005238685946505822
5698 0.005517042945118162
5699 0.004365571622088185
5700 0.000873114324417637
5701 0.000873114324417637
5702 0.001746228648835274
5703 0.000873114324417637
5704 0.000873114324417637