1 0.0001309668193588762
2 0.00017273030805218352
9 0.00017041626586836213
13 0.000006495774716904924
22 0.0001341735889149772
26 0.0002468679904672833
34 0.000043438765255019996
36 0.00008296386270199534
38 0.000008702469372146433
39 0.000013901335368914586
40 0.00000900625889003274
41 0.000011139841612308305
42 0.000051443803059355216
43 0.000016486150317022987
47 0.00004514127961646484
51 0.00004686777384075253
56 0.00019433189464916796
59 0.0008031722113794693
63 0.00000567829780156086
65 0.00007092567588545428
66 0.00018628059697440975
67 0.00012611353927194057
69 0.00023724943034546792
71 0.00012561808978093188
84 0.0004261759244447152
89 0.00009505729945367397
101 0.007529373377716261
102 0.0005066488975853823
107 0.0006147934070973456
113 0.00033400045115600295
114 0.0004228251917335939
122 0.0005525125494785239
125 0.0008047533925478269
144 0.0005074271160050014
160 0.0005407124828378641
165 0.00022550415909059743
171 0.00041058353726306076
175 0.0007507780456123224
177 0.00015160120460271228
180 0.00005682431219851005
196 0.0008379041707600946
197 0.0002904236905482616
253 0.0002472323099654942
277 0.00009965045113662244
286 0.0001987752449196317
292 0.0002914849877710017
297 0.0017444229833188448
304 0.00026056072380914035
307 0.00022550415909059743
324 0.0003753890228061612
354 0.0006758309323565803
360 0.00038678333270887957
368 0.00018686500362842702
375 0.00025891534254753946
393 0.00033907303651746636
401 0.00036220146137676994
412 0.00028729384230050906
437 0.00032153186911851154
439 0.0026516558478082712
441 0.0003438806748054391
445 0.0004624723451260439
507 0.00027274170858643915
537 0.0003960586369806884
557 0.005512498794079759
558 0.0007550417726806894
643 0.000505900267840781
671 0.0002597352724507996
690 0.0004942172352587358
768 0.0044479551173286225
786 0.004038030475741588
851 0.00016371410424462487
893 0.0015100835453613788
908 0.0018262637485949682
1001 0.0006147943470845361
1024 0.000505900267840781
1037 0.0002709256892452844
1057 0.0004338499289216686
1115 0.0008746061772762119
1139 0.0005908656000986806
1213 0.0011370335888235062
1395 0.0006958000411585592
1397 0.0005605748349221879
1446 0.00035955036976865123
1558 0.002703323729426321
1705 0.0004149542829511784
1713 0.0004120699366150429
1884 0.0007881489921597373
2129 0.0005188152611795682
2160 0.0006758309323565803
2200 0.003379154661782902
2653 0.00632865293911654
2780 0.0066460271303479725
2785 0.0006345864806991627
2794 0.0017055503832352594
2914 0.0028127346396073505
2918 0.0006534821266696528
3386 0.0005908656000986806
3502 0.00036332233087023905
3586 0.0007881489921597373
4128 0.001117410468530901
4670 0.000618218327643938
5685 0.0014768949178551047
5705 0.0007881489921597373
5706 0.007858028919758734
5707 0.0014768949178551047
5708 0.000873114324417637
5709 0.000873114324417637