9 0.00017041626586836213
13 0.000006495774716904924
14 0.0005050923328198371
15 0.0005129759100776286
19 0.00066061617097516
21 0.0001430533573344265
22 0.0002683471778299544
28 0.00025332444879269114
30 0.0019964386021102793
34 0.0002171938262751
36 0.00016592772540399069
38 0.000005801646248097621
39 0.000013901335368914586
40 0.00000900625889003274
41 0.000011139841612308305
42 0.000051443803059355216
43 0.000016486150317022987
44 0.00013635553537529827
45 0.00025964242459217314
46 0.0003210038952870586
47 0.00027084767769878907
48 0.00013154366307515625
49 0.000041620673939093223
51 0.00009373554768150506
55 0.00009700475713476236
56 0.0002591091928655573
57 0.0001250684069607151
63 0.0000037855318677072396
65 0.00005319425691409072
66 0.00018628059697440975
67 0.00012611353927194057
71 0.00012561808978093188
73 0.00019291377466338104
81 0.0012768496430508498
89 0.00019011459890734794
100 0.0013767373559357035
102 0.00025332444879269114
104 0.00032827690028667443
114 0.00021141259586679695
122 0.00036834169965234924
144 0.0001691423720016671
161 0.0004887683798320584
171 0.0001368611790876869
177 0.0006064048184108491
180 0.0001136486243970201
193 0.0002936355528176933
223 0.00044451570202655086
226 0.0002049311356991152
243 0.000264773477364449
264 0.00021085919057695548
265 0.0004120699366150429
287 0.00025810086072372616
311 0.0004887683798320584
360 0.0009669583317721991
382 0.0007881489921597373
392 0.0017816030591860748
393 0.00033907303651746636
416 0.0009332799141683663
441 0.0006877613496108782
457 0.0002936355528176933
471 0.0013685962038257882
497 0.00017684408550895013
519 0.0007031836599018376
648 0.0003201773905469762
658 0.0003841483956894837
669 0.00012589385831905585
708 0.0007191007395373025
779 0.0006052724462960429
786 0.0008076060951483175
851 0.00008185705212231243
981 0.001236436655287876
1029 0.00023724943034546792
1037 0.0002709256892452844
1050 0.0004603543550640608
1138 0.0005791825675166354
1383 0.0005685167944117531
1395 0.0005218500308689194
1450 0.001954124937443858
1529 0.0003818991754555788
1586 0.0003775208863403447
1620 0.0005685167944117531
1630 0.0005587052342654505
1705 0.0004149542829511784
1741 0.0005908656000986806
1785 0.00030499358548289365
2104 0.0006758309323565803
2152 0.0004942172352587358
2386 0.0013516618647131605
2598 0.0011370335888235062
2653 0.0007031836599018376
2785 0.0006345864806991627
3092 0.0004338499289216686
3189 0.0023634624003947224
3258 0.007093340929437637
3292 0.0021095509797055133
3386 0.0005908656000986806
4201 0.007505819647158133
4450 0.0005332529953860384
4609 0.0005332529953860384
5590 0.0015762979843194746
5683 0.0007384474589275524
5710 0.0023644469764792122
5711 0.000873114324417637
5712 0.000873114324417637
5713 0.000873114324417637
5714 0.000873114324417637
5715 0.000873114324417637
5716 0.002619342973252911
5717 0.003940744960798687