9 0.00017041626586836213
13 0.000012991549433809848
14 0.00025254616640991854
15 0.0002564879550388143
16 0.00015091663305076506
22 0.0001341735889149772
29 0.004263999545419787
33 0.00011331060825040136
34 0.0002171938262751
36 0.00012444579405299303
38 0.000005801646248097621
39 0.00002316889228152431
40 0.00000900625889003274
41 0.000011139841612308305
42 0.000051443803059355216
43 0.000037093838213301725
44 0.00013635553537529827
45 0.00025964242459217314
46 0.00022928849663361327
47 0.00022570639808232424
48 0.00013154366307515625
49 0.000041620673939093223
51 0.00009373554768150506
55 0.00029101427140428715
56 0.00019433189464916796
63 0.0000037855318677072396
65 0.00003546283794272714
66 0.00018628059697440975
67 0.00021018923211990097
68 0.0002914849877710017
69 0.00047449886069093585
70 0.00035233775638020634
71 0.00012561808978093188
74 0.00030499358548289365
100 0.001223766538609514
102 0.0005066488975853823
104 0.0008206922507166863
114 0.00021141259586679695
122 0.00036834169965234924
123 0.000188234616351904
124 0.00009942778247685315
151 0.0003359696033249817
159 0.0001776836714179443
175 0.0015015560912246448
177 0.0007580060230135615
180 0.00017047293659553015
245 0.000363940178785324
255 0.00017273030805218352
259 0.0015534920552852367
286 0.001391426714437422
292 0.0005829699755420034
293 0.0003285382939579267
304 0.00026056072380914035
307 0.00045100831818119485
360 0.00019339166635443979
367 0.005080076058323828
393 0.0006781460730349327
401 0.0007244029227535399
496 0.0004929832974362684
514 0.00043049138832493966
531 0.000618218327643938
537 0.0003960586369806884
572 0.00033907303651746636
573 0.0001652752038556845
642 0.0011663237092489538
658 0.0003841483956894837
716 0.0003136207976380542
772 0.0005194705449015992
787 0.0009474798040151018
846 0.0007031836599018376
851 0.00008185705212231243
873 0.00037969048392546374
1007 0.001180746624112872
1052 0.0005258216860189834
1066 0.0012721151063260982
1084 0.0007384145119945503
1208 0.0017705075717098697
1396 0.0007384145119945503
1479 0.00038643965984885517
1558 0.0006758309323565803
1603 0.0008023336741576425
1637 0.0010665059907720767
1742 0.001999678460836312
1781 0.0022579897945516508
1785 0.00030499358548289365
1997 0.001117410468530901
2007 0.001322569061283251
2258 0.0005791825675166354
2378 0.0006006466840248042
2491 0.0005332529953860384
2731 0.0007384474589275524
3292 0.0028127346396073505
3738 0.0006758309323565803
4617 0.0007031836599018376
5228 0.0007881489921597373
5710 0.0007881489921597373
5718 0.001746228648835274
5719 0.000873114324417637
5720 0.0005908656000986806
5721 0.0007881489921597373
5722 0.000873114324417637
5723 0.003492457297670548
5724 0.001746228648835274