9 0.00013633301269468968
13 0.000025983098867619697
16 0.00007545831652538253
21 0.0001430533573344265
26 0.00012343399523364164
27 0.00033751149866781817
34 0.000043438765255019996
38 0.000014504115620244055
39 0.000009267556912609724
40 0.000015010431483387899
41 0.00002227968322461661
43 0.000004121537579255747
44 0.00020453330306294742
46 0.00022928849663361327
47 0.00022570639808232424
48 0.00013154366307515625
49 0.000041620673939093223
51 0.00004686777384075253
55 0.00019400951426952473
56 0.00012955459643277864
57 0.0001250684069607151
63 0.0000037855318677072396
65 0.00001773141897136357
66 0.00027942089546161464
89 0.00009505729945367397
124 0.00009942778247685315
146 0.000264773477364449
150 0.0005343168922353136
151 0.0003359696033249817
160 0.00018023749427928805
171 0.0001368611790876869
177 0.00015160120460271228
180 0.00005682431219851005
186 0.0005050923328198371
292 0.0002914849877710017
324 0.0003753890228061612
346 0.0005908656000986806
367 0.0002673724241223067
396 0.0007678541784258615
430 0.00022365154352182467
445 0.00023123617256302196
452 0.0002764565099464942
470 0.00037969048392546374
491 0.0018665598283367326
497 0.00017684408550895013
507 0.001363708542932196
508 0.0018777579159449296
512 0.0019050751400680264
514 0.00043049138832493966
544 0.0004785475402955236
576 0.0003086168757797243
669 0.00012589385831905585
690 0.0004942172352587358
709 0.0008182251257593176
772 0.0002597352724507996
851 0.00008185705212231243
1114 0.0005791825675166354
1187 0.00035770704084433884
1223 0.0004887683798320584
1224 0.00044828766312813873
1297 0.000549621148441263
1300 0.000505900267840781
1396 0.00036920725599727517
1548 0.0011957583896878615
1650 0.00041790813825628515
1674 0.0004338499289216686
2344 0.0006758309323565803
2346 0.00044828766312813873
2631 0.002060349683075215
2836 0.0009474798040151018
3506 0.0007031836599018376
4287 0.0012691729613983254
5009 0.003172932403495814
5400 0.0007881489921597373
5401 0.0007881489921597373
5725 0.000873114324417637
5726 0.004365571622088185
5727 0.0007384474589275524