0 0.00019243773886705868
1 0.0001309668193588762
2 0.00017273030805218352
3 0.00037969048392546374
4 0.00035233775638020634
5 0.0002365665368606119
6 0.0002400196965770493
7 0.000233207996263883
8 0.00028224872431895635
13 0.000019487324150714776
28 0.00025332444879269114
34 0.00013031629576506
36 0.00008296386270199534
38 0.000008702469372146433
39 0.000009267556912609724
40 0.000012008345186710319
41 0.000025992963762052712
42 0.00010288760611871043
43 0.00002472922547553448
44 0.00013635553537529827
45 0.00012982121229608657
46 0.0001834307973068906
47 0.00022570639808232424
48 0.00013154366307515625
49 0.00008324134787818645
51 0.00004686777384075253
52 0.00028994739050714656
55 0.00019400951426952473
56 0.00012955459643277864
58 0.0005491700750215032
59 0.000602379158534602
60 0.0005145835101134606
61 0.00035285287846540845
63 0.0000018927659338536198
64 0.00018731984297588175
65 0.00005319425691409072
66 0.00009314029848720488
67 0.00004203784642398019
81 0.00036481418372881415
85 0.00048714592340005404
94 0.0004785475402955236
104 0.00032827690028667443
105 0.0003314569809760339
107 0.0002049311356991152
118 0.0006052724462960429
122 0.00018417084982617462
123 0.000188234616351904
124 0.00009942778247685315
130 0.00027274170858643915
139 0.00028224872431895635
146 0.000264773477364449
150 0.00017810563074510452
186 0.0005050923328198371
196 0.0003351616683040378
226 0.0002049311356991152
245 0.000363940178785324
246 0.00040649720137641123
310 0.00032453395541518913
321 0.00048355146215385347
330 0.0007031836599018376
360 0.00019339166635443979
392 0.0008908015295930374
401 0.000905503653441925
411 0.00022304017535425432
430 0.00022365154352182467
438 0.0021573022186119075
442 0.0003242865707429365
471 0.00045619873460859607
484 0.00043049138832493966
496 0.0007394749461544028
537 0.0003960586369806884
594 0.0003438806748054391
689 0.0008609827766498793
716 0.0003136207976380542
726 0.001117410468530901
772 0.0002597352724507996
780 0.002642646204382413
788 0.0004149542829511784
815 0.0004737399020075509
845 0.00043730308863810597
1058 0.00044828766312813873
1085 0.001180746624112872
1101 0.0009293116323667267
1436 0.0009671029243077069
1437 0.003492457297670548
1438 0.0006758309323565803
1439 0.000873114324417637
1440 0.002472873310575752
1441 0.0013516618647131605
1442 0.0008676998578433372
1443 0.0014063673198036752
1444 0.0007881489921597373
1445 0.0017055503832352594
1446 0.00035955036976865123
1447 0.000873114324417637
1448 0.0004603543550640608
1449 0.0005685167944117531
1450 0.0006513749791479525
1451 0.001746228648835274
1452 0.0015762979843194746
1453 0.0007881489921597373
1454 0.000873114324417637
1455 0.000873114324417637
1456 0.000873114324417637
1457 0.000873114324417637
1458 0.000873114324417637