0 0.00019243773886705868
1 0.0001309668193588762
9 0.00020449951904203455
13 0.00003247887358452463
15 0.0002564879550388143
34 0.000043438765255019996
38 0.000011603292496195242
39 0.000013901335368914586
40 0.00001801251778006548
41 0.000003713280537436101
42 0.000051443803059355216
43 0.000004121537579255747
49 0.00008324134787818645
51 0.0001874710953630101
56 0.00006477729821638932
61 0.00035285287846540845
63 0.000007571063735414479
65 0.00003546283794272714
67 0.00008407569284796038
71 0.00012561808978093188
74 0.00030499358548289365
89 0.00019011459890734794
113 0.0002226669674373353
159 0.0007107346856717773
165 0.00022550415909059743
180 0.0001136486243970201
193 0.0005872711056353866
214 0.000273659908111955
263 0.0002338723830583595
277 0.00009965045113662244
286 0.0003975504898392634
289 0.000742466804701393
293 0.0003285382939579267
304 0.00026056072380914035
309 0.0006006466840248042
310 0.00032453395541518913
320 0.00029472515166756405
352 0.0002958245228348551
372 0.00043730308863810597
401 0.001992108037572235
412 0.00028729384230050906
413 0.0009657146673700925
470 0.00037969048392546374
475 0.0028626807009279687
484 0.00043049138832493966
494 0.00019532208520319432
545 0.0003985861298959538
575 0.000505900267840781
682 0.0007507780456123224
759 0.00035770704084433884
760 0.000848076737550732
851 0.0002455711563669373
980 0.0007266446617404781
1067 0.0004408563537610837
1396 0.00036920725599727517
1878 0.0003841483956894837
2697 0.001203500511236464
2700 0.00040380304757415875
2701 0.0004603543550640608
2702 0.00046465581618336337
2703 0.00045217938883475555
2704 0.0007881489921597373
3357 0.0013069642533393056
4236 0.003459520646811151
4372 0.0004691137279473833
4373 0.00046465581618336337
4456 0.00045217938883475555
4743 0.0009671029243077069
5385 0.0014063673198036752
5728 0.001746228648835274