0 0.00038487547773411737
9 0.00006816650634734484
13 0.000012991549433809848
14 0.0007576384992297557
15 0.000769463865116443
17 0.0030191132136648856
18 0.0007117482910364039
19 0.000924862639365224
21 0.000286106714668853
22 0.0002683471778299544
23 0.002280186895923262
33 0.00022662121650080273
34 0.00026063259153012
36 0.00004148193135099767
37 0.00020975981940966445
38 0.00003771070061263454
39 0.000018535113825219447
40 0.00000900625889003274
41 0.000014853122149744404
42 0.00010288760611871043
43 0.00001236461273776724
44 0.00013635553537529827
46 0.0001834307973068906
47 0.00013542383884939454
48 0.00039463098922546877
49 0.0001664826957563729
55 0.00009700475713476236
56 0.00019433189464916796
57 0.0001250684069607151
63 0.00000567829780156086
65 0.00005319425691409072
66 0.00009314029848720488
67 0.00008407569284796038
69 0.00023724943034546792
70 0.00035233775638020634
71 0.00012561808978093188
76 0.0001335842653591911
81 0.00018240709186440708
113 0.00011133348371866765
122 0.00036834169965234924
130 0.00027274170858643915
144 0.0010148542320100027
151 0.0003359696033249817
159 0.0001776836714179443
171 0.0001368611790876869
177 0.00015160120460271228
180 0.0001136486243970201
196 0.0001675808341520189
236 0.004097502014643433
247 0.0007816821714274212
253 0.0002472323099654942
258 0.0007921172739613768
259 0.0018124073978327763
276 0.0005332529953860384
277 0.00029895135340986733
294 0.0003985861298959538
299 0.0009474798040151018
429 0.0005258216860189834
440 0.00048355146215385347
445 0.0023123617256302197
470 0.0041765953231801016
520 0.00016189608767124534
540 0.0003471938241542892
576 0.0003086168757797243
613 0.0002597352724507996
642 0.0003887745697496512
669 0.00012589385831905585
741 0.0007046755127604127
772 0.0002597352724507996
850 0.0003960586369806884
851 0.00008185705212231243
854 0.0026291084300949174
863 0.00036920725599727517
994 0.0006758309323565803
1029 0.00023724943034546792
1100 0.001604667348315285
1328 0.006373827258155531
1388 0.0003753890228061612
1396 0.00036920725599727517
1603 0.0008023336741576425
1785 0.00030499358548289365
2021 0.000499919615209078
2202 0.00046465581618336337
2218 0.0018247949384343843
2366 0.00041790813825628515
2485 0.0005332529953860384
3228 0.0007031836599018376
3502 0.00036332233087023905
4137 0.00048355146215385347
4155 0.0006534821266696528
4253 0.0006037805934374678
4535 0.0013516618647131605
5731 0.001746228648835274
5732 0.0007881489921597373
5733 0.000873114324417637
5734 0.000873114324417637
5735 0.000873114324417637
5736 0.000873114324417637
5737 0.000873114324417637
5738 0.000873114324417637
5739 0.000873114324417637
5740 0.000873114324417637
5741 0.000873114324417637
5742 0.000873114324417637
5743 0.000873114324417637
5744 0.0007881489921597373
5745 0.000873114324417637
5746 0.000873114324417637