1 0.0001309668193588762
2 0.00017273030805218352
9 0.00020449951904203455
13 0.00003247887358452463
16 0.00007545831652538253
17 0.00018869457585405535
33 0.00011331060825040136
34 0.000043438765255019996
35 0.0003887745697496512
36 0.00012444579405299303
38 0.000008702469372146433
39 0.000013901335368914586
40 0.00000900625889003274
41 0.000018566402687180508
43 0.000020607687896278735
44 0.00006817776768764914
46 0.00022928849663361327
47 0.00027084767769878907
49 0.000041620673939093223
56 0.00006477729821638932
63 0.000007571063735414479
65 0.00005319425691409072
66 0.00018628059697440975
67 0.00008407569284796038
72 0.0007057057569308169
73 0.00019291377466338104
76 0.0010686741228735288
87 0.0001891562677877985
89 0.00009505729945367397
104 0.00032827690028667443
113 0.0002226669674373353
185 0.0015938021090937647
196 0.0001675808341520189
243 0.000529546954728898
255 0.00034546061610436703
277 0.00009965045113662244
289 0.0003712334023506965
368 0.00018686500362842702
372 0.00043730308863810597
413 0.00024142866684252312
470 0.00037969048392546374
493 0.00023454039050719067
494 0.000585966255609583
555 0.0002457554359134993
634 0.0005188152611795682
760 0.000424038368775366
851 0.00008185705212231243
980 0.00036332233087023905
1028 0.0017705075717098697
1285 0.00036332233087023905
1325 0.0009370516107240867
1395 0.0006958000411585592
2497 0.000424038368775366
4280 0.0004338499289216686
4299 0.0005685167944117531
4446 0.0007031836599018376
5747 0.000873114324417637
5748 0.000873114324417637