1 0.0001309668193588762
9 0.00006816650634734484
13 0.00005196619773523939
17 0.00018869457585405535
21 0.0001430533573344265
29 0.00026649997158873667
36 0.00008296386270199534
38 0.000005801646248097621
39 0.000018535113825219447
40 0.000006004172593355159
41 0.000007426561074872202
43 0.00002472922547553448
44 0.00027271107075059654
46 0.0004127192939405039
47 0.00045141279616464847
49 0.0001664826957563729
51 0.0001406033215222576
56 0.00006477729821638932
63 0.0000037855318677072396
65 0.00005319425691409072
67 0.00012611353927194057
69 0.00023724943034546792
70 0.00035233775638020634
71 0.00012561808978093188
76 0.0009350898575143378
81 0.0014592567349152566
89 0.00019011459890734794
97 0.00046908078101438134
100 0.0007648540866309464
104 0.0006565538005733489
113 0.0002226669674373353
122 0.00018417084982617462
160 0.00018023749427928805
180 0.00005682431219851005
183 0.0014569032223368179
185 0.001328168424244804
186 0.0005050923328198371
230 0.0002958245228348551
255 0.0005181909241565506
264 0.00021085919057695548
277 0.0004982522556831122
365 0.0008544448391450592
368 0.00018686500362842702
396 0.0013437448122452578
399 0.0017816030591860748
493 0.00046908078101438134
494 0.00039064417040638865
497 0.0008842204275447508
520 0.0003237921753424907
555 0.0002457554359134993
851 0.00008185705212231243
858 0.0002457554359134993
911 0.0004120699366150429
922 0.00043730308863810597
1029 0.0009489977213818717
1060 0.0002852508106156339
1091 0.001236436655287876
1093 0.00036920725599727517
1156 0.0015564457835387047
1157 0.001772596800296042
1446 0.0017977518488432563
1616 0.002842583972058766
2085 0.0003672140565768559
2497 0.000424038368775366
3895 0.000549621148441263
4280 0.0004338499289216686
4307 0.00140734118384215
5749 0.005625469279214701
5750 0.000873114324417637
5751 0.000873114324417637