9 0.00010224975952101728
13 0.000025983098867619697
36 0.0004148193135099768
38 0.000011603292496195242
39 0.000013901335368914586
40 0.00000900625889003274
41 0.000011139841612308305
42 0.000051443803059355216
43 0.000020607687896278735
44 0.00013635553537529827
46 0.0004127192939405039
47 0.00036113023693171874
48 0.00039463098922546877
49 0.00008324134787818645
51 0.00004686777384075253
63 0.0000037855318677072396
65 0.00003546283794272714
66 0.00009314029848720488
67 0.00008407569284796038
71 0.00012561808978093188
72 0.0017642643923270424
73 0.0005787413239901431
76 0.002538101041824631
81 0.00018240709186440708
86 0.0004408563537610837
87 0.0013240938745145896
148 0.0036226835606248072
150 0.00035621126149020904
171 0.0001368611790876869
177 0.0004548036138081369
180 0.00005682431219851005
196 0.0003351616683040378
243 0.001323867386822245
245 0.000181970089392662
247 0.0010422428952365614
287 0.00025810086072372616
429 0.0010516433720379667
493 0.0018763231240575254
494 0.0025391871076415264
496 0.0002464916487181342
691 0.0003038092374917516
851 0.00008185705212231243
1029 0.0016607460124182759
1082 0.00043730308863810597
1162 0.0006052724462960429
1264 0.0009293116323667267
1301 0.0004942172352587358
1395 0.0001739500102896398
1674 0.0004338499289216686
4307 0.0004691137279473833
4932 0.0007384474589275524