9 0.00017041626586836213
13 0.000019487324150714776
14 0.0010101846656396741
15 0.0012824397751940717
16 0.00030183326610153013
17 0.0033965023653729966
21 0.0004291600720032795
22 0.0001341735889149772
23 0.00045603737918465233
26 0.00012343399523364164
29 0.00026649997158873667
34 0.00008687753051003999
36 0.00012444579405299303
38 0.000014504115620244055
39 0.000013901335368914586
40 0.000012008345186710319
41 0.000014853122149744404
42 0.00010288760611871043
43 0.00001236461273776724
45 0.00025964242459217314
49 0.00008324134787818645
51 0.00004686777384075253
56 0.0004534410875147253
63 0.000007571063735414479
65 0.00008865709485681788
67 0.00008407569284796038
71 0.00012561808978093188
76 0.0005343370614367644
100 0.00015297081732618925
104 0.00016413845014333722
113 0.0002226669674373353
144 0.0006765694880066684
146 0.000529546954728898
154 0.0006629139619520678
159 0.0001776836714179443
171 0.0001368611790876869
180 0.00017047293659553015
183 0.00083251612704961
210 0.0003201773905469762
245 0.000545910268177986
259 0.0012945767127376974
260 0.0003818991754555788
277 0.00009965045113662244
286 0.0009938762245981585
311 0.0004887683798320584
318 0.0005908656000986806
399 0.0005938676863953582
405 0.0014826517057762074
430 0.00022365154352182467
431 0.00037969048392546374
449 0.00043049138832493966
466 0.000549621148441263
490 0.002169249644608343
491 0.004666399570841831
492 0.008732881130285666
494 0.00019532208520319432
505 0.0016798480166249088
555 0.0002457554359134993
669 0.00012589385831905585
670 0.0003329428059983855
678 0.006444960970896852
682 0.0003753890228061612
741 0.00035233775638020634
750 0.0003344468624572988
772 0.0005194705449015992
779 0.00030263622314802144
851 0.00012278557818346864
873 0.00037969048392546374
1007 0.001180746624112872
1029 0.00047449886069093585
1060 0.0002852508106156339
1101 0.003717246529466907
1321 0.0003271046043571432
1328 0.0003541015143419739
1357 0.006704462811185407
1388 0.0007507780456123224
1448 0.0004603543550640608
1591 0.0009382274558947666
1603 0.00040116683707882124
1690 0.0005188152611795682
1725 0.0004408563537610837
1910 0.0005188152611795682
2128 0.0017492123545524239
2345 0.004726924800789445
2378 0.0003003233420124021
3315 0.00045217938883475555
3502 0.00036332233087023905
3662 0.0014768949178551047
3873 0.0005685167944117531
4222 0.0009043587776695111
4223 0.0008890314040531017
4224 0.0005411640668664958
5507 0.0007881489921597373
5752 0.001746228648835274
5753 0.001746228648835274
5754 0.001746228648835274
5755 0.000873114324417637
5756 0.001746228648835274
5757 0.000873114324417637
5758 0.000873114324417637
5759 0.000873114324417637
5760 0.000873114324417637
5761 0.000873114324417637
5762 0.000873114324417637
5763 0.000873114324417637
5764 0.000873114324417637
5765 0.000873114324417637
5766 0.000873114324417637
5767 0.000873114324417637
5768 0.000873114324417637
5769 0.000873114324417637