1 0.0005238672774355048
2 0.00017273030805218352
9 0.00013633301269468968
12 0.001538927730232886
13 0.000025983098867619697
14 0.0005050923328198371
15 0.0005129759100776286
16 0.00007545831652538253
33 0.00022662121650080273
36 0.00016592772540399069
38 0.000005801646248097621
39 0.00002316889228152431
40 0.000006004172593355159
41 0.000011139841612308305
42 0.000051443803059355216
43 0.000016486150317022987
44 0.00013635553537529827
45 0.00025964242459217314
46 0.0004127192939405039
47 0.00040627151654818366
48 0.00013154366307515625
49 0.000041620673939093223
51 0.00004686777384075253
52 0.00014497369525357328
56 0.00012955459643277864
63 0.000007571063735414479
65 0.00007092567588545428
67 0.00042037846423980193
69 0.00023724943034546792
71 0.00012561808978093188
76 0.0002671685307183822
89 0.00028517189836102194
94 0.0004785475402955236
100 0.000611883269304757
104 0.0014772460512900354
107 0.0004098622713982304
115 0.0006179635749242299
124 0.0001988555649537063
159 0.0001776836714179443
177 0.00015160120460271228
179 0.0012344675031188972
180 0.00005682431219851005
196 0.0003351616683040378
215 0.0007031836599018376
216 0.002793526171327253
222 0.0003841483956894837
237 0.0003558910215031841
271 0.0017950983805895045
274 0.004051201045993941
283 0.00041790813825628515
286 0.0009938762245981585
287 0.0005162017214474523
288 0.0009120747583693047
307 0.00022550415909059743
310 0.00032453395541518913
321 0.0009671029243077069
349 0.008495267646705487
351 0.005625469279214701
367 0.0002673724241223067
376 0.00034065472379816113
396 0.0007678541784258615
401 0.00018110073068838497
411 0.00022304017535425432
457 0.0002936355528176933
462 0.001236436655287876
493 0.00046908078101438134
494 0.00019532208520319432
495 0.0003753890228061612
573 0.0001652752038556845
622 0.0003911548205288988
629 0.0005685167944117531
665 0.0004887683798320584
684 0.0005258216860189834
709 0.00027274170858643915
715 0.0004092519030008361
718 0.0006345864806991627
719 0.00048355146215385347
774 0.000618218327643938
777 0.0010376305223591363
851 0.00008185705212231243
861 0.0004737399020075509
863 0.00036920725599727517
911 0.0004120699366150429
920 0.0020747714147558924
922 0.00043730308863810597
1029 0.00023724943034546792
1088 0.000499919615209078
1093 0.00036920725599727517
1100 0.00040116683707882124
1278 0.0033522314055927033
1290 0.0006221866094455775
1315 0.0013448629893844162
1413 0.0004149542829511784
1417 0.0003911548205288988
1538 0.00046465581618336337
1580 0.0005685167944117531
1737 0.0007881489921597373
1751 0.010823281337329916
1781 0.00028224872431895635
1785 0.00030499358548289365
1886 0.0004785475402955236
1934 0.0005188152611795682
1965 0.0028127346396073505
2041 0.0007031836599018376
2262 0.0006037805934374678
2299 0.0005587052342654505
2366 0.00041790813825628515
2447 0.0007971722597919076
2535 0.0010665059907720767
2607 0.0006758309323565803
2932 0.0005587052342654505
2953 0.0007031836599018376
2973 0.0006534821266696528
3053 0.001117410468530901
3058 0.0005908656000986806
3208 0.00034065472379816113
3215 0.0007031836599018376
3826 0.0020752610447182726
3888 0.0006758309323565803
4172 0.0010516433720379667
5193 0.0006758309323565803
5213 0.0006534821266696528
5250 0.0007384474589275524
5770 0.0007881489921597373
5771 0.0015762979843194746
5772 0.0036922372946377622
5773 0.0036922372946377622
5774 0.0007881489921597373
5775 0.0015762979843194746
5776 0.000873114324417637
5777 0.0007881489921597373
5778 0.000873114324417637
5779 0.0007031836599018376
5780 0.0007881489921597373
5781 0.0007881489921597373
5782 0.0007881489921597373
5783 0.0015762979843194746
5784 0.0007881489921597373
5785 0.0007384474589275524