9 0.00017041626586836213
13 0.00003897464830142955
21 0.0001430533573344265
22 0.0006708679445748862
37 0.0004195196388193289
38 0.000005801646248097621
39 0.000013901335368914586
40 0.00000900625889003274
41 0.000018566402687180508
42 0.000051443803059355216
43 0.000008243075158511493
44 0.00013635553537529827
46 0.0005502923919206719
47 0.0004965540757811133
48 0.00013154366307515625
49 0.00012486202181727967
51 0.00004686777384075253
55 0.00009700475713476236
56 0.00019433189464916796
57 0.0001250684069607151
63 0.0000037855318677072396
65 0.00001773141897136357
67 0.00008407569284796038
71 0.00012561808978093188
74 0.00030499358548289365
100 0.0003059416346523785
114 0.00021141259586679695
151 0.0003359696033249817
154 0.0006629139619520678
171 0.0001368611790876869
180 0.00005682431219851005
193 0.0002936355528176933
197 0.0002904236905482616
243 0.000264773477364449
245 0.000181970089392662
277 0.00019930090227324488
286 0.0001987752449196317
288 0.001140093447961631
375 0.0007767460276426184
427 0.00044451570202655086
430 0.00044730308704364933
452 0.0002764565099464942
493 0.00023454039050719067
494 0.00019532208520319432
497 0.00035368817101790026
520 0.00016189608767124534
538 0.0002852508106156339
555 0.0002457554359134993
572 0.0006781460730349327
573 0.0001652752038556845
669 0.00012589385831905585
851 0.00008185705212231243
858 0.0002457554359134993
993 0.0008609827766498793
1153 0.0012362098098451287
1162 0.0009079086694440643
1214 0.000424038368775366
1446 0.002516852588380559
1503 0.0005332529953860384
2081 0.018915575811833698
2888 0.0005908656000986806
3459 0.007615037768389952
4922 0.002793526171327253
5786 0.000873114324417637
5787 0.000873114324417637