9 0.00030674927856305184
13 0.00009094084603666895
16 0.00015091663305076506
18 0.0014234965820728077
20 0.0004929832974362684
26 0.00012343399523364164
28 0.0005066488975853823
34 0.000043438765255019996
36 0.00024889158810598606
38 0.000005801646248097621
39 0.000013901335368914586
40 0.000024016690373420637
41 0.000029706244299488808
42 0.000051443803059355216
43 0.000016486150317022987
44 0.00013635553537529827
45 0.00025964242459217314
46 0.0005502923919206719
47 0.0004965540757811133
48 0.00013154366307515625
49 0.00012486202181727967
51 0.0001406033215222576
55 0.00009700475713476236
56 0.00019433189464916796
57 0.0001250684069607151
59 0.00020079305284486732
63 0.00000567829780156086
65 0.00003546283794272714
67 0.00004203784642398019
69 0.00023724943034546792
88 0.00024872719512041187
89 0.00009505729945367397
107 0.0002049311356991152
113 0.00011133348371866765
123 0.000376469232703808
124 0.0001988555649537063
129 0.00045619873460859607
160 0.00018023749427928805
165 0.00022550415909059743
180 0.0001136486243970201
214 0.0008209797243358649
251 0.00044005650644998804
255 0.00017273030805218352
286 0.0005963257347588951
287 0.0005162017214474523
293 0.0003285382939579267
307 0.00022550415909059743
320 0.002947251516675641
392 0.0005938676863953582
439 0.0003314569809760339
445 0.0027748340707562636
452 0.0005529130198929884
467 0.0010365781682011202
497 0.00035368817101790026
520 0.0003237921753424907
546 0.0008241398732300858
551 0.0002832412727662006
573 0.0001652752038556845
609 0.011807183393228862
649 0.0003960586369806884
654 0.006171988952655172
669 0.00012589385831905585
723 0.0006534821266696528
826 0.0008544448391450592
851 0.00008185705212231243
876 0.007431941590049078
928 0.001203500511236464
1035 0.0005908656000986806
1120 0.00029472515166756405
1196 0.0007682967913789674
1283 0.001695365182587332
1446 0.0017977518488432563
1450 0.0006513749791479525
1653 0.0071558939049089845
1788 0.0024724196196902574
1843 0.000787164416075248
2336 0.0004691137279473833
3092 0.0004338499289216686
5772 0.0014768949178551047
5788 0.000873114324417637
5789 0.001746228648835274
5790 0.0007881489921597373