1 0.0001309668193588762
12 0.0010259518201552573
13 0.000025983098867619697
16 0.00007545831652538253
26 0.00012343399523364164
27 0.0020250689920069094
28 0.00025332444879269114
34 0.000043438765255019996
36 0.00004148193135099767
38 0.000005801646248097621
39 0.000009267556912609724
40 0.000012008345186710319
41 0.000011139841612308305
43 0.000008243075158511493
45 0.0003894636368882597
46 0.0001834307973068906
47 0.00036113023693171874
49 0.00008324134787818645
52 0.00014497369525357328
55 0.00009700475713476236
56 0.00006477729821638932
63 0.00000567829780156086
64 0.00018731984297588175
65 0.00008865709485681788
84 0.0004261759244447152
85 0.00024357296170002702
103 0.0009043587776695111
113 0.00011133348371866765
114 0.00021141259586679695
124 0.00009942778247685315
132 0.0003985861298959538
143 0.0029699005562395103
150 0.00035621126149020904
161 0.0009775367596641168
162 0.0004149542829511784
167 0.007687049610190846
171 0.0001368611790876869
177 0.00015160120460271228
180 0.00005682431219851005
226 0.0004098622713982304
243 0.000529546954728898
271 0.00029918306343158405
277 0.00019930090227324488
287 0.00025810086072372616
288 0.00022801868959232616
307 0.00022550415909059743
319 0.00045619873460859607
393 0.00033907303651746636
454 0.0013516618647131605
456 0.0013069642533393056
538 0.0008557524318469018
555 0.000737266307740498
557 0.000424038368775366
569 0.00042093493558288133
594 0.0003438806748054391
596 0.00043049138832493966
671 0.0002597352724507996
735 0.0005791825675166354
779 0.00030263622314802144
786 0.0024228182854449526
811 0.00045217938883475555
1001 0.0009221915206268043
1078 0.0004408563537610837
1110 0.0005332529953860384
1176 0.0019141901611820944
1459 0.005238685946505822
1460 0.005238685946505822
1461 0.005238685946505822
1462 0.005238685946505822
1463 0.017644017420080624
1464 0.000873114324417637
1465 0.011250938558429402
1466 0.0014063673198036752
1467 0.0014768949178551047
1468 0.002060349683075215
1469 0.0013516618647131605
1470 0.0007881489921597373
1471 0.000873114324417637
1472 0.0021865154431905303
1473 0.0006534821266696528
1474 0.000873114324417637
1475 0.0006534821266696528