1 0.0001309668193588762
2 0.00017273030805218352
9 0.00013633301269468968
11 0.0004092519030008361
12 0.001538927730232886
13 0.000019487324150714776
14 0.0005050923328198371
15 0.000769463865116443
16 0.00007545831652538253
33 0.00022662121650080273
36 0.00016592772540399069
38 0.000005801646248097621
39 0.000013901335368914586
40 0.000006004172593355159
41 0.000011139841612308305
43 0.000008243075158511493
44 0.00013635553537529827
45 0.00025964242459217314
46 0.00027514619596033594
47 0.00022570639808232424
48 0.00013154366307515625
49 0.000041620673939093223
51 0.00004686777384075253
63 0.0000037855318677072396
65 0.00015958277074227216
67 0.00021018923211990097
69 0.00023724943034546792
71 0.00012561808978093188
104 0.0022979383020067215
107 0.0002049311356991152
115 0.0002059878583080766
124 0.00009942778247685315
180 0.00005682431219851005
196 0.0003351616683040378
215 0.0007031836599018376
216 0.002793526171327253
222 0.0003841483956894837
237 0.0003558910215031841
271 0.002094281444021089
274 0.004919315555849785
283 0.00041790813825628515
286 0.0015902019593570535
287 0.0005162017214474523
288 0.0006840560687769785
310 0.00032453395541518913
349 0.00457437488668757
351 0.008438203918822053
375 0.00025891534254753946
396 0.0007678541784258615
457 0.0002936355528176933
462 0.001236436655287876
467 0.00034552605606704003
495 0.0003753890228061612
544 0.0004785475402955236
551 0.0002832412727662006
556 0.000505900267840781
573 0.0001652752038556845
629 0.0005685167944117531
709 0.00027274170858643915
715 0.0004092519030008361
719 0.00048355146215385347
753 0.0002783569986123394
777 0.0010376305223591363
851 0.00008185705212231243
861 0.0004737399020075509
863 0.00036920725599727517
911 0.0004120699366150429
922 0.00043730308863810597
1278 0.005028347108389055
1290 0.00031109330472278875
1544 0.0006037805934374678
1751 0.010823281337329916
2041 0.0007031836599018376
2366 0.00041790813825628515
2447 0.0003985861298959538
2535 0.0010665059907720767
2577 0.0006758309323565803
2607 0.0006758309323565803
2932 0.0005587052342654505
2953 0.0007031836599018376
2973 0.0006534821266696528
3053 0.001117410468530901
3058 0.0005908656000986806
3215 0.0007031836599018376
3826 0.0015564457835387047
4128 0.0005587052342654505
4172 0.0010516433720379667
5213 0.0006534821266696528
5770 0.0007881489921597373
5771 0.0015762979843194746
5772 0.0036922372946377622
5773 0.0036922372946377622
5774 0.0007881489921597373
5775 0.0015762979843194746
5779 0.0007031836599018376
5780 0.0007881489921597373
5781 0.0007881489921597373
5782 0.0007881489921597373
5783 0.0007881489921597373
5785 0.0007384474589275524