9 0.00013633301269468968
16 0.00007545831652538253
37 0.0004195196388193289
38 0.000014504115620244055
39 0.000004633778456304862
40 0.00000900625889003274
41 0.000003713280537436101
42 0.00015433140917806565
43 0.00002472922547553448
51 0.0001406033215222576
63 0.0000094638296692681
65 0.00001773141897136357
67 0.00004203784642398019
87 0.0001891562677877985
89 0.00009505729945367397
97 0.00023454039050719067
102 0.00025332444879269114
104 0.00032827690028667443
124 0.00009942778247685315
245 0.000181970089392662
253 0.0002472323099654942
396 0.00019196354460646538
445 0.0004624723451260439
486 0.0013119092659143181
520 0.00016189608767124534
573 0.0001652752038556845
790 0.0004887683798320584
851 0.00032742820848924973
1271 0.0003652527497189936
1413 0.0004149542829511784
2830 0.0005908656000986806
5257 0.0007384474589275524
5791 0.001746228648835274
5792 0.000873114324417637