9 0.00017041626586836213
10 0.0042220235515264505
13 0.00003897464830142955
17 0.00018869457585405535
22 0.0006708679445748862
33 0.00011331060825040136
34 0.000043438765255019996
37 0.0004195196388193289
38 0.000005801646248097621
39 0.000009267556912609724
40 0.000015010431483387899
41 0.000014853122149744404
42 0.000051443803059355216
43 0.000016486150317022987
44 0.00013635553537529827
46 0.0003210038952870586
47 0.00018056511846585937
49 0.000041620673939093223
51 0.0001406033215222576
55 0.00009700475713476236
56 0.00012955459643277864
57 0.0001250684069607151
59 0.001204758317069204
63 0.0000037855318677072396
65 0.00001773141897136357
66 0.00018628059697440975
67 0.00004203784642398019
72 0.00017642643923270423
89 0.00047528649726836993
123 0.000188234616351904
124 0.00009942778247685315
165 0.00022550415909059743
177 0.00015160120460271228
179 0.000925850627339173
253 0.0002472323099654942
310 0.00048680093312278375
368 0.00037373000725685404
396 0.0011517812676387924
430 0.00022365154352182467
573 0.000330550407711369
641 0.002361493248225744
658 0.0003841483956894837
665 0.0004887683798320584
685 0.0005908656000986806
766 0.0014356426208865709
851 0.00008185705212231243
1029 0.0009489977213818717
1095 0.0004120699366150429
1112 0.0007344281131537118
1208 0.0007082030286839478
1235 0.0005258216860189834
1280 0.0006513749791479525
1314 0.0006758309323565803
1315 0.0008965753262562775
1325 0.0009370516107240867
1396 0.00036920725599727517
1477 0.0006345864806991627
1894 0.000549621148441263
3601 0.0003672140565768559
3895 0.000549621148441263
4166 0.002027492797069741
4223 0.00044451570202655086
4422 0.0007031836599018376
5165 0.0030189029671873397
5693 0.0007384474589275524
5793 0.000873114324417637
5794 0.000873114324417637
5795 0.000873114324417637