9 0.00013633301269468968
13 0.000012991549433809848
16 0.00007545831652538253
17 0.0016982511826864983
18 0.0014234965820728077
19 0.0002642464683900639
23 0.003192261654292567
33 0.00033993182475120415
34 0.000043438765255019996
36 0.00004148193135099767
38 0.000014504115620244055
39 0.000009267556912609724
40 0.000006004172593355159
41 0.000007426561074872202
43 0.000008243075158511493
49 0.000041620673939093223
51 0.00004686777384075253
63 0.00001135659560312172
65 0.00005319425691409072
67 0.00008407569284796038
89 0.00009505729945367397
100 0.0003059416346523785
102 0.00025332444879269114
130 0.00027274170858643915
144 0.0005074271160050014
180 0.00005682431219851005
249 0.002318637959093131
255 0.00017273030805218352
260 0.0003818991754555788
263 0.0002338723830583595
307 0.00022550415909059743
314 0.000618218327643938
411 0.00022304017535425432
438 0.00035955036976865123
493 0.000703621171521572
494 0.000585966255609583
497 0.00035368817101790026
555 0.000737266307740498
613 0.0018181469071555975
851 0.00032742820848924973
858 0.0002457554359134993
897 0.0005587052342654505
1007 0.000393582208037624
1037 0.0002709256892452844
1058 0.00044828766312813873
1153 0.0004120699366150429
1154 0.0015842345479227535
2063 0.00040116683707882124
2770 0.002594076305897841
3502 0.00036332233087023905
4120 0.0011370335888235062