9 0.00013633301269468968
13 0.000019487324150714776
16 0.00007545831652538253
21 0.000286106714668853
34 0.00008687753051003999
36 0.0002074096567549884
38 0.000005801646248097621
39 0.000013901335368914586
40 0.00000900625889003274
41 0.000011139841612308305
42 0.000051443803059355216
43 0.00002472922547553448
44 0.00013635553537529827
46 0.0004127192939405039
47 0.00040627151654818366
51 0.00004686777384075253
55 0.0006790332999433367
57 0.0001250684069607151
63 0.0000037855318677072396
65 0.00005319425691409072
67 0.00008407569284796038
69 0.00023724943034546792
71 0.00012561808978093188
72 0.0014114115138616338
73 0.0003858275493267621
76 0.0016030111843102933
87 0.0001891562677877985
103 0.00045217938883475555
122 0.00036834169965234924
135 0.00029805329448025724
144 0.0006765694880066684
150 0.00035621126149020904
176 0.0010125344960034547
177 0.0009096072276162738
180 0.00005682431219851005
196 0.0003351616683040378
247 0.00026056072380914035
263 0.0002338723830583595
267 0.0002783569986123394
279 0.00022929556638299245
310 0.00016226697770759457
353 0.0018769451140308064
445 0.0004624723451260439
497 0.0007073763420358005
669 0.00012589385831905585
703 0.0002862680700927968
753 0.0002783569986123394
818 0.0014826517057762074
851 0.00008185705212231243
858 0.0002457554359134993
898 0.0003014743275909555
911 0.0004120699366150429
922 0.00043730308863810597
1029 0.00047449886069093585
1214 0.001696153475101464
1264 0.00046465581618336337
1395 0.0005218500308689194
3189 0.0005908656000986806
4203 0.000505900267840781
4205 0.0005188152611795682
4289 0.0005188152611795682
5796 0.001746228648835274