9 0.00030674927856305184
13 0.000019487324150714776
17 0.0003773891517081107
18 0.00047449886069093585
20 0.0002464916487181342
22 0.0002683471778299544
23 0.00045603737918465233
29 0.00026649997158873667
33 0.00011331060825040136
36 0.00008296386270199534
38 0.000005801646248097621
39 0.000013901335368914586
40 0.000012008345186710319
41 0.000014853122149744404
42 0.00015433140917806565
43 0.000020607687896278735
44 0.00013635553537529827
51 0.0001874710953630101
55 0.00019400951426952473
57 0.0001250684069607151
63 0.0000037855318677072396
65 0.00001773141897136357
66 0.00009314029848720488
67 0.00008407569284796038
71 0.00012561808978093188
81 0.00018240709186440708
89 0.00019011459890734794
100 0.00015297081732618925
115 0.0006179635749242299
124 0.00009942778247685315
136 0.0002925555540824451
138 0.0018876044317017236
143 0.00032998895069327885
150 0.00035621126149020904
154 0.0003314569809760339
177 0.00030320240920542457
179 0.0006172337515594486
180 0.00005682431219851005
193 0.0002936355528176933
234 0.0005332529953860384
245 0.000181970089392662
255 0.00034546061610436703
263 0.0002338723830583595
264 0.00021085919057695548
279 0.0004585911327659849
287 0.00025810086072372616
294 0.0007971722597919076
310 0.00032453395541518913
347 0.0002479774737404859
367 0.0002673724241223067
391 0.000832209213374875
401 0.00036220146137676994
414 0.0014768949178551047
468 0.00219534558346638
517 0.0014063673198036752
555 0.0004915108718269986
573 0.000330550407711369
590 0.0007344281131537118
662 0.0004408563537610837
666 0.00032568748957397626
670 0.0003329428059983855
671 0.0010389410898031983
684 0.004732395174170851
750 0.0003344468624572988
851 0.00008185705212231243
1060 0.0002852508106156339
1112 0.0007344281131537118
1136 0.0006534821266696528
1321 0.0006542092087142864
1325 0.003123505369080289
1363 0.0012691729613983254
1371 0.0006345864806991627
1373 0.00951879721048744
1526 0.000505900267840781
1582 0.0006037805934374678
1710 0.0007384474589275524
2091 0.000618218327643938
2338 0.0005908656000986806
2375 0.0013516618647131605
2398 0.00044828766312813873
2414 0.0005411640668664958
2640 0.00043730308863810597
3549 0.0011583651350332708
3601 0.0011016421697305678
4221 0.0009775367596641168
4247 0.0013069642533393056
4271 0.0006758309323565803
4337 0.0033522314055927033
4961 0.0005908656000986806
5248 0.0006758309323565803
5797 0.0007881489921597373
5798 0.0006534821266696528
5799 0.0036922372946377622
5800 0.001746228648835274
5801 0.0007031836599018376
5802 0.000873114324417637
5803 0.002619342973252911