9 0.00023858277221570697
13 0.000006495774716904924
19 0.0014533555761453518
21 0.0014305335733442652
26 0.00012343399523364164
28 0.00025332444879269114
33 0.00011331060825040136
34 0.00008687753051003999
38 0.000005801646248097621
39 0.00002316889228152431
40 0.000012008345186710319
41 0.000014853122149744404
42 0.00010288760611871043
43 0.00003297230063404597
45 0.00012982121229608657
46 0.00004585769932672265
47 0.00004514127961646484
49 0.0001664826957563729
63 0.00000567829780156086
65 0.00001773141897136357
66 0.00018628059697440975
67 0.00004203784642398019
71 0.00012561808978093188
72 0.0026463965884905636
73 0.00019291377466338104
75 0.0031652557218432896
76 0.0001335842653591911
81 0.0009120354593220354
87 0.0018915626778779851
88 0.00024872719512041187
89 0.00009505729945367397
124 0.00009942778247685315
135 0.0008941598834407718
154 0.0016572849048801697
177 0.0007580060230135615
180 0.00005682431219851005
223 0.0008890314040531017
245 0.000545910268177986
251 0.00022002825322499402
254 0.0008544448391450592
277 0.0011958054136394693
286 0.0001987752449196317
307 0.00022550415909059743
310 0.00032453395541518913
352 0.0002958245228348551
360 0.00019339166635443979
375 0.00025891534254753946
391 0.0013870153556247917
399 0.0005938676863953582
401 0.00036220146137676994
475 0.0014313403504639844
496 0.0004929832974362684
606 0.006822201532941038
613 0.0002597352724507996
664 0.0022809936730429805
772 0.0005194705449015992
803 0.0005194705449015992
851 0.00008185705212231243
1015 0.0011370335888235062
1034 0.00034065472379816113
1084 0.00036920725599727517
1120 0.0005894503033351281
1182 0.00045217938883475555
1280 0.00032568748957397626
1446 0.0032359533279178614
1528 0.00043730308863810597
1781 0.000846746172956869
2128 0.0021865154431905303
2176 0.0007881489921597373
2378 0.0006006466840248042
4204 0.00045619873460859607
4257 0.0003887745697496512
4367 0.0015762979843194746
4386 0.0029537898357102094
4694 0.0014063673198036752
5773 0.0007384474589275524
5807 0.001746228648835274
5808 0.001746228648835274
5809 0.001746228648835274
5810 0.001746228648835274
5811 0.000873114324417637
5812 0.001746228648835274
5813 0.0006534821266696528
5814 0.000873114324417637
5815 0.0007881489921597373
5816 0.000873114324417637
5817 0.003492457297670548