1 0.0001309668193588762
2 0.00017273030805218352
9 0.00020449951904203455
13 0.000019487324150714776
16 0.00007545831652538253
21 0.001144426858675412
22 0.00040252076674493167
26 0.0009874719618691331
28 0.00025332444879269114
29 0.0005329999431774733
33 0.00011331060825040136
36 0.00008296386270199534
38 0.000005801646248097621
39 0.000032436449194134037
40 0.00002701877667009822
41 0.00003341952483692492
42 0.00020577521223742086
43 0.00003297230063404597
44 0.00020453330306294742
49 0.00020810336969546614
51 0.00004686777384075253
63 0.0000037855318677072396
65 0.00003546283794272714
67 0.00021018923211990097
70 0.00035233775638020634
71 0.00037685426934279566
84 0.0002130879622223576
89 0.00028517189836102194
100 0.00015297081732618925
107 0.0002049311356991152
115 0.0002059878583080766
124 0.00009942778247685315
125 0.0002682511308492756
128 0.0013685962038257882
143 0.0023099226548529525
144 0.0010148542320100027
146 0.000264773477364449
158 0.00028424192373937554
159 0.000533051014253833
160 0.00018023749427928805
165 0.00045100831818119485
180 0.00017047293659553015
186 0.00025254616640991854
191 0.0010376305223591363
193 0.0005872711056353866
196 0.0011730658390641327
206 0.00044451570202655086
207 0.0047308165264960626
243 0.000529546954728898
245 0.000363940178785324
251 0.00044005650644998804
258 0.0007921172739613768
259 0.0005178306850950789
263 0.0002338723830583595
275 0.0004120699366150429
277 0.0009965045113662244
279 0.00022929556638299245
286 0.0003975504898392634
288 0.00045603737918465233
292 0.0002914849877710017
307 0.00022550415909059743
310 0.00048680093312278375
328 0.001117410468530901
348 0.0017088896782901184
356 0.00040649720137641123
360 0.00019339166635443979
375 0.00025891534254753946
379 0.0003438806748054391
391 0.000832209213374875
399 0.0014846692159883957
401 0.00018110073068838497
416 0.001244373218891155
437 0.00032153186911851154
440 0.00048355146215385347
464 0.000393582208037624
475 0.003435216841113562
486 0.00043730308863810597
491 0.0006221866094455775
505 0.0013438784132999268
506 0.002094281444021089
507 0.0005454834171728783
521 0.0007384474589275524
530 0.021019423139893897
531 0.004327528293507567
538 0.0002852508106156339
549 0.001615212190296635
550 0.00025332444879269114
551 0.0005664825455324013
557 0.005088460425304393
558 0.0030201670907227577
564 0.0004942172352587358
573 0.0001652752038556845
579 0.0004942172352587358
625 0.00048355146215385347
669 0.0005035754332762234
691 0.0003038092374917516
703 0.0002862680700927968
706 0.0006345864806991627
712 0.0007031836599018376
753 0.0005567139972246788
768 0.0009884344705174716
786 0.002826621333019112
811 0.0022608969441737783
851 0.00008185705212231243
858 0.0004915108718269986
863 0.00036920725599727517
868 0.0005418513784905688
873 0.00037969048392546374
879 0.0002958245228348551
885 0.00951879721048744
893 0.0018876044317017236
987 0.003411100766470519
1060 0.0002852508106156339
1062 0.0005162017214474523
1078 0.0004408563537610837
1154 0.0007921172739613768
1223 0.0004887683798320584
1224 0.00044828766312813873
1312 0.000618218327643938
1328 0.0010623045430259218
1397 0.00028028741746109395
1429 0.0006345864806991627
1442 0.0004338499289216686
1448 0.0013810630651921825
1514 0.0018113417803124036
1635 0.005907579671420419
1713 0.0008241398732300858
1755 0.0029537898357102094
1781 0.00028224872431895635
2095 0.0007881489921597373
2128 0.00043730308863810597
2155 0.00048355146215385347
2156 0.0005332529953860384
2194 0.0033522314055927033
2366 0.00041790813825628515
2447 0.0015943445195838151
2638 0.0031995179723162304
3837 0.0006345864806991627
3867 0.0007031836599018376
4137 0.00048355146215385347
4216 0.000499919615209078
4670 0.001236436655287876
4954 0.0007031836599018376
5014 0.0007384474589275524
5818 0.0023644469764792122
5819 0.001746228648835274
5820 0.027939658381364384
5821 0.0015762979843194746
5822 0.000873114324417637
5823 0.005238685946505822
5824 0.000873114324417637
5825 0.003492457297670548
5826 0.0015762979843194746
5827 0.003492457297670548
5828 0.001746228648835274
5829 0.000873114324417637
5830 0.000873114324417637
5831 0.002619342973252911
5832 0.002619342973252911
5833 0.000873114324417637
5834 0.000873114324417637
5835 0.0007881489921597373
5836 0.000873114324417637
5837 0.000873114324417637
5838 0.000873114324417637
5839 0.000873114324417637
5840 0.0007031836599018376
5841 0.000873114324417637