9 0.00013633301269468968
12 0.0002564879550388143
13 0.000019487324150714776
16 0.00007545831652538253
17 0.0005660837275621661
18 0.0011862471517273398
19 0.0002642464683900639
33 0.00011331060825040136
34 0.000043438765255019996
36 0.00012444579405299303
37 0.00020975981940966445
38 0.000005801646248097621
39 0.000013901335368914586
40 0.00000900625889003274
41 0.000011139841612308305
42 0.000051443803059355216
43 0.00001236461273776724
44 0.00013635553537529827
46 0.0004127192939405039
47 0.00040627151654818366
49 0.00008324134787818645
51 0.00004686777384075253
55 0.00009700475713476236
57 0.0001250684069607151
63 0.0000037855318677072396
65 0.00001773141897136357
67 0.00008407569284796038
71 0.00012561808978093188
76 0.0002671685307183822
81 0.0007296283674576283
84 0.0002130879622223576
89 0.00019011459890734794
104 0.00016413845014333722
125 0.0008047533925478269
151 0.0003359696033249817
180 0.00005682431219851005
183 0.000416258063524805
196 0.0001675808341520189
210 0.0003201773905469762
230 0.0002958245228348551
249 0.0007728793196977103
263 0.0002338723830583595
399 0.0005938676863953582
439 0.0003314569809760339
442 0.0003242865707429365
494 0.002148542937235138
500 0.001903759442097488
514 0.00043049138832493966
520 0.0003237921753424907
540 0.0006943876483085783
633 0.0012194916041292337
669 0.00012589385831905585
751 0.0018414174202562431
811 0.00045217938883475555
851 0.00008185705212231243
858 0.0002457554359134993
898 0.0003014743275909555
1001 0.00030739717354226806
1007 0.000787164416075248
1028 0.0007082030286839478
1037 0.0002709256892452844
1062 0.00025810086072372616
1084 0.00036920725599727517
1120 0.0005894503033351281
1283 0.00033907303651746636
1785 0.00030499358548289365
2414 0.0005411640668664958
3205 0.0006758309323565803
3393 0.0006534821266696528
5847 0.002619342973252911
5848 0.000873114324417637