9 0.00013633301269468968
10 0.00985138828689505
13 0.000045470423018334476
17 0.0003773891517081107
19 0.00013212323419503196
22 0.0005366943556599089
26 0.00012343399523364164
33 0.00011331060825040136
34 0.000043438765255019996
36 0.00024889158810598606
38 0.000008702469372146433
39 0.000027802670737829172
40 0.00001801251778006548
41 0.00002227968322461661
42 0.00010288760611871043
43 0.000037093838213301725
44 0.00013635553537529827
46 0.0003668615946137812
47 0.00045141279616464847
48 0.00039463098922546877
49 0.000041620673939093223
55 0.00019400951426952473
56 0.00006477729821638932
57 0.0003752052208821453
63 0.00000567829780156086
65 0.00001773141897136357
66 0.00027942089546161464
67 0.00016815138569592077
71 0.00012561808978093188
73 0.0003858275493267621
84 0.0004261759244447152
88 0.00024872719512041187
107 0.0014345179498938066
139 0.00028224872431895635
144 0.0006765694880066684
161 0.011241672736137345
165 0.00045100831818119485
177 0.00030320240920542457
180 0.0001136486243970201
230 0.0002958245228348551
243 0.000529546954728898
255 0.00017273030805218352
263 0.0007016171491750785
264 0.00021085919057695548
277 0.0007972036090929795
286 0.0001987752449196317
287 0.00025810086072372616
304 0.00026056072380914035
368 0.00018686500362842702
377 0.0003188377153162591
396 0.0005758906338193962
440 0.0009671029243077069
445 0.00023123617256302196
464 0.000393582208037624
514 0.00043049138832493966
520 0.00016189608767124534
550 0.00025332444879269114
576 0.0003086168757797243
669 0.0002517877166381117
682 0.002627723159643129
688 0.0027481057422063153
703 0.0002862680700927968
753 0.0002783569986123394
771 0.0021032867440759335
835 0.008785802120635544
836 0.001099242296882526
851 0.00008185705212231243
898 0.000602948655181911
993 0.00043049138832493966
1062 0.00025810086072372616
1084 0.00036920725599727517
1153 0.0004120699366150429
1214 0.000424038368775366
1321 0.0003271046043571432
1395 0.0001739500102896398
1436 0.00048355146215385347
1524 0.0005791825675166354
1894 0.006595453781295156
1897 0.0007031836599018376
1898 0.004442105364894139
2063 0.00040116683707882124
3538 0.0005332529953860384
4127 0.0006037805934374678
4146 0.0006037805934374678
4439 0.0006345864806991627
5204 0.002198484593765052
5849 0.0015762979843194746
5850 0.000873114324417637
5851 0.00611180027092346
5852 0.0023644469764792122
5853 0.0007031836599018376
5854 0.000873114324417637