9 0.00027266602538937937
12 0.003334343415504586
13 0.000045470423018334476
14 0.0005050923328198371
15 0.0010259518201552573
26 0.0014812079428037
27 0.012487925450709274
36 0.00016592772540399069
38 0.000005801646248097621
39 0.000032436449194134037
40 0.00000900625889003274
41 0.000011139841612308305
42 0.00010288760611871043
43 0.00002472922547553448
44 0.00013635553537529827
45 0.00012982121229608657
46 0.00027514619596033594
47 0.00027084767769878907
49 0.000041620673939093223
55 0.00009700475713476236
57 0.0001250684069607151
63 0.00000567829780156086
65 0.00003546283794272714
67 0.00021018923211990097
69 0.00047449886069093585
71 0.00037685426934279566
100 0.00015297081732618925
113 0.00011133348371866765
123 0.000188234616351904
124 0.00009942778247685315
136 0.0008776666622473353
143 0.00032998895069327885
162 0.0008299085659023568
171 0.0002737223581753738
176 0.00033751149866781817
180 0.0001136486243970201
196 0.0003351616683040378
210 0.002241241733828834
222 0.0007682967913789674
230 0.0002958245228348551
243 0.000529546954728898
255 0.00034546061610436703
263 0.000467744766116719
270 0.00287640295814921
271 0.004188562888042178
274 0.013600460654408229
277 0.0012954558647760917
283 0.00041790813825628515
288 0.0050164111710311755
292 0.0005829699755420034
304 0.00026056072380914035
368 0.00018686500362842702
374 0.000505900267840781
401 0.000905503653441925
416 0.0006221866094455775
439 0.0016572849048801697
442 0.0003242865707429365
494 0.00039064417040638865
520 0.00016189608767124534
549 0.001615212190296635
580 0.001322569061283251
669 0.0002517877166381117
691 0.0015190461874587584
715 0.0016370076120033445
747 0.0005188152611795682
751 0.003222480485448426
851 0.00008185705212231243
864 0.000549621148441263
884 0.0006037805934374678
1031 0.00042093493558288133
1042 0.0026662649769301923
1285 0.00036332233087023905
1328 0.0003541015143419739
1781 0.001411243621594782
1785 0.00030499358548289365
2148 0.00044828766312813873
2152 0.0019768689410349432
2366 0.00041790813825628515
2930 0.0007031836599018376
3208 0.004087856685577934
4175 0.000618218327643938
4204 0.00045619873460859607
4236 0.0024710861762936792
4654 0.0018546549829318141
4818 0.0066460271303479725
4861 0.0007881489921597373
5855 0.0023644469764792122
5856 0.009604257568594007
5857 0.000873114324417637
5858 0.001746228648835274
5859 0.0007384474589275524
5860 0.002619342973252911
5861 0.000873114324417637
5862 0.000873114324417637