0 0.00019243773886705868
1 0.0002619336387177524
9 0.0003749157849103967
13 0.000012991549433809848
16 0.00007545831652538253
17 0.00018869457585405535
19 0.00066061617097516
21 0.000572213429337706
26 0.00012343399523364164
28 0.00025332444879269114
36 0.00004148193135099767
38 0.000008702469372146433
39 0.000027802670737829172
40 0.00001801251778006548
41 0.000014853122149744404
42 0.00020577521223742086
43 0.000020607687896278735
44 0.00020453330306294742
46 0.0005502923919206719
47 0.0004965540757811133
49 0.00008324134787818645
51 0.00009373554768150506
55 0.00009700475713476236
56 0.00019433189464916796
57 0.0001250684069607151
63 0.0000094638296692681
65 0.00001773141897136357
67 0.00012611353927194057
71 0.00012561808978093188
74 0.00030499358548289365
89 0.0003802291978146959
94 0.0004785475402955236
107 0.0002049311356991152
113 0.0002226669674373353
159 0.0003553673428358886
171 0.0002737223581753738
179 0.0030861687577972436
180 0.00005682431219851005
251 0.00022002825322499402
263 0.0002338723830583595
277 0.001096154962502847
286 0.0001987752449196317
287 0.00025810086072372616
297 0.00034888459666376895
300 0.0004120699366150429
309 0.0009009700260372063
310 0.00032453395541518913
368 0.00018686500362842702
375 0.00025891534254753946
391 0.003883642995749417
427 0.00044451570202655086
452 0.0005529130198929884
475 0.004007752981299156
520 0.00016189608767124534
538 0.0002852508106156339
540 0.0006943876483085783
550 0.00025332444879269114
575 0.001011800535681562
585 0.0003911548205288988
669 0.00012589385831905585
850 0.0007921172739613768
851 0.00008185705212231243
858 0.0002457554359134993
871 0.0003960586369806884
1028 0.0003541015143419739
1066 0.000424038368775366
1067 0.0004408563537610837
1325 0.003435855905988318
1713 0.0004120699366150429
1878 0.0007682967913789674
2213 0.0013335471060796527
2378 0.0003003233420124021
2637 0.00043049138832493966
2640 0.00043730308863810597
2697 0.001203500511236464
2700 0.00040380304757415875
2701 0.0004603543550640608
2702 0.00046465581618336337
2703 0.00045217938883475555
3018 0.0004408563537610837
3552 0.0006534821266696528
4370 0.0004603543550640608
4371 0.0004785475402955236
4372 0.0004691137279473833
4373 0.00046465581618336337
4374 0.0004737399020075509
4375 0.0004603543550640608
4456 0.00045217938883475555
4457 0.0005791825675166354
4743 0.00048355146215385347
4760 0.0024710861762936792
4883 0.0006037805934374678
5514 0.0005791825675166354
5790 0.0007881489921597373
5863 0.000873114324417637
5864 0.0022153423767826575
5865 0.000873114324417637
5866 0.000873114324417637
5867 0.000873114324417637