2 0.00017273030805218352
9 0.00023858277221570697
13 0.000019487324150714776
18 0.0014234965820728077
22 0.0002683471778299544
26 0.00012343399523364164
36 0.00004148193135099767
38 0.000005801646248097621
39 0.000027802670737829172
40 0.00000900625889003274
41 0.000014853122149744404
42 0.00010288760611871043
43 0.00007418767642660345
44 0.00013635553537529827
46 0.00027514619596033594
47 0.00031598895731525394
49 0.000041620673939093223
55 0.00019400951426952473
57 0.0001250684069607151
63 0.00000567829780156086
65 0.00003546283794272714
66 0.00009314029848720488
67 0.00004203784642398019
68 0.0002914849877710017
84 0.0004261759244447152
100 0.00015297081732618925
124 0.00009942778247685315
128 0.0018247949384343843
143 0.0013199558027731154
160 0.00018023749427928805
171 0.0001368611790876869
176 0.00033751149866781817
180 0.0001136486243970201
226 0.0002049311356991152
251 0.00022002825322499402
263 0.0002338723830583595
277 0.0009965045113662244
307 0.00022550415909059743
392 0.0002969338431976791
401 0.000905503653441925
406 0.000505900267840781
435 0.0013810630651921825
464 0.000393582208037624
538 0.0002852508106156339
540 0.0006943876483085783
549 0.0012114091427224763
555 0.0002457554359134993
669 0.00012589385831905585
670 0.0003329428059983855
691 0.0003038092374917516
751 0.0036828348405124863
763 0.0013516618647131605
776 0.0020487510073217167
809 0.0005791825675166354
851 0.00008185705212231243
868 0.0002709256892452844
1062 0.00025810086072372616
1112 0.0003672140565768559
1301 0.002965303411552415
1321 0.0003271046043571432
1450 0.00032568748957397626
1586 0.005662813295105171
1593 0.0006758309323565803
1667 0.0040542779726164485
1670 0.000618218327643938
1725 0.0008817127075221674
2103 0.000549621148441263
2488 0.0007384474589275524
2499 0.0006037805934374678
4222 0.0009043587776695111
4223 0.0008890314040531017
4940 0.006534821266696528
5393 0.0006758309323565803
5868 0.000873114324417637
5869 0.000873114324417637
5870 0.0007881489921597373
5871 0.000873114324417637