9 0.00013633301269468968
12 0.000769463865116443
13 0.000025983098867619697
14 0.00025254616640991854
15 0.0002564879550388143
22 0.0001341735889149772
34 0.000043438765255019996
36 0.00004148193135099767
38 0.000005801646248097621
39 0.000013901335368914586
40 0.000012008345186710319
41 0.000007426561074872202
42 0.000051443803059355216
43 0.000016486150317022987
44 0.00013635553537529827
46 0.0001834307973068906
47 0.00018056511846585937
56 0.00019433189464916796
63 0.0000094638296692681
65 0.00001773141897136357
66 0.00009314029848720488
67 0.00004203784642398019
97 0.00046908078101438134
99 0.0009813138130714298
113 0.00033400045115600295
114 0.00021141259586679695
124 0.0001988555649537063
127 0.005432805797331707
136 0.0002925555540824451
144 0.0006765694880066684
158 0.00028424192373937554
177 0.00015160120460271228
210 0.0003201773905469762
222 0.0003841483956894837
243 0.000264773477364449
271 0.00029918306343158405
274 0.0026043435295675333
277 0.00009965045113662244
283 0.00041790813825628515
288 0.00045603737918465233
368 0.00018686500362842702
401 0.00018110073068838497
440 0.0009671029243077069
442 0.0003242865707429365
457 0.0005872711056353866
461 0.0003985861298959538
573 0.0001652752038556845
648 0.0016008869527348814
715 0.0004092519030008361
851 0.00008185705212231243
1280 0.00032568748957397626
1417 0.0007823096410577976
1538 0.0009293116323667267
1636 0.0004603543550640608
1781 0.00028224872431895635
1785 0.00030499358548289365
2101 0.005881339140026876
2148 0.0013448629893844162
2661 0.001236436655287876
3208 0.00034065472379816113
3502 0.00036332233087023905
4174 0.0055639649487954435
4176 0.013398532866715537
4236 0.0004942172352587358
5855 0.0007881489921597373
5872 0.001746228648835274
5873 0.000873114324417637
5874 0.000873114324417637
5875 0.000873114324417637