9 0.00023858277221570697
13 0.000019487324150714776
16 0.00007545831652538253
17 0.002075640334394609
22 0.0001341735889149772
23 0.0006840560687769785
33 0.00022662121650080273
36 0.00008296386270199534
38 0.000017404938744292866
39 0.000004633778456304862
40 0.00000900625889003274
41 0.000007426561074872202
43 0.00001236461273776724
45 0.00012982121229608657
48 0.00013154366307515625
49 0.00008324134787818645
51 0.00009373554768150506
63 0.00001135659560312172
65 0.00001773141897136357
81 0.0007296283674576283
100 0.00015297081732618925
102 0.0007599733463780734
115 0.0002059878583080766
146 0.000264773477364449
226 0.0002049311356991152
245 0.000181970089392662
247 0.00026056072380914035
251 0.00022002825322499402
258 0.0007921172739613768
259 0.0005178306850950789
267 0.0002783569986123394
278 0.0007550417726806894
310 0.00016226697770759457
352 0.0002958245228348551
411 0.00044608035070850863
438 0.001438201479074605
452 0.0005529130198929884
484 0.0008609827766498793
487 0.00043049138832493966
495 0.0003753890228061612
496 0.0007394749461544028
624 0.0004887683798320584
741 0.0007046755127604127
803 0.0007792058173523988
851 0.0002046426303057811
1037 0.0005418513784905688
1448 0.0009207087101281216
1616 0.0005685167944117531
1872 0.0007881489921597373
3601 0.0011016421697305678
3713 0.001117410468530901
3956 0.0017055503832352594
4216 0.000499919615209078
5842 0.0006758309323565803
5876 0.0007881489921597373
5877 0.000873114324417637
5878 0.0007881489921597373
5879 0.000873114324417637
5880 0.000873114324417637
5881 0.000873114324417637
5882 0.000873114324417637
5883 0.000873114324417637
5884 0.000873114324417637
5885 0.000873114324417637