9 0.00034083253173672426
13 0.000006495774716904924
16 0.00007545831652538253
21 0.0001430533573344265
33 0.00022662121650080273
34 0.000043438765255019996
38 0.000005801646248097621
39 0.000013901335368914586
40 0.00001801251778006548
41 0.000011139841612308305
42 0.00015433140917806565
43 0.00002472922547553448
44 0.00013635553537529827
46 0.0001834307973068906
47 0.00018056511846585937
49 0.00008324134787818645
51 0.0001874710953630101
55 0.00009700475713476236
56 0.00006477729821638932
57 0.0001250684069607151
63 0.0000037855318677072396
65 0.00001773141897136357
67 0.00008407569284796038
72 0.0010585586353962255
76 0.0005343370614367644
87 0.0001891562677877985
89 0.00019011459890734794
97 0.00023454039050719067
113 0.0002226669674373353
124 0.00009942778247685315
135 0.00029805329448025724
136 0.0002925555540824451
179 0.0003086168757797243
185 0.0007969010545468823
245 0.000181970089392662
253 0.0002472323099654942
255 0.00017273030805218352
263 0.0002338723830583595
264 0.00042171838115391097
309 0.0003003233420124021
368 0.00018686500362842702
480 0.0003672140565768559
507 0.00027274170858643915
508 0.0002682511308492756
512 0.0006350250466893421
555 0.0002457554359134993
573 0.0001652752038556845
709 0.0005454834171728783
851 0.00008185705212231243
1187 0.00035770704084433884
1325 0.0009370516107240867
1636 0.0004603543550640608
2640 0.00043730308863810597
4205 0.0005188152611795682
4602 0.0006345864806991627
5127 0.0021095509797055133
5886 0.001746228648835274