13 0.000012991549433809848
26 0.00012343399523364164
34 0.00008687753051003999
36 0.00016592772540399069
38 0.000011603292496195242
39 0.000018535113825219447
40 0.000012008345186710319
41 0.000007426561074872202
42 0.00010288760611871043
43 0.00001236461273776724
49 0.00012486202181727967
51 0.00004686777384075253
63 0.000007571063735414479
65 0.00007092567588545428
67 0.00004203784642398019
71 0.00012561808978093188
72 0.0014114115138616338
87 0.0001891562677877985
124 0.00009942778247685315
144 0.0003382847440033342
180 0.00005682431219851005
226 0.0002049311356991152
251 0.00022002825322499402
286 0.0001987752449196317
391 0.0011096122844998333
401 0.001267705114818695
416 0.001244373218891155
452 0.0002764565099464942
475 0.002576412630835172
493 0.000703621171521572
569 0.00042093493558288133
608 0.0003438806748054391
669 0.00012589385831905585
851 0.0002455711563669373
858 0.000737266307740498
1028 0.0003541015143419739
1029 0.00047449886069093585
1322 0.0004737399020075509
1781 0.000846746172956869
3208 0.00034065472379816113