9 0.00013633301269468968
13 0.00003247887358452463
22 0.0002683471778299544
28 0.00025332444879269114
34 0.000043438765255019996
36 0.0002074096567549884
38 0.000005801646248097621
39 0.000013901335368914586
40 0.00000900625889003274
41 0.000011139841612308305
42 0.00010288760611871043
43 0.000016486150317022987
44 0.00013635553537529827
46 0.0003210038952870586
47 0.00031598895731525394
51 0.00004686777384075253
63 0.0000037855318677072396
65 0.00005319425691409072
66 0.00009314029848720488
67 0.00008407569284796038
71 0.00012561808978093188
73 0.00019291377466338104
84 0.0004261759244447152
100 0.00015297081732618925
102 0.00025332444879269114
114 0.00021141259586679695
122 0.00018417084982617462
128 0.0018247949384343843
131 0.0004092519030008361
143 0.0006599779013865577
150 0.00035621126149020904
180 0.00005682431219851005
212 0.00040116683707882124
226 0.0002049311356991152
255 0.00034546061610436703
277 0.00009965045113662244
279 0.00022929556638299245
304 0.0005211214476182807
310 0.0009736018662455675
333 0.0004338499289216686
497 0.00035368817101790026
548 0.0017375477025499064
579 0.0004942172352587358
657 0.002793526171327253
751 0.00506389790570467
811 0.0013565381665042668
818 0.0014826517057762074
851 0.00008185705212231243
858 0.000737266307740498
1095 0.0004120699366150429
1310 0.00036332233087023905
1395 0.0005218500308689194
1696 0.0004887683798320584
1835 0.003267410633348264
2026 0.0018546549829318141
2540 0.001236436655287876
3080 0.0007384474589275524
3125 0.0018546549829318141
3566 0.0007031836599018376
5887 0.0007881489921597373
5888 0.006984914595341096
5889 0.000873114324417637
5890 0.000873114324417637
5891 0.0007881489921597373