0 0.00019243773886705868
1 0.0002619336387177524
2 0.00017273030805218352
5 0.0002365665368606119
6 0.0002400196965770493
7 0.000233207996263883
8 0.00028224872431895635
13 0.00014940281848881327
16 0.00030183326610153013
20 0.0002464916487181342
34 0.00013031629576506
36 0.00016592772540399069
38 0.000008702469372146433
39 0.00007877423375718267
40 0.000015010431483387899
41 0.000018566402687180508
42 0.00010288760611871043
43 0.00002885076305479023
45 0.0006491060614804328
46 0.00027514619596033594
47 0.00040627151654818366
48 0.0002630873261503125
49 0.0002913447175736526
52 0.00028994739050714656
55 0.00019400951426952473
56 0.00019433189464916796
58 0.0008237551125322549
59 0.000602379158534602
63 0.000007571063735414479
64 0.00018731984297588175
65 0.00010638851382818144
67 0.00033630277139184154
81 0.0018240709186440709
82 0.0011329650910648025
97 0.00023454039050719067
100 0.00015297081732618925
113 0.00033400045115600295
115 0.0002059878583080766
122 0.00018417084982617462
138 0.0003775208863403447
146 0.000264773477364449
159 0.0001776836714179443
171 0.0001368611790876869
185 0.0005312673696979216
221 0.006704462811185407
230 0.0002958245228348551
245 0.000181970089392662
246 0.00040649720137641123
250 0.000742466804701393
260 0.0007637983509111575
277 0.00039860180454648976
279 0.00022929556638299245
293 0.0006570765879158534
294 0.0003985861298959538
307 0.00022550415909059743
313 0.0004338499289216686
333 0.0004338499289216686
363 0.0007266446617404781
368 0.00018686500362842702
375 0.0005178306850950789
379 0.0013755226992217563
470 0.0011390714517763912
514 0.00043049138832493966
520 0.0009713765260274722
550 0.00025332444879269114
572 0.0010172191095523992
573 0.0001652752038556845
608 0.0010316420244163174
613 0.0007792058173523988
646 0.0003712334023506965
664 0.0018247949384343843
708 0.00035955036976865123
717 0.000787164416075248
749 0.0004603543550640608
770 0.0004785475402955236
771 0.0005258216860189834
779 0.0006052724462960429
825 0.000505900267840781
826 0.0004272224195725296
842 0.0005258216860189834
1056 0.0006534821266696528
1188 0.0005587052342654505
1196 0.004225632352584321
1235 0.0005258216860189834
1321 0.0003271046043571432
1479 0.00038643965984885517
1484 0.0036922372946377622
1485 0.001746228648835274
1486 0.0013939674485500902
1487 0.0007384474589275524
1488 0.0006345864806991627
1489 0.0006534821266696528
1490 0.0006534821266696528
1491 0.01746228648835274
1492 0.0036922372946377622
1493 0.003920892760017917
1494 0.0010376305223591363
1495 0.0009382274558947666
1496 0.0006758309323565803
1497 0.0006534821266696528
1498 0.000873114324417637
1499 0.004722986496451488
1500 0.000873114324417637
1501 0.001746228648835274
1502 0.0007881489921597373
1503 0.0005332529953860384