9 0.00017041626586836213
13 0.000012991549433809848
16 0.00007545831652538253
17 0.0018869457585405536
18 0.0009489977213818717
19 0.0002642464683900639
21 0.0001430533573344265
23 0.001140093447961631
33 0.00033993182475120415
34 0.00008687753051003999
36 0.00008296386270199534
38 0.000005801646248097621
39 0.000018535113825219447
40 0.00000900625889003274
41 0.000011139841612308305
42 0.00010288760611871043
43 0.00001236461273776724
44 0.00013635553537529827
49 0.000041620673939093223
51 0.00004686777384075253
55 0.00009700475713476236
57 0.0002501368139214302
63 0.0000037855318677072396
65 0.00005319425691409072
67 0.00008407569284796038
68 0.0002914849877710017
74 0.0006099871709657873
76 0.0009350898575143378
84 0.0002130879622223576
97 0.00023454039050719067
100 0.001070795721283325
104 0.00032827690028667443
124 0.00009942778247685315
144 0.0006765694880066684
154 0.0006629139619520678
160 0.00018023749427928805
180 0.0001136486243970201
183 0.0010406451588120126
226 0.0002049311356991152
258 0.0015842345479227535
259 0.0018124073978327763
263 0.000467744766116719
264 0.00021085919057695548
268 0.00048355146215385347
279 0.0004585911327659849
311 0.0004887683798320584
360 0.00019339166635443979
401 0.000543302192065155
468 0.0025089663811044337
520 0.0003237921753424907
555 0.0002457554359134993
716 0.0003136207976380542
741 0.0014093510255208253
750 0.0003344468624572988
772 0.0002597352724507996
779 0.00030263622314802144
803 0.0002597352724507996
851 0.000040928526061156217
873 0.00037969048392546374
1028 0.0014164060573678956
1029 0.00023724943034546792
1321 0.0003271046043571432
1388 0.0003753890228061612
1603 0.00040116683707882124
1690 0.0005188152611795682
2003 0.0007031836599018376
2005 0.0006534821266696528
2128 0.0021865154431905303
2987 0.0012075611868749357
3001 0.0011817312001973612
3315 0.00045217938883475555
4921 0.00048355146215385347
5892 0.0036922372946377622
5893 0.005238685946505822
5894 0.000873114324417637
5895 0.000873114324417637
5896 0.000873114324417637