13 0.000025983098867619697
16 0.00007545831652538253
26 0.0002468679904672833
29 0.0010659998863549467
34 0.00039094888729518
37 0.0004195196388193289
38 0.000005801646248097621
39 0.000032436449194134037
40 0.000024016690373420637
41 0.000014853122149744404
42 0.00010288760611871043
43 0.00003297230063404597
44 0.00013635553537529827
48 0.0002630873261503125
51 0.00009373554768150506
56 0.00006477729821638932
57 0.0001250684069607151
59 0.003212688845517877
63 0.0000037855318677072396
65 0.00003546283794272714
66 0.00009314029848720488
67 0.00008407569284796038
84 0.0002130879622223576
115 0.0002059878583080766
144 0.0010148542320100027
160 0.0003604749885585761
180 0.00005682431219851005
226 0.0002049311356991152
253 0.0002472323099654942
255 0.00034546061610436703
263 0.0002338723830583595
377 0.0003188377153162591
401 0.00036220146137676994
461 0.0035872751690635848
468 0.0015681039881902713
476 0.00045619873460859607
497 0.00017684408550895013
520 0.0003237921753424907
551 0.0002832412727662006
709 0.00027274170858643915
719 0.00048355146215385347
851 0.00008185705212231243
861 0.002368699510037755
862 0.0005908656000986806
894 0.0005121877518304292
902 0.0007507780456123224
908 0.0018262637485949682
1057 0.0004338499289216686
1196 0.0003841483956894837
1346 0.0011583651350332708
1412 0.0005188152611795682
1602 0.0029537898357102094
1716 0.0030910916382196904
1773 0.000999839230418156
1781 0.0005644974486379127
1785 0.00030499358548289365
2034 0.0031549301161139004
2152 0.0014826517057762074
2636 0.0008890314040531017
2821 0.0006037805934374678
4146 0.0006037805934374678
5113 0.0015762979843194746
5806 0.0005908656000986806
5897 0.0015762979843194746
5898 0.000873114324417637
5899 0.000873114324417637
5900 0.000873114324417637