9 0.00013633301269468968
13 0.000019487324150714776
17 0.00018869457585405535
18 0.0011862471517273398
19 0.00013212323419503196
21 0.0001430533573344265
23 0.00022801868959232616
26 0.00012343399523364164
30 0.0006654795340367597
33 0.00033993182475120415
38 0.000005801646248097621
39 0.000013901335368914586
40 0.000006004172593355159
41 0.000007426561074872202
42 0.000051443803059355216
43 0.00001236461273776724
44 0.00020453330306294742
46 0.0003210038952870586
47 0.00036113023693171874
49 0.000041620673939093223
51 0.00009373554768150506
56 0.00019433189464916796
63 0.0000018927659338536198
65 0.00007092567588545428
66 0.00009314029848720488
67 0.00004203784642398019
69 0.00023724943034546792
71 0.00012561808978093188
72 0.0014114115138616338
73 0.00019291377466338104
76 0.002270932511106249
86 0.001322569061283251
87 0.0001891562677877985
104 0.00032827690028667443
113 0.00011133348371866765
114 0.00021141259586679695
127 0.00041790813825628515
165 0.00022550415909059743
176 0.00033751149866781817
177 0.0013644108414244108
184 0.0008129944027528225
185 0.0002656336848489608
206 0.00044451570202655086
264 0.00042171838115391097
273 0.000549621148441263
310 0.00016226697770759457
368 0.00018686500362842702
429 0.0005258216860189834
497 0.0007073763420358005
747 0.0005188152611795682
772 0.0002597352724507996
779 0.00030263622314802144
851 0.00008185705212231243
980 0.00036332233087023905
1036 0.0003732936031739842
1095 0.0004120699366150429
1107 0.0008544448391450592
1235 0.0005258216860189834
1320 0.000549621148441263
1395 0.0006958000411585592
1425 0.0004691137279473833
1511 0.0004408563537610837
1536 0.0007031836599018376
1629 0.001291474164974819
1996 0.0005121877518304292
2378 0.0006006466840248042
3601 0.0007344281131537118
4120 0.0005685167944117531
4586 0.0006758309323565803
5901 0.0007881489921597373
5902 0.000873114324417637
5903 0.000873114324417637
5904 0.001746228648835274
5905 0.000873114324417637
5906 0.000873114324417637