9 0.00020449951904203455
13 0.000006495774716904924
16 0.00007545831652538253
19 0.00013212323419503196
21 0.0004291600720032795
26 0.000370301985700925
34 0.00017375506102007999
36 0.00008296386270199534
38 0.000008702469372146433
39 0.000018535113825219447
40 0.000012008345186710319
41 0.000014853122149744404
43 0.00003297230063404597
44 0.00027271107075059654
51 0.00023433886920376268
56 0.00006477729821638932
63 0.00000567829780156086
65 0.00005319425691409072
67 0.00008407569284796038
69 0.00023724943034546792
71 0.00012561808978093188
72 0.00017642643923270423
87 0.000378312535575597
89 0.0003802291978146959
115 0.0002059878583080766
144 0.0005074271160050014
160 0.00018023749427928805
179 0.001851701254678346
180 0.00005682431219851005
196 0.0001675808341520189
226 0.0002049311356991152
243 0.000264773477364449
255 0.00017273030805218352
277 0.00009965045113662244
287 0.00025810086072372616
391 0.000832209213374875
401 0.00036220146137676994
416 0.0006221866094455775
475 0.003435216841113562
493 0.00023454039050719067
555 0.0002457554359134993
669 0.00012589385831905585
682 0.0003753890228061612
851 0.00016371410424462487
1100 0.0008023336741576425
1325 0.0012494021476321155
1781 0.0005644974486379127
2640 0.00043730308863810597
2875 0.0007881489921597373
2989 0.001236436655287876
3208 0.00034065472379816113
3777 0.0004785475402955236
4175 0.000618218327643938
5907 0.000873114324417637
5908 0.0007881489921597373
5909 0.000873114324417637
5910 0.000873114324417637
5911 0.002619342973252911