1 0.0001309668193588762
9 0.00017041626586836213
13 0.00006495774716904926
17 0.00018869457585405535
21 0.0001430533573344265
26 0.0002468679904672833
27 0.004725160981349456
28 0.00025332444879269114
29 0.00026649997158873667
34 0.00013031629576506
36 0.00016592772540399069
38 0.000023206584992390484
39 0.000013901335368914586
40 0.00002101460407674306
41 0.00002227968322461661
43 0.000008243075158511493
44 0.00020453330306294742
46 0.0003668615946137812
47 0.00031598895731525394
48 0.00013154366307515625
51 0.00004686777384075253
55 0.00009700475713476236
56 0.0002591091928655573
63 0.0000037855318677072396
65 0.00001773141897136357
67 0.00004203784642398019
69 0.00023724943034546792
71 0.00012561808978093188
81 0.00018240709186440708
87 0.0001891562677877985
89 0.00047528649726836993
100 0.0003059416346523785
107 0.0002049311356991152
113 0.00011133348371866765
114 0.00021141259586679695
122 0.00018417084982617462
131 0.0004092519030008361
135 0.00029805329448025724
136 0.0002925555540824451
144 0.0005074271160050014
150 0.00035621126149020904
165 0.00022550415909059743
171 0.0001368611790876869
180 0.00005682431219851005
196 0.0005027425024560568
212 0.00040116683707882124
214 0.000273659908111955
234 0.0005332529953860384
246 0.00040649720137641123
255 0.00017273030805218352
264 0.00021085919057695548
277 0.00009965045113662244
288 0.0006840560687769785
292 0.0002914849877710017
310 0.00016226697770759457
320 0.0008841754550026923
357 0.0006877613496108782
366 0.00034225708731462997
367 0.0002673724241223067
368 0.00018686500362842702
376 0.0006813094475963223
377 0.0003188377153162591
389 0.00044451570202655086
430 0.00022365154352182467
445 0.0006937085176890659
452 0.0002764565099464942
457 0.0002936355528176933
486 0.0008746061772762119
491 0.00031109330472278875
505 0.0003359696033249817
506 0.00029918306343158405
507 0.00027274170858643915
538 0.0005705016212312678
550 0.0005066488975853823
551 0.0002832412727662006
569 0.00042093493558288133
576 0.0003086168757797243
641 0.000393582208037624
669 0.00012589385831905585
670 0.0003329428059983855
703 0.0002862680700927968
720 0.00632865293911654
722 0.0005587052342654505
754 0.0005332529953860384
759 0.00321936336759905
772 0.0002597352724507996
777 0.007782228917693524
779 0.00030263622314802144
851 0.00008185705212231243
895 0.0010665059907720767
975 0.0012075611868749357
1078 0.0008817127075221674
1085 0.000393582208037624
1115 0.00043730308863810597
1187 0.00035770704084433884
1208 0.0007082030286839478
1468 0.0004120699366150429
1622 0.0017219655532997587
1713 0.0004120699366150429
1901 0.0006758309323565803
2627 0.0005411640668664958
2722 0.00041790813825628515
2922 0.0006534821266696528
3414 0.0006534821266696528
3502 0.00036332233087023905
4146 0.0006037805934374678
4147 0.0005685167944117531
4287 0.006345864806991628
4295 0.0007384474589275524
4296 0.0007384474589275524
4790 0.004219101959411027
4868 0.0007384474589275524
5912 0.0007384474589275524