1 0.0001309668193588762
9 0.00017041626586836213
13 0.000045470423018334476
17 0.0003773891517081107
21 0.0001430533573344265
26 0.0002468679904672833
27 0.004725160981349456
29 0.00026649997158873667
34 0.00013031629576506
36 0.0002074096567549884
38 0.000014504115620244055
39 0.000013901335368914586
40 0.00002101460407674306
41 0.00002227968322461661
43 0.000008243075158511493
44 0.00020453330306294742
46 0.0004127192939405039
47 0.00040627151654818366
48 0.00013154366307515625
51 0.00009373554768150506
55 0.00009700475713476236
56 0.00012955459643277864
60 0.0002572917550567303
63 0.0000037855318677072396
65 0.00003546283794272714
81 0.00036481418372881415
89 0.00028517189836102194
100 0.0003059416346523785
102 0.00025332444879269114
104 0.00016413845014333722
107 0.0002049311356991152
113 0.0002226669674373353
114 0.0006342377876003909
115 0.0002059878583080766
135 0.00029805329448025724
136 0.0002925555540824451
144 0.0005074271160050014
165 0.00022550415909059743
171 0.0001368611790876869
180 0.00005682431219851005
185 0.0010625347393958431
196 0.0006703233366080756
212 0.00040116683707882124
214 0.0008209797243358649
234 0.0005332529953860384
245 0.000181970089392662
251 0.00022002825322499402
255 0.00017273030805218352
259 0.00025891534254753946
277 0.00019930090227324488
288 0.0009120747583693047
310 0.00016226697770759457
320 0.0014736257583378206
357 0.0010316420244163174
366 0.00034225708731462997
367 0.0002673724241223067
368 0.00018686500362842702
377 0.0003188377153162591
389 0.0008890314040531017
430 0.00022365154352182467
452 0.0002764565099464942
457 0.0002936355528176933
491 0.00031109330472278875
505 0.0003359696033249817
506 0.00029918306343158405
507 0.00027274170858643915
538 0.0008557524318469018
550 0.0005066488975853823
569 0.00042093493558288133
575 0.000505900267840781
594 0.0003438806748054391
625 0.00048355146215385347
641 0.000393582208037624
669 0.0003776815749571676
670 0.0003329428059983855
720 0.00632865293911654
754 0.0005332529953860384
759 0.0025039492859103723
772 0.0002597352724507996
777 0.00881985944005266
787 0.0004737399020075509
805 0.0004691137279473833
851 0.00008185705212231243
863 0.00036920725599727517
870 0.00044828766312813873
893 0.0007550417726806894
895 0.0010665059907720767
975 0.0006037805934374678
998 0.0013069642533393056
1085 0.000393582208037624
1088 0.000499919615209078
1115 0.00043730308863810597
1187 0.00035770704084433884
1208 0.0007082030286839478
1272 0.0005685167944117531
1468 0.0004120699366150429
1536 0.0007031836599018376
1622 0.0017219655532997587
1713 0.0004120699366150429
2497 0.000424038368775366
2627 0.0005411640668664958
3414 0.0006534821266696528
3502 0.00036332233087023905
4146 0.0006037805934374678
4147 0.0005685167944117531
4280 0.0004338499289216686
4287 0.007615037768389952
4295 0.0007384474589275524
4296 0.0007384474589275524
4473 0.0006758309323565803
4790 0.0021095509797055133
4868 0.0007384474589275524
5912 0.0007384474589275524
5913 0.000873114324417637