2 0.00017273030805218352
9 0.0004089990380840691
13 0.000045470423018334476
16 0.0006036665322030603
21 0.000572213429337706
26 0.0002468679904672833
29 0.0005329999431774733
33 0.00022662121650080273
35 0.0003887745697496512
38 0.00002030576186834168
39 0.000013901335368914586
40 0.000015010431483387899
41 0.000018566402687180508
43 0.00002472922547553448
44 0.00013635553537529827
46 0.0001834307973068906
47 0.00013542383884939454
49 0.000041620673939093223
51 0.0001874710953630101
55 0.00029101427140428715
56 0.00006477729821638932
57 0.0001250684069607151
63 0.000007571063735414479
65 0.00012411993279954503
66 0.00009314029848720488
67 0.00008407569284796038
71 0.00012561808978093188
72 0.0008821321961635212
88 0.00024872719512041187
89 0.00009505729945367397
97 0.00023454039050719067
100 0.0003059416346523785
104 0.00032827690028667443
113 0.0004453339348746706
158 0.0011369676949575021
159 0.0001776836714179443
160 0.00018023749427928805
175 0.0011261670684184837
177 0.00015160120460271228
179 0.001851701254678346
180 0.00005682431219851005
183 0.0006243870952872076
186 0.00025254616640991854
230 0.0002958245228348551
264 0.00042171838115391097
275 0.0004120699366150429
278 0.0007550417726806894
299 0.0004737399020075509
310 0.0008113348885379729
367 0.0002673724241223067
413 0.00024142866684252312
445 0.0009249446902520878
470 0.001898452419627319
490 0.007809298720590036
491 0.0040442129613962536
497 0.00017684408550895013
505 0.0013438784132999268
507 0.00027274170858643915
508 0.0032190135701913075
512 0.00031751252334467103
550 0.00025332444879269114
594 0.0006877613496108782
613 0.0002597352724507996
649 0.0003960586369806884
666 0.00032568748957397626
669 0.0002517877166381117
682 0.0011261670684184837
691 0.0003038092374917516
709 0.002727417085864392
803 0.0005194705449015992
851 0.00008185705212231243
852 0.0007775491394993024
868 0.0002709256892452844
1050 0.0004603543550640608
1062 0.0007743025821711785
1085 0.000393582208037624
1142 0.0005188152611795682
1162 0.00030263622314802144
1187 0.00035770704084433884
1325 0.002498804295264231
1397 0.0008408622523832819
1399 0.0029543280004934035
1403 0.0010365781682011202
1618 0.00040380304757415875
1625 0.0005332529953860384
2014 0.0034388067480543914
2346 0.00044828766312813873
2485 0.0005332529953860384
2631 0.0053569091759955575
2640 0.00043730308863810597
2705 0.0006345864806991627
2836 0.002368699510037755
3605 0.0007881489921597373
4221 0.0004887683798320584
4306 0.0006758309323565803
4313 0.0007384474589275524
4443 0.0005908656000986806
4567 0.0006345864806991627
5914 0.0006534821266696528
5915 0.000873114324417637
5916 0.001746228648835274