1 0.0001309668193588762
2 0.00017273030805218352
9 0.0004430822912577415
13 0.00003247887358452463
14 0.0017678231648694301
15 0.0017954156852717004
16 0.00022637494957614764
19 0.0005284929367801278
33 0.00011331060825040136
34 0.00008687753051003999
36 0.00004148193135099767
38 0.000011603292496195242
39 0.000018535113825219447
40 0.00001801251778006548
41 0.000014853122149744404
43 0.000016486150317022987
44 0.00020453330306294742
46 0.00045857699326722653
47 0.00036113023693171874
51 0.0001406033215222576
55 0.00009700475713476236
56 0.00006477729821638932
57 0.0001250684069607151
63 0.0000037855318677072396
65 0.00007092567588545428
66 0.00027942089546161464
67 0.00012611353927194057
69 0.00023724943034546792
71 0.00025123617956186376
72 0.0014114115138616338
73 0.00019291377466338104
76 0.00240451677646544
87 0.0018915626778779851
89 0.0003802291978146959
100 0.00015297081732618925
113 0.00033400045115600295
114 0.00021141259586679695
124 0.00009942778247685315
150 0.0010686337844706272
158 0.0008527257712181266
179 0.005246486888255315
180 0.0001136486243970201
197 0.0002904236905482616
214 0.000273659908111955
245 0.000545910268177986
246 0.00040649720137641123
255 0.00034546061610436703
261 0.000467744766116719
273 0.000549621148441263
277 0.00019930090227324488
286 0.0007951009796785268
310 0.0021094707101987297
316 0.0005411640668664958
353 0.004880057296480096
367 0.0005347448482446134
368 0.00018686500362842702
375 0.00025891534254753946
377 0.0009565131459487774
379 0.0003438806748054391
445 0.0004624723451260439
452 0.0002764565099464942
469 0.0005332529953860384
470 0.00037969048392546374
480 0.0003672140565768559
497 0.00017684408550895013
550 0.00025332444879269114
555 0.0002457554359134993
594 0.0010316420244163174
595 0.00044451570202655086
669 0.00012589385831905585
721 0.00044828766312813873
772 0.0002597352724507996
803 0.0002597352724507996
851 0.00008185705212231243
873 0.00037969048392546374
876 0.0015646192821155952
1029 0.0009489977213818717
1031 0.00042093493558288133
1085 0.000393582208037624
1285 0.00036332233087023905
1325 0.0009370516107240867
1390 0.0005587052342654505
1499 0.00196791104018812
1625 0.0005332529953860384
2012 0.001648863445323789
2013 0.001772596800296042
2033 0.0005908656000986806
2280 0.0012075611868749357
2590 0.0007031836599018376
2640 0.00043730308863810597
4257 0.0003887745697496512
4307 0.0018764549117895333
4943 0.0007881489921597373
5917 0.000873114324417637
5918 0.000873114324417637