10 0.0004691137279473833
13 0.000019487324150714776
16 0.00007545831652538253
33 0.00011331060825040136
34 0.00017375506102007999
36 0.00024889158810598606
37 0.0006292794582289934
38 0.000008702469372146433
39 0.000009267556912609724
40 0.000012008345186710319
41 0.000007426561074872202
43 0.000008243075158511493
44 0.00020453330306294742
46 0.00013757309798016797
47 0.00013542383884939454
48 0.00013154366307515625
49 0.000041620673939093223
51 0.00009373554768150506
56 0.00006477729821638932
63 0.0000037855318677072396
65 0.00005319425691409072
67 0.00004203784642398019
76 0.0002671685307183822
88 0.0004974543902408237
89 0.00009505729945367397
113 0.00011133348371866765
180 0.00005682431219851005
183 0.000416258063524805
226 0.0004098622713982304
255 0.00017273030805218352
277 0.00009965045113662244
293 0.0003285382939579267
306 0.00043049138832493966
377 0.0003188377153162591
445 0.0006937085176890659
457 0.0002936355528176933
470 0.00037969048392546374
493 0.00023454039050719067
543 0.0003960586369806884
569 0.00042093493558288133
708 0.0007191007395373025
764 0.0005332529953860384
772 0.0002597352724507996
851 0.00008185705212231243
898 0.0003014743275909555
946 0.007178213104432855
1001 0.00030739717354226806
1082 0.00043730308863810597
1133 0.00048355146215385347
1298 0.002842583972058766
1339 0.0005188152611795682
1388 0.0003753890228061612
1622 0.00043049138832493966
2156 0.0005332529953860384
2570 0.003172932403495814
2787 0.0007384474589275524
3549 0.0011583651350332708
3691 0.0006758309323565803
4139 0.0036922372946377622
4299 0.0005685167944117531