9 0.0005112487976050864
13 0.00014290704377190836
14 0.0007576384992297557
16 0.00007545831652538253
19 0.00039636970258509594
36 0.00008296386270199534
38 0.000005801646248097621
39 0.000009267556912609724
40 0.000012008345186710319
41 0.000014853122149744404
43 0.00001236461273776724
44 0.0003408888384382457
46 0.0003210038952870586
47 0.00036113023693171874
49 0.00008324134787818645
51 0.0001406033215222576
56 0.00006477729821638932
63 0.0000037855318677072396
65 0.00003546283794272714
66 0.00027942089546161464
67 0.00008407569284796038
69 0.00023724943034546792
71 0.00012561808978093188
89 0.00028517189836102194
100 0.0003059416346523785
113 0.00011133348371866765
122 0.0009208542491308732
123 0.000188234616351904
150 0.00035621126149020904
171 0.0002737223581753738
177 0.00015160120460271228
180 0.0001136486243970201
196 0.0003351616683040378
230 0.0005916490456697102
243 0.000794320432093347
263 0.0007016171491750785
277 0.00019930090227324488
287 0.00025810086072372616
310 0.00032453395541518913
366 0.00034225708731462997
367 0.0002673724241223067
376 0.00034065472379816113
493 0.00023454039050719067
494 0.001171932511219166
496 0.0002464916487181342
497 0.00017684408550895013
498 0.0007117820430063682
550 0.0005066488975853823
577 0.000549621148441263
669 0.00012589385831905585
691 0.0006076184749835032
753 0.0002783569986123394
772 0.0002597352724507996
779 0.002723726008332193
780 0.002265125318042068
781 0.00046465581618336337
803 0.0002597352724507996
841 0.0004338499289216686
851 0.00008185705212231243
1031 0.00042093493558288133
1088 0.000499919615209078
1093 0.00036920725599727517
1100 0.0008023336741576425
1450 0.00260549991659181
1705 0.0004149542829511784
1785 0.00030499358548289365
1824 0.0005258216860189834
2012 0.001099242296882526
2129 0.002594076305897841
3315 0.0018087175553390222
4307 0.0042220235515264505
5332 0.0007881489921597373
5337 0.0013516618647131605