0 0.00019243773886705868
1 0.0001309668193588762
2 0.00017273030805218352
3 0.00037969048392546374
4 0.00035233775638020634
5 0.0002365665368606119
6 0.0002400196965770493
7 0.000233207996263883
8 0.00028224872431895635
9 0.00006816650634734484
13 0.000045470423018334476
16 0.00007545831652538253
36 0.00004148193135099767
38 0.000008702469372146433
39 0.000009267556912609724
40 0.00000900625889003274
41 0.000014853122149744404
42 0.00015433140917806565
43 0.00002472922547553448
44 0.00013635553537529827
45 0.00012982121229608657
46 0.00022928849663361327
47 0.00031598895731525394
48 0.00013154366307515625
49 0.00008324134787818645
51 0.00004686777384075253
52 0.00014497369525357328
55 0.00019400951426952473
56 0.0002591091928655573
57 0.0001250684069607151
58 0.0005491700750215032
59 0.00040158610568973463
61 0.00017642643923270423
63 0.0000018927659338536198
64 0.00018731984297588175
65 0.00005319425691409072
91 0.0005188152611795682
97 0.00023454039050719067
104 0.00032827690028667443
113 0.00011133348371866765
124 0.00009942778247685315
154 0.0013258279239041356
186 0.00025254616640991854
245 0.000181970089392662
396 0.0005758906338193962
496 0.0004929832974362684
550 0.00025332444879269114
689 0.0008609827766498793
780 0.0003775208863403447
868 0.0002709256892452844
1062 0.00025810086072372616
1085 0.000393582208037624
1101 0.00046465581618336337
1178 0.0034707994313733486
1413 0.0008299085659023568
1504 0.0005332529953860384
1505 0.002619342973252911
1506 0.0006534821266696528
1507 0.0007881489921597373
1508 0.000873114324417637
1509 0.000873114324417637
1510 0.0006345864806991627
1511 0.0004408563537610837