1 0.0002619336387177524
9 0.00017041626586836213
13 0.000006495774716904924
14 0.00025254616640991854
16 0.00007545831652538253
17 0.00018869457585405535
19 0.00013212323419503196
22 0.0005366943556599089
23 0.00022801868959232616
29 0.00026649997158873667
34 0.00008687753051003999
38 0.000017404938744292866
39 0.000032436449194134037
40 0.000006004172593355159
41 0.000007426561074872202
42 0.000051443803059355216
43 0.000008243075158511493
49 0.00008324134787818645
51 0.00004686777384075253
56 0.00006477729821638932
61 0.00017642643923270423
63 0.0000094638296692681
65 0.00001773141897136357
67 0.00004203784642398019
98 0.000505900267840781
113 0.00011133348371866765
115 0.0002059878583080766
125 0.0002682511308492756
144 0.0008457118600083356
180 0.00005682431219851005
214 0.00054731981622391
253 0.0002472323099654942
277 0.00009965045113662244
287 0.00025810086072372616
288 0.00045603737918465233
304 0.00026056072380914035
320 0.0005894503033351281
327 0.003564527732826196
368 0.00018686500362842702
439 0.0006629139619520678
445 0.0004624723451260439
491 0.0018665598283367326
493 0.00023454039050719067
507 0.00027274170858643915
508 0.0021460090467942047
550 0.00025332444879269114
576 0.0003086168757797243
669 0.00012589385831905585
709 0.001363708542932196
752 0.00048355146215385347
753 0.0002783569986123394
759 0.0007154140816886777
851 0.0004092852606115622
996 0.0005685167944117531
1034 0.00034065472379816113
1036 0.0003732936031739842
1088 0.000499919615209078
1211 0.001117410468530901
1349 0.0005908656000986806
1424 0.0015564457835387047
1949 0.0004691137279473833
2014 0.0003438806748054391
2654 0.0004785475402955236
2992 0.00048355146215385347
3293 0.0005908656000986806
3632 0.0007384474589275524
4601 0.000549621148441263
4804 0.0006758309323565803
5919 0.0007384474589275524
5920 0.0006534821266696528
5921 0.0031525959686389492
5922 0.000873114324417637