1 0.0001309668193588762
9 0.00010224975952101728
13 0.000025983098867619697
21 0.0004291600720032795
22 0.0002683471778299544
28 0.00025332444879269114
34 0.000043438765255019996
36 0.00004148193135099767
38 0.000008702469372146433
39 0.000018535113825219447
40 0.00000900625889003274
41 0.000011139841612308305
43 0.00001236461273776724
45 0.00012982121229608657
49 0.000041620673939093223
51 0.00009373554768150506
61 0.00035285287846540845
63 0.00000567829780156086
64 0.00018731984297588175
65 0.00001773141897136357
67 0.00012611353927194057
113 0.00011133348371866765
115 0.0004119757166161532
123 0.000188234616351904
124 0.00009942778247685315
150 0.00035621126149020904
180 0.00005682431219851005
192 0.0003242865707429365
204 0.0005258216860189834
214 0.000273659908111955
277 0.00019930090227324488
287 0.00025810086072372616
304 0.0005211214476182807
315 0.0004785475402955236
320 0.0011789006066702562
327 0.005148762280748949
346 0.0005908656000986806
396 0.00038392708921293077
410 0.0005685167944117531
439 0.0003314569809760339
491 0.0009332799141683663
492 0.00037969048392546374
493 0.00046908078101438134
494 0.0009766104260159718
497 0.0005305322565268504
506 0.0005983661268631681
508 0.0002682511308492756
538 0.0005705016212312678
565 0.0006534821266696528
576 0.0003086168757797243
667 0.0018247949384343843
709 0.0010909668343457566
750 0.0003344468624572988
752 0.0009671029243077069
759 0.00035770704084433884
775 0.0021095509797055133
788 0.0008299085659023568
793 0.0007031836599018376
847 0.0004737399020075509
851 0.00016371410424462487
852 0.0003887745697496512
863 0.00036920725599727517
879 0.0002958245228348551
933 0.000618218327643938
1084 0.00036920725599727517
1095 0.0004120699366150429
1208 0.0010623045430259218
1290 0.00031109330472278875
1328 0.0007082030286839478
1376 0.0004942172352587358
1397 0.00028028741746109395
1889 0.0006345864806991627
2014 0.0013755226992217563
2366 0.00041790813825628515
2624 0.0005685167944117531
2636 0.00044451570202655086
2655 0.0040542779726164485
3245 0.000618218327643938
3719 0.0012816672587175888
3825 0.0006758309323565803
4288 0.0006758309323565803
4869 0.0005587052342654505
5051 0.0007881489921597373
5920 0.006534821266696528
5923 0.000873114324417637
5924 0.001746228648835274
5925 0.0015762979843194746
5926 0.0006345864806991627
5927 0.000873114324417637
5928 0.000873114324417637
5929 0.000873114324417637
5930 0.000873114324417637
5931 0.000873114324417637
5932 0.000873114324417637
5933 0.0007881489921597373