13 0.000006495774716904924
15 0.0002564879550388143
17 0.0030191132136648856
18 0.0016607460124182759
23 0.0006840560687769785
28 0.00025332444879269114
36 0.00008296386270199534
38 0.000008702469372146433
39 0.000018535113825219447
40 0.0000030020862966775796
41 0.000003713280537436101
42 0.000051443803059355216
49 0.00008324134787818645
51 0.00004686777384075253
61 0.00017642643923270423
63 0.0000037855318677072396
65 0.00003546283794272714
66 0.0005588417909232293
76 0.0008015055921551466
81 0.00036481418372881415
100 0.00015297081732618925
104 0.00016413845014333722
123 0.000188234616351904
124 0.0001988555649537063
151 0.0003359696033249817
154 0.0009943709429281018
159 0.0001776836714179443
160 0.00018023749427928805
162 0.0004149542829511784
180 0.0001136486243970201
183 0.0012487741905744152
187 0.0010665059907720767
196 0.0001675808341520189
210 0.0003201773905469762
225 0.0008418698711657627
249 0.00038643965984885517
253 0.0002472323099654942
259 0.0005178306850950789
277 0.00009965045113662244
286 0.0009938762245981585
287 0.0005162017214474523
291 0.0003887745697496512
324 0.0003753890228061612
366 0.00034225708731462997
399 0.0005938676863953582
452 0.0005529130198929884
457 0.0002936355528176933
493 0.00046908078101438134
494 0.0007812883408127773
546 0.0004120699366150429
613 0.0002597352724507996
622 0.0003911548205288988
669 0.00012589385831905585
708 0.00035955036976865123
750 0.0003344468624572988
772 0.0002597352724507996
773 0.0006345864806991627
851 0.00008185705212231243
873 0.00037969048392546374
968 0.0007881489921597373
969 0.0006758309323565803
1008 0.0007881489921597373
1029 0.00023724943034546792
1058 0.00044828766312813873
1300 0.000505900267840781
1321 0.0003271046043571432
1388 0.0007507780456123224
1424 0.0010376305223591363
1442 0.0004338499289216686
1528 0.00043730308863810597
1603 0.00040116683707882124
1690 0.0005188152611795682
1785 0.00030499358548289365
2128 0.0017492123545524239
3315 0.00045217938883475555
4836 0.0007384474589275524
5826 0.0007881489921597373
5934 0.0047288939529584245
5935 0.002619342973252911
5936 0.0022153423767826575
5937 0.000873114324417637
5938 0.000873114324417637
5939 0.0007384474589275524
5940 0.0029537898357102094
5941 0.000873114324417637