9 0.00006816650634734484
13 0.000012991549433809848
17 0.0003773891517081107
19 0.00013212323419503196
22 0.0005366943556599089
23 0.00022801868959232616
28 0.00025332444879269114
33 0.00011331060825040136
34 0.000043438765255019996
37 0.00020975981940966445
38 0.000011603292496195242
39 0.000013901335368914586
40 0.000015010431483387899
41 0.000011139841612308305
42 0.000051443803059355216
43 0.00001236461273776724
49 0.000041620673939093223
51 0.00009373554768150506
55 0.00019400951426952473
56 0.00006477729821638932
61 0.00035285287846540845
63 0.000007571063735414479
64 0.0003746396859517635
65 0.00001773141897136357
66 0.00018628059697440975
67 0.00004203784642398019
71 0.00012561808978093188
123 0.000188234616351904
124 0.0001988555649537063
151 0.001007908809974945
160 0.00018023749427928805
171 0.0001368611790876869
177 0.00030320240920542457
180 0.00017047293659553015
196 0.0001675808341520189
212 0.0008023336741576425
229 0.0005121877518304292
237 0.0017794551075159207
253 0.0002472323099654942
263 0.0002338723830583595
277 0.00009965045113662244
279 0.00022929556638299245
304 0.0005211214476182807
368 0.00018686500362842702
396 0.0007678541784258615
506 0.0008975491902947523
507 0.00027274170858643915
508 0.002950762439342032
512 0.0031751252334467107
573 0.0001652752038556845
633 0.00040649720137641123
708 0.00035955036976865123
709 0.001363708542932196
717 0.000393582208037624
793 0.0007031836599018376
803 0.0002597352724507996
810 0.00043730308863810597
851 0.0002455711563669373
1057 0.0004338499289216686
1178 0.0017353997156866743
1187 0.00035770704084433884
1223 0.0009775367596641168
1224 0.0008965753262562775
1290 0.00031109330472278875
1302 0.0005411640668664958
1376 0.0004942172352587358
1655 0.0005791825675166354
2014 0.0013755226992217563
2631 0.0024724196196902574
2665 0.0006534821266696528
2836 0.0004737399020075509
2992 0.00048355146215385347
4319 0.0007384474589275524
4322 0.0007881489921597373
4866 0.0007384474589275524
5362 0.000549621148441263
5531 0.0007881489921597373
5532 0.0014768949178551047
5920 0.003267410633348264
5942 0.003940744960798687
5943 0.0007384474589275524
5944 0.000873114324417637
5945 0.0007881489921597373
5946 0.003492457297670548
5947 0.000873114324417637
5948 0.000873114324417637