9 0.00017041626586836213
13 0.00003247887358452463
16 0.00007545831652538253
36 0.00004148193135099767
38 0.000005801646248097621
39 0.000013901335368914586
40 0.00000900625889003274
41 0.000011139841612308305
42 0.000051443803059355216
43 0.00002885076305479023
44 0.00013635553537529827
46 0.00013757309798016797
47 0.00013542383884939454
48 0.00013154366307515625
49 0.00008324134787818645
51 0.00004686777384075253
55 0.00009700475713476236
57 0.0001250684069607151
61 0.00035285287846540845
63 0.0000037855318677072396
65 0.00003546283794272714
66 0.00009314029848720488
67 0.00008407569284796038
72 0.002293543710025155
73 0.0003858275493267621
74 0.00030499358548289365
76 0.0004007527960775733
87 0.0018915626778779851
97 0.00046908078101438134
124 0.00009942778247685315
131 0.0004092519030008361
144 0.0001691423720016671
150 0.00035621126149020904
177 0.00015160120460271228
180 0.0001136486243970201
226 0.0002049311356991152
245 0.000363940178785324
263 0.000467744766116719
368 0.00018686500362842702
396 0.00019196354460646538
399 0.0002969338431976791
438 0.0007191007395373025
468 0.0012544831905522168
496 0.0002464916487181342
613 0.0010389410898031983
646 0.0003712334023506965
648 0.0016008869527348814
669 0.0002517877166381117
670 0.0003329428059983855
688 0.000549621148441263
703 0.0002862680700927968
704 0.000618218327643938
750 0.0003344468624572988
753 0.0002783569986123394
803 0.0002597352724507996
851 0.00008185705212231243
868 0.0002709256892452844
873 0.0007593809678509275
1027 0.0005332529953860384
1034 0.0013626188951926445
1036 0.0003732936031739842
1154 0.0007921172739613768
1395 0.0001739500102896398
2063 0.00040116683707882124
2378 0.0003003233420124021
2746 0.0005188152611795682
4289 0.0005188152611795682
4532 0.0007384474589275524
5031 0.000549621148441263
5949 0.002619342973252911
5950 0.0047288939529584245
5951 0.000873114324417637
5952 0.000873114324417637