1 0.0001309668193588762
9 0.00013633301269468968
13 0.000012991549433809848
16 0.00007545831652538253
22 0.00040252076674493167
33 0.00011331060825040136
34 0.000043438765255019996
36 0.00004148193135099767
38 0.000008702469372146433
39 0.000013901335368914586
40 0.000006004172593355159
41 0.000007426561074872202
42 0.00010288760611871043
43 0.00002472922547553448
45 0.00025964242459217314
46 0.00004585769932672265
49 0.00008324134787818645
51 0.00004686777384075253
55 0.00009700475713476236
56 0.00006477729821638932
63 0.000007571063735414479
65 0.00005319425691409072
66 0.00009314029848720488
67 0.00008407569284796038
72 0.0010585586353962255
73 0.0003858275493267621
74 0.00030499358548289365
76 0.0002671685307183822
81 0.0010944425511864426
87 0.000378312535575597
97 0.00023454039050719067
124 0.00009942778247685315
130 0.00027274170858643915
134 0.0003672140565768559
159 0.0001776836714179443
171 0.0001368611790876869
177 0.00015160120460271228
180 0.0001136486243970201
183 0.000416258063524805
264 0.00021085919057695548
275 0.0004120699366150429
304 0.00026056072380914035
396 0.00019196354460646538
399 0.0005938676863953582
411 0.00044608035070850863
438 0.0017977518488432563
445 0.00023123617256302196
496 0.0002464916487181342
546 0.0004120699366150429
554 0.0007971722597919076
613 0.0002597352724507996
625 0.00048355146215385347
648 0.0012807095621879048
675 0.0006345864806991627
686 0.0005188152611795682
747 0.0005188152611795682
760 0.000848076737550732
770 0.0004785475402955236
803 0.0002597352724507996
851 0.00016371410424462487
879 0.0002958245228348551
1034 0.00034065472379816113
1036 0.0011198808095219527
1062 0.0005162017214474523
1321 0.0003271046043571432
1395 0.0001739500102896398
1403 0.0006910521121340801
1413 0.0004149542829511784
1446 0.0007191007395373025
1830 0.000999839230418156
1889 0.0006345864806991627
2169 0.0007031836599018376
3026 0.0007384474589275524
3714 0.0005791825675166354
4844 0.0007881489921597373
4869 0.0005587052342654505
5031 0.000549621148441263
5942 0.0007881489921597373
5953 0.002619342973252911
5954 0.0007881489921597373
5955 0.000873114324417637
5956 0.000873114324417637
5957 0.000873114324417637