9 0.00017041626586836213
13 0.000025983098867619697
21 0.0001430533573344265
22 0.00040252076674493167
27 0.0013500459946712727
34 0.000043438765255019996
37 0.0004195196388193289
38 0.000005801646248097621
39 0.000018535113825219447
40 0.00000900625889003274
41 0.000011139841612308305
42 0.00010288760611871043
43 0.00001236461273776724
44 0.00013635553537529827
46 0.00027514619596033594
47 0.00027084767769878907
48 0.00013154366307515625
49 0.00008324134787818645
51 0.00004686777384075253
55 0.00009700475713476236
57 0.0001250684069607151
63 0.0000037855318677072396
65 0.00001773141897136357
66 0.00009314029848720488
67 0.00004203784642398019
71 0.00012561808978093188
115 0.0002059878583080766
124 0.00009942778247685315
132 0.0019929306494797694
171 0.0002737223581753738
180 0.00005682431219851005
263 0.0002338723830583595
277 0.00019930090227324488
464 0.000393582208037624
543 0.0015842345479227535
646 0.000742466804701393
663 0.0005332529953860384
669 0.00012589385831905585
754 0.0037327709677022693
822 0.0029543280004934035
851 0.00008185705212231243
1299 0.0006758309323565803
1395 0.0003479000205792796
1403 0.0006910521121340801
2760 0.0005908656000986806
4560 0.0025383459227966507
4606 0.0006037805934374678
5940 0.0029537898357102094
5958 0.000873114324417637
5959 0.001746228648835274