9 0.00013633301269468968
13 0.000006495774716904924
16 0.00007545831652538253
19 0.00013212323419503196
21 0.0001430533573344265
35 0.0003887745697496512
36 0.00004148193135099767
38 0.000005801646248097621
39 0.000018535113825219447
40 0.00000900625889003274
41 0.000011139841612308305
42 0.00015433140917806565
43 0.000016486150317022987
44 0.00013635553537529827
46 0.00045857699326722653
47 0.0004965540757811133
48 0.00013154366307515625
49 0.00008324134787818645
51 0.00009373554768150506
55 0.00009700475713476236
56 0.00019433189464916796
57 0.0001250684069607151
63 0.0000037855318677072396
65 0.00003546283794272714
66 0.00009314029848720488
67 0.00012611353927194057
69 0.00047449886069093585
70 0.00035233775638020634
71 0.00012561808978093188
72 0.0019406908315597465
73 0.0003858275493267621
76 0.0002671685307183822
87 0.0017024064100901867
97 0.00023454039050719067
113 0.00011133348371866765
177 0.0006064048184108491
180 0.00005682431219851005
185 0.0002656336848489608
226 0.0002049311356991152
230 0.0002958245228348551
236 0.003585314262813005
259 0.00025891534254753946
368 0.00018686500362842702
396 0.00019196354460646538
401 0.0014488058455070798
452 0.0002764565099464942
464 0.000393582208037624
497 0.0007073763420358005
550 0.00025332444879269114
576 0.0006172337515594486
613 0.0012986763622539982
669 0.00012589385831905585
691 0.0003038092374917516
703 0.0005725361401855936
750 0.0003344468624572988
753 0.0002783569986123394
851 0.00008185705212231243
868 0.0002709256892452844
1034 0.002725237790385289
1343 0.0005258216860189834
1981 0.0004942172352587358
4257 0.0003887745697496512
5031 0.000549621148441263
5054 0.0007384474589275524
5960 0.000873114324417637
5961 0.00611180027092346
5962 0.000873114324417637