9 0.00003408325317367242
12 0.0002564879550388143
13 0.000025983098867619697
34 0.000043438765255019996
36 0.00008296386270199534
38 0.000011603292496195242
39 0.000009267556912609724
40 0.000006004172593355159
41 0.000007426561074872202
42 0.00015433140917806565
43 0.00001236461273776724
44 0.00013635553537529827
46 0.0003210038952870586
47 0.00031598895731525394
48 0.00013154366307515625
49 0.000041620673939093223
51 0.00004686777384075253
63 0.0000037855318677072396
65 0.00003546283794272714
66 0.00009314029848720488
67 0.00004203784642398019
105 0.0013258279239041356
113 0.00011133348371866765
144 0.001522281348015004
150 0.00017810563074510452
154 0.0006629139619520678
165 0.00022550415909059743
175 0.0011261670684184837
177 0.00015160120460271228
180 0.0001136486243970201
192 0.0003242865707429365
210 0.0006403547810939524
214 0.000273659908111955
270 0.0010786511093059537
271 0.00029918306343158405
274 0.0037618295427086588
277 0.00019930090227324488
320 0.00029472515166756405
366 0.0006845141746292599
372 0.00043730308863810597
396 0.00019196354460646538
497 0.0010610645130537009
540 0.0003471938241542892
550 0.0007599733463780734
551 0.0002832412727662006
691 0.0006076184749835032
766 0.0004785475402955236
772 0.0002597352724507996
851 0.00008185705212231243
1012 0.0005685167944117531
1031 0.00042093493558288133
1290 0.0006221866094455775
1388 0.0007507780456123224
1403 0.00034552605606704003
2213 0.0017780628081062034
2623 0.0007031836599018376
3208 0.0006813094475963223
3717 0.00048355146215385347
3933 0.0012075611868749357
4252 0.0006534821266696528
4743 0.00048355146215385347
5414 0.0013516618647131605
5963 0.0007384474589275524
5964 0.000873114324417637