9 0.00017041626586836213
13 0.00012341971962119357
14 0.0020203693312793483
15 0.001538927730232886
18 0.0014234965820728077
21 0.0001430533573344265
22 0.00040252076674493167
26 0.0004937359809345666
33 0.00011331060825040136
34 0.0002171938262751
36 0.0004563012448609744
38 0.000017404938744292866
39 0.000004633778456304862
40 0.000024016690373420637
41 0.00002227968322461661
42 0.00015433140917806565
43 0.00002885076305479023
44 0.00020453330306294742
45 0.0003894636368882597
48 0.00013154366307515625
49 0.00008324134787818645
55 0.00048502378567381193
63 0.00001324936153697534
65 0.00003546283794272714
67 0.00012611353927194057
89 0.00019011459890734794
95 0.0004272224195725296
99 0.0003271046043571432
103 0.0009043587776695111
104 0.0009848307008600234
114 0.00021141259586679695
115 0.0002059878583080766
122 0.00036834169965234924
124 0.00009942778247685315
134 0.0003672140565768559
144 0.0008457118600083356
159 0.0001776836714179443
161 0.01221920949580146
176 0.00033751149866781817
180 0.0001136486243970201
186 0.00025254616640991854
196 0.0010054850049121137
197 0.0002904236905482616
237 0.0007117820430063682
245 0.00090985044696331
246 0.00040649720137641123
255 0.00034546061610436703
277 0.00029895135340986733
286 0.0005963257347588951
287 0.00025810086072372616
288 0.0036482990334772186
289 0.000742466804701393
293 0.0009856148818737803
307 0.00022550415909059743
310 0.00016226697770759457
347 0.0002479774737404859
368 0.0005605950108852811
369 0.0028127346396073505
389 0.0031116099141858563
391 0.000832209213374875
413 0.00048285733368504623
427 0.00044451570202655086
437 0.0006430637382370231
455 0.00041790813825628515
457 0.0005872711056353866
480 0.0003672140565768559
493 0.00046908078101438134
496 0.0004929832974362684
498 0.0003558910215031841
572 0.0013562921460698654
590 0.0003672140565768559
594 0.0003438806748054391
633 0.00040649720137641123
641 0.001180746624112872
671 0.0002597352724507996
703 0.0002862680700927968
711 0.0004092519030008361
772 0.0010389410898031983
803 0.0002597352724507996
832 0.0009671029243077069
845 0.003061121620466742
851 0.0004092852606115622
861 0.0009474798040151018
870 0.00044828766312813873
884 0.0006037805934374678
899 0.0008965753262562775
902 0.0003753890228061612
908 0.0003652527497189936
942 0.00043730308863810597
1078 0.0004408563537610837
1088 0.000499919615209078
1117 0.0026662649769301923
1173 0.0008358162765125703
1196 0.0003841483956894837
1208 0.0003541015143419739
1280 0.00032568748957397626
1395 0.0001739500102896398
1429 0.0006345864806991627
1448 0.0009207087101281216
1545 0.0004737399020075509
1586 0.0018876044317017236
1621 0.0004338499289216686
1696 0.0004887683798320584
1751 0.01569375793912838
1981 0.0009884344705174716
2013 0.0005908656000986806
2043 0.0015997589861581152
2155 0.00048355146215385347
2163 0.0005411640668664958
2346 0.00044828766312813873
2447 0.002391516779375723
2618 0.0006345864806991627
2706 0.0022153423767826575
2923 0.0013069642533393056
3226 0.0010376305223591363
3582 0.0006758309323565803
3826 0.0010376305223591363
3895 0.000549621148441263
4172 0.0005258216860189834
4216 0.002499598076045391
4257 0.0003887745697496512
4294 0.0023644469764792122
4818 0.0066460271303479725
5427 0.0007031836599018376
5785 0.0007384474589275524
5939 0.0007384474589275524
5965 0.0015762979843194746
5966 0.000873114324417637
5967 0.001746228648835274
5968 0.001746228648835274
5969 0.000873114324417637
5970 0.003492457297670548