0 0.00019243773886705868
1 0.0001309668193588762
2 0.00017273030805218352
5 0.0002365665368606119
6 0.0002400196965770493
7 0.000233207996263883
8 0.00028224872431895635
11 0.0008185038060016722
12 0.0002564879550388143
13 0.000012991549433809848
17 0.0009434728792702768
26 0.00012343399523364164
34 0.00008687753051003999
38 0.000008702469372146433
39 0.00002316889228152431
40 0.000015010431483387899
41 0.00002227968322461661
42 0.0003086628183561313
43 0.00001236461273776724
46 0.0001834307973068906
47 0.00031598895731525394
52 0.00014497369525357328
58 0.0010983401500430064
59 0.000602379158534602
60 0.0002572917550567303
61 0.00035285287846540845
63 0.00000567829780156086
64 0.00018731984297588175
65 0.00007092567588545428
67 0.00016815138569592077
71 0.00012561808978093188
89 0.00009505729945367397
94 0.0009570950805910472
100 0.0004589124519785678
104 0.00032827690028667443
113 0.00011133348371866765
115 0.0006179635749242299
118 0.003934270900924279
121 0.0012075611868749357
159 0.0001776836714179443
164 0.0006345864806991627
165 0.00045100831818119485
171 0.0001368611790876869
210 0.0003201773905469762
218 0.0005332529953860384
243 0.000264773477364449
250 0.0018561670117534827
277 0.00039860180454648976
279 0.0013757733982979548
324 0.0003753890228061612
347 0.0002479774737404859
360 0.00019339166635443979
411 0.00022304017535425432
430 0.00022365154352182467
440 0.0019342058486154139
452 0.0002764565099464942
486 0.0013119092659143181
490 0.0004338499289216686
498 0.0003558910215031841
514 0.00043049138832493966
520 0.00016189608767124534
576 0.0003086168757797243
628 0.0019342058486154139
639 0.0005587052342654505
641 0.000393582208037624
671 0.0005194705449015992
726 0.001117410468530901
753 0.0002783569986123394
779 0.00030263622314802144
849 0.003940744960798687
876 0.0003911548205288988
1073 0.00046465581618336337
1074 0.000618218327643938
1178 0.0004338499289216686
1196 0.0003841483956894837
1285 0.00399654563957263
1354 0.0005587052342654505
1374 0.0005411640668664958
1438 0.0006758309323565803
1512 0.00611180027092346
1513 0.0007881489921597373
1514 0.0006037805934374678
1515 0.000873114324417637
1516 0.005907579671420419
1517 0.000873114324417637
1518 0.000873114324417637
1519 0.0027879348971001803
1520 0.020081629461605653
1521 0.0015762979843194746
1522 0.0005188152611795682
1523 0.0005188152611795682
1524 0.0005791825675166354
1525 0.0005332529953860384
1526 0.000505900267840781
1527 0.000873114324417637
1528 0.0017492123545524239
1529 0.001909495877277894
1530 0.000873114324417637
1531 0.000873114324417637
1532 0.0005908656000986806
1533 0.000873114324417637
1534 0.0006037805934374678