9 0.00006816650634734484
13 0.000019487324150714776
19 0.00066061617097516
21 0.0001430533573344265
26 0.00012343399523364164
34 0.00008687753051003999
36 0.00004148193135099767
38 0.000008702469372146433
39 0.000009267556912609724
40 0.000012008345186710319
41 0.000014853122149744404
43 0.000020607687896278735
55 0.00009700475713476236
63 0.000007571063735414479
65 0.00001773141897136357
67 0.00004203784642398019
71 0.00012561808978093188
72 0.0019406908315597465
73 0.0003858275493267621
76 0.0004007527960775733
123 0.000188234616351904
124 0.00009942778247685315
144 0.0006765694880066684
150 0.00017810563074510452
160 0.0003604749885585761
171 0.0002737223581753738
183 0.0006243870952872076
254 0.0004272224195725296
274 0.0017362290197116888
288 0.00022801868959232616
292 0.0002914849877710017
360 0.00019339166635443979
368 0.00018686500362842702
375 0.00025891534254753946
391 0.0011096122844998333
396 0.00038392708921293077
399 0.0002969338431976791
416 0.00031109330472278875
455 0.00041790813825628515
494 0.00019532208520319432
495 0.0003753890228061612
594 0.0003438806748054391
608 0.0003438806748054391
782 0.00036142184220439385
850 0.0003960586369806884
851 0.00016371410424462487
858 0.001474532615480996
868 0.0002709256892452844
1037 0.0002709256892452844
1060 0.0002852508106156339
1062 0.00025810086072372616
1156 0.0005188152611795682
1157 0.0005908656000986806
1176 0.0014356426208865709
1180 0.0012691729613983254
1290 0.0009332799141683663
1395 0.0001739500102896398
1397 0.0008408622523832819
1403 0.00034552605606704003
1446 0.0010786511093059537
1630 0.0005587052342654505
1900 0.0006345864806991627
2143 0.0013516618647131605
3208 0.0010219641713944834
3502 0.00036332233087023905
3603 0.0006345864806991627
4253 0.0006037805934374678
4976 0.0007031836599018376
5031 0.001099242296882526
5423 0.0006534821266696528
5438 0.0023644469764792122
5971 0.002443841899160292
5972 0.000873114324417637
5973 0.000873114324417637
5974 0.000873114324417637
5975 0.000873114324417637