9 0.00010224975952101728
13 0.00003897464830142955
37 0.0004195196388193289
38 0.000008702469372146433
39 0.000004633778456304862
40 0.000006004172593355159
41 0.000007426561074872202
42 0.00010288760611871043
43 0.000008243075158511493
49 0.000041620673939093223
63 0.000007571063735414479
65 0.00001773141897136357
67 0.00004203784642398019
72 0.0007057057569308169
73 0.0003858275493267621
76 0.0002671685307183822
84 0.0002130879622223576
107 0.0002049311356991152
124 0.00009942778247685315
150 0.00035621126149020904
171 0.0001368611790876869
177 0.00015160120460271228
251 0.00022002825322499402
360 0.00019339166635443979
392 0.0002969338431976791
493 0.00023454039050719067
558 0.001132562659021034
787 0.0004737399020075509
851 0.00016371410424462487
1007 0.000393582208037624
1070 0.0003541015143419739
1084 0.00036920725599727517
1101 0.00046465581618336337
1180 0.0006345864806991627
1395 0.0001739500102896398
1450 0.00032568748957397626
1495 0.0018764549117895333
1586 0.001132562659021034
1788 0.0004120699366150429
3427 0.000618218327643938
5971 0.0004887683798320584