9 0.00006816650634734484
13 0.00005846197245214433
21 0.0014305335733442652
22 0.0002683471778299544
26 0.00012343399523364164
27 0.00033751149866781817
34 0.00030407135678514
36 0.00004148193135099767
38 0.000008702469372146433
39 0.000013901335368914586
40 0.00000900625889003274
41 0.000007426561074872202
43 0.00001236461273776724
45 0.00025964242459217314
46 0.00004585769932672265
47 0.00004514127961646484
56 0.00012955459643277864
63 0.000007571063735414479
64 0.0003746396859517635
65 0.00001773141897136357
66 0.00009314029848720488
68 0.0002914849877710017
76 0.0001335842653591911
88 0.00024872719512041187
89 0.00019011459890734794
105 0.0003314569809760339
113 0.00011133348371866765
115 0.0002059878583080766
132 0.0035872751690635848
144 0.0001691423720016671
159 0.0001776836714179443
165 0.00022550415909059743
171 0.0001368611790876869
177 0.00015160120460271228
180 0.00005682431219851005
183 0.0002081290317624025
184 0.00040649720137641123
255 0.00017273030805218352
275 0.0008241398732300858
277 0.00009965045113662244
286 0.0001987752449196317
287 0.0005162017214474523
379 0.0003438806748054391
401 0.00018110073068838497
430 0.00022365154352182467
441 0.0006877613496108782
493 0.000703621171521572
495 0.0003753890228061612
507 0.001363708542932196
543 0.0023763518218841303
579 0.0004942172352587358
632 0.0007384474589275524
671 0.0002597352724507996
747 0.0005188152611795682
772 0.0002597352724507996
810 0.00043730308863810597
851 0.00016371410424462487
863 0.00036920725599727517
868 0.0016255541354717067
870 0.00044828766312813873
1037 0.0005418513784905688
1050 0.0004603543550640608
1060 0.0002852508106156339
1062 0.0005162017214474523
1078 0.0004408563537610837
1093 0.00036920725599727517
1208 0.0007082030286839478
1446 0.001438201479074605
1468 0.0004120699366150429
1478 0.000499919615209078
1495 0.0004691137279473833
1514 0.0006037805934374678
1622 0.00043049138832493966
1781 0.00028224872431895635
1989 0.0023644469764792122
2388 0.0006534821266696528
2398 0.0008965753262562775
3719 0.0008544448391450592
4067 0.0007031836599018376
5193 0.002703323729426321
5349 0.0005587052342654505
5933 0.0007881489921597373
5971 0.003910147038656467
5999 0.0014063673198036752
6000 0.000873114324417637
6001 0.0015762979843194746
6002 0.000873114324417637
6003 0.000873114324417637
6004 0.000873114324417637
6005 0.000873114324417637
6006 0.003492457297670548
6007 0.000873114324417637