1 0.0001309668193588762
9 0.00013633301269468968
13 0.00014940281848881327
16 0.00007545831652538253
30 0.0017746120907646923
34 0.00013031629576506
36 0.00004148193135099767
38 0.000005801646248097621
39 0.000013901335368914586
40 0.000012008345186710319
41 0.000018566402687180508
43 0.000008243075158511493
44 0.00013635553537529827
46 0.0005961500912473944
47 0.0005416953553975781
48 0.00013154366307515625
49 0.0001664826957563729
55 0.00009700475713476236
56 0.00012955459643277864
57 0.0001250684069607151
63 0.000007571063735414479
65 0.00012411993279954503
67 0.00008407569284796038
69 0.00023724943034546792
70 0.00035233775638020634
71 0.00012561808978093188
72 0.0005292793176981127
73 0.00019291377466338104
76 0.0001335842653591911
89 0.00009505729945367397
113 0.00033400045115600295
180 0.00005682431219851005
309 0.0003003233420124021
354 0.0006758309323565803
429 0.0015774650580569502
430 0.00022365154352182467
493 0.00023454039050719067
573 0.0001652752038556845
647 0.0074655419354045386
669 0.00012589385831905585
670 0.0003329428059983855
790 0.00635398893781676
851 0.00008185705212231243
868 0.0021674055139622754
873 0.00037969048392546374
958 0.002613928506678611
1001 0.00030739717354226806
1024 0.000505900267840781
1037 0.0002709256892452844
1062 0.0020648068857898093
1180 0.0006345864806991627
1264 0.0032525907132835443
1395 0.0001739500102896398
1445 0.0017055503832352594
1671 0.000549621148441263
2089 0.0006345864806991627
4137 0.00048355146215385347
4450 0.0074655419354045386
5316 0.0005587052342654505
5971 0.0004887683798320584
6008 0.0007031836599018376
6009 0.000873114324417637
6010 0.000873114324417637
6011 0.000873114324417637
6012 0.000873114324417637