9 0.00006816650634734484
13 0.000019487324150714776
16 0.00007545831652538253
17 0.005849531851475716
18 0.005219487467600295
19 0.0002642464683900639
20 0.0002464916487181342
21 0.0001430533573344265
23 0.002280186895923262
26 0.00012343399523364164
33 0.00022662121650080273
34 0.000043438765255019996
38 0.000005801646248097621
39 0.000004633778456304862
40 0.00000900625889003274
41 0.00005569920806154152
43 0.000008243075158511493
47 0.00045141279616464847
48 0.00013154366307515625
49 0.000041620673939093223
56 0.0006477729821638932
63 0.000007571063735414479
65 0.00001773141897136357
66 0.00018628059697440975
67 0.00004203784642398019
87 0.0001891562677877985
104 0.00016413845014333722
107 0.0002049311356991152
113 0.00011133348371866765
122 0.00018417084982617462
180 0.00005682431219851005
243 0.000264773477364449
245 0.000181970089392662
249 0.005023715578035117
251 0.00022002825322499402
263 0.000467744766116719
267 0.0002783569986123394
287 0.00025810086072372616
292 0.0005829699755420034
309 0.0003003233420124021
310 0.00032453395541518913
324 0.0003753890228061612
352 0.0002958245228348551
360 0.00019339166635443979
379 0.0003438806748054391
391 0.000832209213374875
399 0.0008908015295930374
401 0.00036220146137676994
430 0.00044730308704364933
455 0.00041790813825628515
459 0.00048355146215385347
475 0.0014313403504639844
493 0.0021108635145647165
496 0.0004929832974362684
613 0.0002597352724507996
669 0.00012589385831905585
671 0.0002597352724507996
682 0.0007507780456123224
764 0.0005332529953860384
803 0.0005194705449015992
851 0.00008185705212231243
1028 0.005311522715129609
1034 0.00034065472379816113
1060 0.0002852508106156339
1082 0.00043730308863810597
1371 0.0006345864806991627
1580 0.0005685167944117531
1605 0.006704462811185407
1620 0.005116651149705779
1671 0.000549621148441263
1781 0.0005644974486379127
1890 0.0012075611868749357
2378 0.0003003233420124021
2409 0.0006345864806991627
3022 0.000499919615209078
3777 0.0004785475402955236
5971 0.0009775367596641168
5976 0.0006758309323565803
5977 0.0007881489921597373
5978 0.0007881489921597373
5979 0.0007384474589275524
6013 0.001746228648835274
6014 0.000873114324417637
6015 0.000873114324417637
6016 0.000873114324417637
6017 0.000873114324417637
6018 0.000873114324417637
6019 0.000873114324417637
6020 0.000873114324417637
6021 0.000873114324417637
6022 0.001746228648835274
6023 0.000873114324417637
6024 0.000873114324417637
6025 0.000873114324417637
6026 0.000873114324417637
6027 0.000873114324417637
6028 0.000873114324417637
6029 0.000873114324417637
6030 0.000873114324417637