9 0.00013633301269468968
13 0.000006495774716904924
16 0.00007545831652538253
17 0.0009434728792702768
19 0.00013212323419503196
22 0.0001341735889149772
23 0.00022801868959232616
29 0.00026649997158873667
33 0.00011331060825040136
34 0.000043438765255019996
38 0.000011603292496195242
39 0.000004633778456304862
40 0.000012008345186710319
41 0.000014853122149744404
42 0.000051443803059355216
43 0.000020607687896278735
45 0.00025964242459217314
49 0.00012486202181727967
51 0.00004686777384075253
56 0.00006477729821638932
57 0.0001250684069607151
63 0.00000567829780156086
65 0.00001773141897136357
84 0.0004261759244447152
89 0.00028517189836102194
146 0.000264773477364449
160 0.00018023749427928805
247 0.00026056072380914035
258 0.0007921172739613768
259 0.0010356613701901578
307 0.00022550415909059743
391 0.000832209213374875
392 0.0008908015295930374
396 0.0005758906338193962
475 0.001717608420556781
491 0.0006221866094455775
492 0.0007593809678509275
505 0.001007908809974945
506 0.0008975491902947523
508 0.0010730045233971024
520 0.00016189608767124534
669 0.00012589385831905585
708 0.00035955036976865123
741 0.0007046755127604127
851 0.00016371410424462487
1001 0.00030739717354226806
1211 0.0016761157027963517
1322 0.0004737399020075509
1396 0.0007384145119945503
1397 0.00028028741746109395
1398 0.00040380304757415875
1450 0.000977062468721929
1591 0.0004691137279473833
1725 0.0008817127075221674
2016 0.000505900267840781
2218 0.00045619873460859607
4169 0.000424038368775366
4601 0.000549621148441263
6032 0.001746228648835274
6033 0.000873114324417637
6034 0.0007384474589275524
6035 0.000873114324417637
6036 0.000873114324417637