2 0.00017273030805218352
9 0.00013633301269468968
13 0.000019487324150714776
16 0.00007545831652538253
21 0.0004291600720032795
34 0.000043438765255019996
38 0.000023206584992390484
39 0.000004633778456304862
40 0.000006004172593355159
41 0.000007426561074872202
42 0.000051443803059355216
43 0.00002472922547553448
45 0.00012982121229608657
49 0.000041620673939093223
63 0.000015142127470828958
65 0.00003546283794272714
67 0.00004203784642398019
72 0.0008821321961635212
73 0.00019291377466338104
87 0.0001891562677877985
124 0.00009942778247685315
144 0.0001691423720016671
154 0.0003314569809760339
183 0.0002081290317624025
263 0.0002338723830583595
399 0.0002969338431976791
411 0.00044608035070850863
851 0.0004092852606115622
868 0.0005418513784905688
1062 0.00025810086072372616
1070 0.0007082030286839478
1073 0.00046465581618336337
1321 0.0003271046043571432
1618 0.0008076060951483175
3033 0.0009474798040151018
5420 0.000618218327643938
6037 0.001746228648835274
6038 0.000873114324417637
6039 0.000873114324417637
6040 0.001746228648835274
6041 0.000873114324417637