9 0.00027266602538937937
13 0.000012991549433809848
21 0.0001430533573344265
22 0.0005366943556599089
34 0.00008687753051003999
35 0.0003887745697496512
38 0.000014504115620244055
39 0.000009267556912609724
40 0.00000900625889003274
41 0.000011139841612308305
42 0.00010288760611871043
43 0.00001236461273776724
49 0.00008324134787818645
61 0.00035285287846540845
63 0.000007571063735414479
65 0.00001773141897136357
66 0.00027942089546161464
67 0.00004203784642398019
113 0.0002226669674373353
124 0.00009942778247685315
144 0.0005074271160050014
160 0.0007209499771171522
180 0.00005682431219851005
255 0.00034546061610436703
261 0.0002338723830583595
267 0.0005567139972246788
270 0.00035955036976865123
274 0.0037618295427086588
283 0.0008358162765125703
367 0.0002673724241223067
439 0.0003314569809760339
461 0.0003985861298959538
497 0.00017684408550895013
669 0.00012589385831905585
691 0.0003038092374917516
750 0.0003344468624572988
851 0.00016371410424462487
861 0.0018949596080302035
868 0.0002709256892452844
870 0.001793150652512555
908 0.0003652527497189936
915 0.0009687044455259658
1057 0.0008676998578433372
1173 0.0008358162765125703
1208 0.0003541015143419739
1283 0.00033907303651746636
1319 0.000618218327643938
1320 0.000549621148441263
1328 0.0028328121147357913
1412 0.0005188152611795682
1417 0.0003911548205288988
1725 0.001322569061283251
2034 0.0005258216860189834
2044 0.0005908656000986806
2722 0.0012537244147688554
3717 0.0014506543864615605
3719 0.0004272224195725296
6042 0.0007881489921597373
6043 0.0006534821266696528