1 0.0001309668193588762
9 0.00013633301269468968
13 0.000019487324150714776
14 0.0015152769984595113
15 0.001538927730232886
16 0.00007545831652538253
20 0.0004929832974362684
22 0.0001341735889149772
23 0.0006840560687769785
26 0.00012343399523364164
34 0.00008687753051003999
36 0.00012444579405299303
38 0.000014504115620244055
39 0.000009267556912609724
40 0.00000900625889003274
41 0.000007426561074872202
42 0.00010288760611871043
43 0.000008243075158511493
46 0.0000917153986534453
47 0.00009028255923292969
51 0.00004686777384075253
63 0.0000037855318677072396
65 0.00001773141897136357
66 0.00009314029848720488
67 0.00004203784642398019
68 0.0005829699755420034
74 0.00030499358548289365
89 0.00009505729945367397
100 0.000611883269304757
122 0.00018417084982617462
151 0.0003359696033249817
180 0.0001136486243970201
183 0.0002081290317624025
192 0.0003242865707429365
274 0.004919315555849785
276 0.0005332529953860384
279 0.00022929556638299245
298 0.0005908656000986806
307 0.00022550415909059743
347 0.0002479774737404859
360 0.00019339166635443979
411 0.00022304017535425432
520 0.00016189608767124534
551 0.0005664825455324013
576 0.0006172337515594486
628 0.0014506543864615605
649 0.0003960586369806884
671 0.0007792058173523988
753 0.0002783569986123394
772 0.0005194705449015992
810 0.0013119092659143181
851 0.0002455711563669373
1073 0.00046465581618336337
1328 0.004249218172103687
1519 0.0013939674485500902
1634 0.000549621148441263
1697 0.0015762979843194746
2052 0.006345864806991628
2378 0.0003003233420124021
2636 0.00044451570202655086
3007 0.00043049138832493966
3228 0.0007031836599018376
5659 0.0031525959686389492
6044 0.000873114324417637
6045 0.001746228648835274
6046 0.000873114324417637