9 0.00027266602538937937
13 0.000012991549433809848
17 0.00018869457585405535
19 0.00013212323419503196
22 0.0005366943556599089
23 0.00022801868959232616
34 0.00017375506102007999
36 0.00012444579405299303
38 0.000005801646248097621
39 0.000018535113825219447
40 0.000012008345186710319
41 0.000014853122149744404
42 0.00010288760611871043
43 0.000016486150317022987
44 0.00013635553537529827
46 0.00045857699326722653
47 0.00045141279616464847
48 0.00013154366307515625
49 0.000041620673939093223
51 0.00004686777384075253
55 0.00009700475713476236
56 0.00006477729821638932
57 0.0001250684069607151
63 0.0000037855318677072396
65 0.00001773141897136357
67 0.00012611353927194057
71 0.00025123617956186376
73 0.00019291377466338104
84 0.0002130879622223576
100 0.00015297081732618925
113 0.00011133348371866765
136 0.0005851111081648902
165 0.00022550415909059743
171 0.0001368611790876869
180 0.00005682431219851005
214 0.000273659908111955
251 0.00022002825322499402
255 0.00017273030805218352
277 0.0005979027068197347
320 0.0011789006066702562
327 0.006732996828671704
368 0.00018686500362842702
497 0.00017684408550895013
550 0.00025332444879269114
551 0.0002832412727662006
576 0.0006172337515594486
662 0.0004408563537610837
669 0.00012589385831905585
730 0.00358630130502511
752 0.0009671029243077069
759 0.0017885352042216944
851 0.00008185705212231243
888 0.000505900267840781
966 0.004469641874123604
1063 0.0005188152611795682
1080 0.0030910916382196904
1134 0.0006534821266696528
1154 0.0003960586369806884
1395 0.0003479000205792796
1403 0.0006910521121340801
1618 0.00040380304757415875
1624 0.0006534821266696528
1666 0.0005791825675166354
2027 0.00046465581618336337
2342 0.0005587052342654505
2414 0.0005411640668664958
2655 0.0005791825675166354
2661 0.000618218327643938
3201 0.0005411640668664958
3714 0.0011583651350332708
4205 0.0005188152611795682
6047 0.0007031836599018376