9 0.00013633301269468968
13 0.000006495774716904924
16 0.00007545831652538253
21 0.000286106714668853
36 0.00008296386270199534
37 0.00020975981940966445
38 0.000008702469372146433
39 0.000009267556912609724
40 0.000006004172593355159
41 0.000007426561074872202
42 0.000051443803059355216
43 0.00002472922547553448
44 0.00013635553537529827
46 0.0003210038952870586
47 0.00031598895731525394
48 0.00013154366307515625
49 0.000041620673939093223
51 0.00009373554768150506
55 0.00009700475713476236
57 0.0001250684069607151
63 0.00000567829780156086
65 0.00003546283794272714
71 0.00012561808978093188
76 0.0004007527960775733
113 0.0002226669674373353
114 0.00021141259586679695
124 0.00009942778247685315
150 0.00017810563074510452
160 0.0003604749885585761
180 0.00005682431219851005
183 0.0006243870952872076
255 0.0006909212322087341
263 0.0002338723830583595
264 0.00042171838115391097
267 0.0005567139972246788
367 0.0005347448482446134
368 0.00018686500362842702
467 0.00034552605606704003
550 0.00025332444879269114
803 0.0002597352724507996
851 0.00008185705212231243
1084 0.00036920725599727517
1325 0.002498804295264231
1830 0.000499919615209078
2091 0.001236436655287876
2378 0.0006006466840248042
2640 0.00043730308863810597
4090 0.0006345864806991627
4640 0.0005332529953860384
5290 0.0015762979843194746
6048 0.0007384474589275524
6049 0.001746228648835274