1 0.0001309668193588762
9 0.00020449951904203455
13 0.000006495774716904924
16 0.00007545831652538253
21 0.0004291600720032795
38 0.000005801646248097621
39 0.000009267556912609724
40 0.000006004172593355159
41 0.000007426561074872202
42 0.000051443803059355216
43 0.00001236461273776724
44 0.00013635553537529827
46 0.0003668615946137812
47 0.00036113023693171874
48 0.00013154366307515625
49 0.00008324134787818645
51 0.00009373554768150506
52 0.00014497369525357328
55 0.00009700475713476236
56 0.00012955459643277864
57 0.0001250684069607151
63 0.0000037855318677072396
65 0.00001773141897136357
67 0.00004203784642398019
71 0.00012561808978093188
72 0.0012349850746289296
73 0.0003858275493267621
115 0.0004119757166161532
124 0.00009942778247685315
180 0.00005682431219851005
264 0.00021085919057695548
551 0.0002832412727662006
573 0.0001652752038556845
669 0.00012589385831905585
750 0.0003344468624572988
851 0.00008185705212231243
868 0.0013546284462264224
1062 0.0010324034428949047
1084 0.00036920725599727517
1162 0.00030263622314802144
1173 0.0012537244147688554
1395 0.0008697500514481991
1621 0.0008676998578433372
1785 0.00030499358548289365
6050 0.000873114324417637