9 0.00027266602538937937
13 0.000019487324150714776
21 0.0004291600720032795
22 0.0010733887113198177
26 0.00012343399523364164
33 0.00011331060825040136
34 0.00008687753051003999
38 0.000011603292496195242
39 0.000009267556912609724
40 0.00002101460407674306
41 0.000014853122149744404
43 0.000016486150317022987
44 0.00013635553537529827
46 0.0001834307973068906
47 0.00013542383884939454
48 0.00013154366307515625
49 0.00008324134787818645
51 0.0001406033215222576
55 0.00009700475713476236
56 0.00006477729821638932
57 0.0001250684069607151
63 0.00000567829780156086
65 0.00001773141897136357
66 0.00009314029848720488
68 0.0002914849877710017
84 0.0004261759244447152
89 0.00009505729945367397
100 0.00015297081732618925
114 0.00021141259586679695
117 0.0004338499289216686
118 0.00030263622314802144
135 0.00029805329448025724
150 0.0005343168922353136
151 0.0006719392066499634
160 0.00018023749427928805
176 0.00033751149866781817
177 0.00030320240920542457
196 0.0001675808341520189
255 0.0005181909241565506
277 0.00029895135340986733
307 0.00022550415909059743
310 0.00048680093312278375
360 0.00019339166635443979
379 0.0003438806748054391
413 0.00024142866684252312
416 0.00031109330472278875
427 0.00044451570202655086
445 0.0004624723451260439
470 0.0007593809678509275
520 0.00016189608767124534
550 0.0005066488975853823
598 0.008939283748247208
686 0.0005188152611795682
724 0.0005908656000986806
726 0.0005587052342654505
754 0.0005332529953860384
803 0.0005194705449015992
810 0.00043730308863810597
851 0.00008185705212231243
868 0.0002709256892452844
888 0.001011800535681562
1208 0.0007082030286839478
1395 0.0003479000205792796
1403 0.0006910521121340801
1410 0.0017055503832352594
2059 0.0005908656000986806
2413 0.0005791825675166354
2427 0.0037327709677022693
2867 0.005907579671420419
3719 0.0008544448391450592
3810 0.0029537898357102094
3927 0.004219101959411027
4205 0.0005188152611795682
4383 0.0006345864806991627
4921 0.00048355146215385347
6047 0.0007031836599018376
6051 0.0031525959686389492
6052 0.0031525959686389492
6053 0.0015762979843194746
6054 0.003940744960798687
6055 0.000873114324417637
6056 0.0014768949178551047
6057 0.0007881489921597373
6058 0.0007881489921597373
6059 0.000873114324417637