9 0.00010224975952101728
12 0.0017954156852717004
13 0.000025983098867619697
14 0.0010101846656396741
15 0.001538927730232886
16 0.00007545831652538253
17 0.0003773891517081107
18 0.0011862471517273398
19 0.0002642464683900639
23 0.00022801868959232616
26 0.0002468679904672833
33 0.00011331060825040136
34 0.00008687753051003999
36 0.00016592772540399069
38 0.000005801646248097621
39 0.000032436449194134037
40 0.000015010431483387899
41 0.000014853122149744404
43 0.00001236461273776724
44 0.00027271107075059654
45 0.00012982121229608657
46 0.00027514619596033594
47 0.00031598895731525394
48 0.00039463098922546877
51 0.00004686777384075253
56 0.00012955459643277864
57 0.0001250684069607151
63 0.0000037855318677072396
65 0.00003546283794272714
66 0.00027942089546161464
67 0.00021018923211990097
81 0.0005472212755932213
84 0.0002130879622223576
89 0.00019011459890734794
99 0.0003271046043571432
107 0.0014345179498938066
114 0.00021141259586679695
186 0.00025254616640991854
193 0.0002936355528176933
213 0.0005587052342654505
217 0.00043049138832493966
222 0.0003841483956894837
251 0.00022002825322499402
253 0.0002472323099654942
271 0.002094281444021089
274 0.003183086536138096
277 0.00039860180454648976
288 0.001140093447961631
338 0.001099242296882526
340 0.0005587052342654505
360 0.00019339166635443979
366 0.00034225708731462997
392 0.0002969338431976791
396 0.0005758906338193962
399 0.0002969338431976791
412 0.00028729384230050906
413 0.00024142866684252312
430 0.00022365154352182467
440 0.00048355146215385347
461 0.0003985861298959538
493 0.00046908078101438134
508 0.0005365022616985512
520 0.0003237921753424907
550 0.00025332444879269114
646 0.0003712334023506965
669 0.00012589385831905585
715 0.0004092519030008361
772 0.0002597352724507996
803 0.0002597352724507996
851 0.00008185705212231243
893 0.0007550417726806894
901 0.0005685167944117531
908 0.0003652527497189936
980 0.0010899669926107173
1001 0.00030739717354226806
1068 0.0004887683798320584
1081 0.0038473480390888415
1117 0.0005332529953860384
1196 0.0003841483956894837
1290 0.0006221866094455775
1538 0.0023232790809168172
1751 0.009199789136730429
1769 0.000999839230418156
1798 0.0010516433720379667
1949 0.0004691137279473833
2042 0.0005332529953860384
2090 0.0006037805934374678
2155 0.00048355146215385347
2303 0.0007031836599018376
3357 0.007841785520035834
3826 0.0015564457835387047
4660 0.0006037805934374678
4661 0.0006758309323565803
6043 0.0006534821266696528
6063 0.0007881489921597373
6071 0.0007881489921597373
6072 0.001746228648835274
6073 0.000873114324417637
6074 0.000873114324417637