9 0.00027266602538937937
13 0.000019487324150714776
16 0.00007545831652538253
17 0.00018869457585405535
19 0.00039636970258509594
21 0.000572213429337706
22 0.0001341735889149772
23 0.00022801868959232616
33 0.00022662121650080273
34 0.000043438765255019996
36 0.00008296386270199534
38 0.000017404938744292866
39 0.000013901335368914586
40 0.00001801251778006548
41 0.000018566402687180508
42 0.000051443803059355216
43 0.000016486150317022987
44 0.00020453330306294742
46 0.00013757309798016797
47 0.00013542383884939454
48 0.00013154366307515625
49 0.000041620673939093223
51 0.0001406033215222576
55 0.00009700475713476236
56 0.00006477729821638932
57 0.0001250684069607151
60 0.0002572917550567303
63 0.0000018927659338536198
65 0.00007092567588545428
66 0.00027942089546161464
67 0.00004203784642398019
71 0.00012561808978093188
72 0.0019406908315597465
76 0.0018701797150286756
81 0.00036481418372881415
86 0.0004408563537610837
87 0.0020807189456657836
89 0.00047528649726836993
100 0.00015297081732618925
104 0.00016413845014333722
113 0.00033400045115600295
160 0.00018023749427928805
183 0.0002081290317624025
185 0.001328168424244804
243 0.000264773477364449
255 0.00017273030805218352
259 0.00025891534254753946
264 0.00021085919057695548
277 0.00009965045113662244
279 0.0006878866991489774
288 0.00022801868959232616
307 0.00022550415909059743
310 0.00032453395541518913
353 0.0011261670684184837
363 0.0007266446617404781
367 0.0002673724241223067
368 0.00018686500362842702
445 0.0006937085176890659
452 0.0002764565099464942
470 0.0007593809678509275
493 0.00023454039050719067
494 0.00039064417040638865
497 0.0007073763420358005
498 0.0003558910215031841
520 0.00016189608767124534
550 0.00025332444879269114
555 0.0002457554359134993
622 0.0003911548205288988
669 0.00012589385831905585
691 0.0006076184749835032
716 0.0003136207976380542
772 0.0005194705449015992
851 0.00008185705212231243
863 0.002215243535983651
1029 0.00023724943034546792
1162 0.0009079086694440643
1214 0.0012721151063260982
1285 0.0007266446617404781
1325 0.0009370516107240867
1328 0.0017705075717098697
1395 0.0003479000205792796
1495 0.0004691137279473833
1528 0.00043730308863810597
2366 0.002507448829537711
2497 0.000424038368775366
2738 0.0007031836599018376
3022 0.000499919615209078
4120 0.0005685167944117531
4280 0.0004338499289216686
4574 0.0014063673198036752
5203 0.0007881489921597373
5259 0.0007881489921597373
5296 0.0007881489921597373
6075 0.002619342973252911
6076 0.000873114324417637
6077 0.000873114324417637