9 0.00020449951904203455
13 0.00003247887358452463
19 0.00066061617097516
26 0.00012343399523364164
33 0.00011331060825040136
36 0.00004148193135099767
37 0.00020975981940966445
38 0.000008702469372146433
39 0.000018535113825219447
40 0.000015010431483387899
41 0.000014853122149744404
42 0.000051443803059355216
43 0.000020607687896278735
44 0.00027271107075059654
46 0.0003210038952870586
47 0.00031598895731525394
48 0.00039463098922546877
49 0.000041620673939093223
51 0.00004686777384075253
55 0.00009700475713476236
56 0.00006477729821638932
57 0.0001250684069607151
60 0.0005145835101134606
63 0.0000037855318677072396
65 0.00005319425691409072
66 0.0004657014924360244
67 0.00008407569284796038
69 0.00023724943034546792
71 0.00012561808978093188
72 0.0031756759061886764
76 0.001469426918951102
85 0.00024357296170002702
87 0.0013240938745145896
89 0.00028517189836102194
94 0.0004785475402955236
97 0.00023454039050719067
102 0.00025332444879269114
123 0.000188234616351904
124 0.0001988555649537063
138 0.0003775208863403447
150 0.0017810563074510454
171 0.0005474447163507476
172 0.0006534821266696528
177 0.00015160120460271228
180 0.0001136486243970201
196 0.0001675808341520189
277 0.00039860180454648976
292 0.0008744549633130053
307 0.00022550415909059743
310 0.00016226697770759457
376 0.00034065472379816113
377 0.0006376754306325182
396 0.00038392708921293077
439 0.0003314569809760339
441 0.0017194033740271957
445 0.0006937085176890659
470 0.00037969048392546374
494 0.0013672545964223603
496 0.0007394749461544028
497 0.00017684408550895013
551 0.0002832412727662006
576 0.0006172337515594486
613 0.0002597352724507996
646 0.0003712334023506965
669 0.00012589385831905585
670 0.0003329428059983855
671 0.0002597352724507996
691 0.0003038092374917516
772 0.0002597352724507996
803 0.0007792058173523988
851 0.00008185705212231243
858 0.0002457554359134993
1026 0.0005411640668664958
1060 0.0002852508106156339
1073 0.0009293116323667267
1196 0.0003841483956894837
1285 0.0018166116543511955
1349 0.0005908656000986806
1395 0.0003479000205792796
1524 0.0005791825675166354
1803 0.0004942172352587358
2413 0.0005791825675166354
2866 0.0006534821266696528
4932 0.0007384474589275524
6078 0.005238685946505822
6079 0.003492457297670548
6080 0.000873114324417637
6081 0.0007881489921597373