0 0.0005773132166011761
1 0.0001309668193588762
2 0.00017273030805218352
5 0.0002365665368606119
6 0.0002400196965770493
7 0.000233207996263883
8 0.00028224872431895635
13 0.000012991549433809848
16 0.00007545831652538253
17 0.002075640334394609
23 0.00045603737918465233
30 0.0015527855794191061
33 0.00011331060825040136
36 0.00004148193135099767
38 0.000008702469372146433
39 0.000009267556912609724
40 0.00000900625889003274
41 0.000011139841612308305
42 0.00010288760611871043
43 0.00001236461273776724
45 0.0010385696983686926
46 0.0001834307973068906
47 0.00031598895731525394
48 0.00013154366307515625
49 0.000041620673939093223
52 0.00014497369525357328
56 0.00012955459643277864
63 0.000007571063735414479
64 0.00018731984297588175
65 0.00008865709485681788
95 0.0004272224195725296
100 0.00015297081732618925
107 0.0002049311356991152
118 0.0006052724462960429
177 0.00030320240920542457
236 0.005121877518304293
237 0.0003558910215031841
238 0.000549621148441263
239 0.0013516618647131605
240 0.001746228648835274
241 0.001746228648835274
242 0.0005908656000986806
243 0.000264773477364449
244 0.000873114324417637
245 0.000181970089392662
246 0.00040649720137641123
247 0.00026056072380914035
248 0.0007031836599018376
249 0.00038643965984885517
250 0.0003712334023506965
251 0.00022002825322499402
252 0.000549621148441263
253 0.0002472323099654942
254 0.0004272224195725296
255 0.00034546061610436703
256 0.0007031836599018376
257 0.000873114324417637
258 0.0003960586369806884
259 0.00025891534254753946
260 0.0003818991754555788
261 0.0002338723830583595
262 0.000873114324417637
263 0.0002338723830583595
264 0.00021085919057695548
265 0.0004120699366150429
266 0.000873114324417637
267 0.0005567139972246788
268 0.00048355146215385347