9 0.00013633301269468968
13 0.00003897464830142955
14 0.0010101846656396741
15 0.0010259518201552573
19 0.0002642464683900639
21 0.0004291600720032795
22 0.0002683471778299544
26 0.00012343399523364164
34 0.00013031629576506
36 0.00004148193135099767
38 0.000008702469372146433
39 0.00002316889228152431
40 0.000012008345186710319
41 0.000007426561074872202
43 0.00002472922547553448
44 0.00027271107075059654
46 0.00013757309798016797
47 0.00013542383884939454
49 0.00012486202181727967
51 0.00009373554768150506
59 0.0030118957926730102
63 0.0000037855318677072396
65 0.00005319425691409072
89 0.00009505729945367397
104 0.00032827690028667443
107 0.0006147934070973456
108 0.001099242296882526
124 0.00009942778247685315
134 0.0003672140565768559
175 0.0015015560912246448
180 0.00005682431219851005
237 0.0003558910215031841
251 0.00044005650644998804
255 0.0008636515402609177
260 0.0003818991754555788
277 0.0005979027068197347
286 0.0001987752449196317
288 0.0006840560687769785
358 0.01042528621529944
368 0.00018686500362842702
401 0.00108660438413031
550 0.00025332444879269114
579 0.0004942172352587358
708 0.0007191007395373025
750 0.0003344468624572988
768 0.0009884344705174716
772 0.0002597352724507996
779 0.0009079086694440643
781 0.0009293116323667267
851 0.00008185705212231243
875 0.001152445187068451
893 0.0003775208863403447
905 0.0004942172352587358
908 0.003287274747470943
1052 0.0005258216860189834
1446 0.00035955036976865123
1738 0.0006758309323565803
2984 0.0007031836599018376
3226 0.0005188152611795682
5231 0.0014768949178551047
6082 0.008669638913757112