12 0.0002564879550388143
13 0.000012991549433809848
14 0.00025254616640991854
15 0.0002564879550388143
16 0.00015091663305076506
17 0.00018869457585405535
18 0.0009489977213818717
19 0.0002642464683900639
26 0.00012343399523364164
33 0.00045324243300160546
36 0.00012444579405299303
38 0.000005801646248097621
39 0.000013901335368914586
40 0.00001801251778006548
41 0.000018566402687180508
43 0.000004121537579255747
44 0.00027271107075059654
46 0.0001834307973068906
47 0.00018056511846585937
48 0.00039463098922546877
51 0.00009373554768150506
63 0.0000037855318677072396
65 0.00003546283794272714
67 0.00004203784642398019
89 0.00019011459890734794
100 0.00015297081732618925
104 0.0004924153504300117
113 0.00011133348371866765
122 0.00018417084982617462
127 0.0008358162765125703
134 0.0007344281131537118
177 0.00015160120460271228
196 0.0006703233366080756
255 0.00034546061610436703
258 0.0015842345479227535
259 0.0028480687680229344
277 0.00019930090227324488
288 0.00022801868959232616
292 0.0002914849877710017
310 0.00016226697770759457
360 0.00019339166635443979
367 0.0021389793929784537
376 0.00034065472379816113
389 0.00044451570202655086
416 0.0018665598283367326
430 0.00022365154352182467
437 0.0006430637382370231
457 0.0002936355528176933
520 0.0003237921753424907
537 0.0003960586369806884
550 0.00025332444879269114
555 0.0002457554359134993
590 0.0003672140565768559
716 0.0003136207976380542
741 0.0014093510255208253
772 0.0007792058173523988
826 0.0004272224195725296
851 0.000040928526061156217
1143 0.0005791825675166354
1321 0.0003271046043571432
1510 0.001903759442097488
1603 0.00040116683707882124
1674 0.0004338499289216686
3612 0.004430684753565315
3613 0.005625469279214701
4589 0.0005791825675166354
5798 0.0013069642533393056
6083 0.0007881489921597373
6084 0.000873114324417637