9 0.00013633301269468968
13 0.000025983098867619697
16 0.00022637494957614764
22 0.0002683471778299544
26 0.00012343399523364164
29 0.00026649997158873667
33 0.00011331060825040136
34 0.00008687753051003999
36 0.00016592772540399069
37 0.0004195196388193289
38 0.000005801646248097621
39 0.000009267556912609724
40 0.000012008345186710319
41 0.000014853122149744404
43 0.00002472922547553448
49 0.0001664826957563729
51 0.00009373554768150506
63 0.0000037855318677072396
65 0.00003546283794272714
66 0.00009314029848720488
89 0.00009505729945367397
113 0.0002226669674373353
114 0.00021141259586679695
144 0.0001691423720016671
151 0.0003359696033249817
180 0.00005682431219851005
243 0.000264773477364449
277 0.00009965045113662244
282 0.002291395052733473
310 0.00048680093312278375
391 0.0011096122844998333
396 0.00019196354460646538
441 0.0003438806748054391
475 0.0031489487710207654
490 0.0008676998578433372
491 0.0031109330472278876
506 0.0008975491902947523
507 0.00027274170858643915
508 0.0005365022616985512
512 0.00031751252334467103
520 0.00016189608767124534
572 0.0013562921460698654
613 0.0005194705449015992
703 0.0002862680700927968
709 0.0030001587944508312
851 0.00008185705212231243
858 0.0002457554359134993
899 0.00044828766312813873
1029 0.00023724943034546792
1031 0.00042093493558288133
1034 0.002725237790385289
1093 0.00036920725599727517
1182 0.00045217938883475555
1187 0.00035770704084433884
1191 0.0006758309323565803
1208 0.0003541015143419739
1280 0.0006513749791479525
1529 0.0003818991754555788
1785 0.00030499358548289365
1910 0.0005188152611795682
2014 0.004814329447276148
2021 0.000499919615209078
2345 0.0005908656000986806
2992 0.00048355146215385347
3414 0.0006534821266696528
3717 0.00048355146215385347
3719 0.0004272224195725296
3837 0.0012691729613983254
3873 0.004548134355294025
6085 0.001746228648835274
6086 0.000873114324417637
6087 0.0006037805934374678
6088 0.0007384474589275524
6089 0.001746228648835274
6090 0.000873114324417637
6091 0.004430684753565315