9 0.00006816650634734484
13 0.000019487324150714776
22 0.0001341735889149772
34 0.00008687753051003999
36 0.00008296386270199534
38 0.000014504115620244055
40 0.0000030020862966775796
41 0.000003713280537436101
43 0.000008243075158511493
51 0.00009373554768150506
59 0.000602379158534602
63 0.0000094638296692681
65 0.00003546283794272714
68 0.0011659399510840069
100 0.0004589124519785678
113 0.00033400045115600295
130 0.00027274170858643915
176 0.00033751149866781817
226 0.0002049311356991152
251 0.00022002825322499402
253 0.0002472323099654942
255 0.00017273030805218352
286 0.0005963257347588951
341 0.0005908656000986806
352 0.0002958245228348551
360 0.00038678333270887957
368 0.00018686500362842702
393 0.00033907303651746636
401 0.00018110073068838497
411 0.00044608035070850863
437 0.00032153186911851154
457 0.0002936355528176933
480 0.0003672140565768559
497 0.00035368817101790026
576 0.0003086168757797243
587 0.0004942172352587358
752 0.0019342058486154139
760 0.001696153475101464
803 0.0002597352724507996
851 0.00032742820848924973
1037 0.0002709256892452844
1395 0.0005218500308689194
1494 0.0005188152611795682
1596 0.0004603543550640608
1674 0.0004338499289216686
2179 0.0013069642533393056
2342 0.0005587052342654505
2624 0.0005685167944117531
2799 0.0005908656000986806
3044 0.006534821266696528
3113 0.0006037805934374678
3714 0.0023167302700665415
4496 0.0007881489921597373
4989 0.0013069642533393056
5011 0.0030189029671873397
6092 0.001746228648835274