9 0.00013633301269468968
12 0.0017954156852717004
13 0.000025983098867619697
14 0.0010101846656396741
15 0.000769463865116443
16 0.00007545831652538253
17 0.0003773891517081107
22 0.0005366943556599089
23 0.00045603737918465233
26 0.00012343399523364164
33 0.00022662121650080273
34 0.00008687753051003999
36 0.00016592772540399069
38 0.000005801646248097621
39 0.000027802670737829172
40 0.00000900625889003274
41 0.000025992963762052712
42 0.000051443803059355216
43 0.00003297230063404597
44 0.00020453330306294742
48 0.00013154366307515625
49 0.000041620673939093223
51 0.0001874710953630101
55 0.00009700475713476236
57 0.0001250684069607151
63 0.0000037855318677072396
65 0.00001773141897136357
89 0.00009505729945367397
97 0.00023454039050719067
113 0.00011133348371866765
115 0.0008239514332323064
124 0.00009942778247685315
144 0.0005074271160050014
162 0.0004149542829511784
180 0.00005682431219851005
185 0.0002656336848489608
197 0.0002904236905482616
226 0.0008197245427964607
243 0.000529546954728898
263 0.0002338723830583595
271 0.0014959153171579206
274 0.0014468575164264075
279 0.00022929556638299245
375 0.00025891534254753946
396 0.0005758906338193962
413 0.00048285733368504623
430 0.00022365154352182467
468 0.0018817247858283254
497 0.00017684408550895013
670 0.000665885611996771
750 0.0003344468624572988
851 0.00008185705212231243
863 0.0018460362799863762
1176 0.006221118023841807
1280 0.00032568748957397626
1290 0.0009332799141683663
1328 0.0035410151434197394
1424 0.0031128915670774093
1504 0.0015997589861581152
1550 0.000999839230418156
1636 0.0004603543550640608
1830 0.000499919615209078
2366 0.002089540691281426
4976 0.0014063673198036752
5032 0.0006758309323565803
5325 0.0006758309323565803
6093 0.0006758309323565803
6094 0.000873114324417637
6095 0.000873114324417637