9 0.00010224975952101728
13 0.000025983098867619697
16 0.00007545831652538253
18 0.0007117482910364039
22 0.0001341735889149772
26 0.00012343399523364164
34 0.000043438765255019996
36 0.00004148193135099767
38 0.000005801646248097621
39 0.000013901335368914586
40 0.00000900625889003274
41 0.000011139841612308305
42 0.000051443803059355216
43 0.000020607687896278735
44 0.00013635553537529827
45 0.00012982121229608657
46 0.00013757309798016797
47 0.00013542383884939454
51 0.00004686777384075253
63 0.0000037855318677072396
65 0.00003546283794272714
73 0.0003858275493267621
88 0.00024872719512041187
95 0.0004272224195725296
100 0.00015297081732618925
104 0.00032827690028667443
113 0.00011133348371866765
124 0.00009942778247685315
144 0.0006765694880066684
150 0.0005343168922353136
159 0.0007107346856717773
245 0.000181970089392662
255 0.0005181909241565506
347 0.0009919098949619435
416 0.0009332799141683663
808 0.0007031836599018376
851 0.00008185705212231243
904 0.001772596800296042
1395 0.0001739500102896398
1448 0.0004603543550640608
3033 0.0004737399020075509
3125 0.004945746621151504
3549 0.0017375477025499064
6096 0.00873114324417637
6097 0.004365571622088185
6098 0.0007881489921597373
6099 0.000873114324417637