2 0.00017273030805218352
9 0.00017041626586836213
13 0.000012991549433809848
19 0.00039636970258509594
21 0.0001430533573344265
29 0.00026649997158873667
33 0.00011331060825040136
34 0.000043438765255019996
38 0.000017404938744292866
39 0.000009267556912609724
40 0.0000030020862966775796
41 0.000003713280537436101
42 0.000051443803059355216
43 0.00002472922547553448
45 0.00025964242459217314
51 0.00009373554768150506
61 0.0005292793176981127
63 0.0000094638296692681
65 0.00005319425691409072
66 0.00009314029848720488
67 0.00004203784642398019
71 0.00012561808978093188
72 0.002117117270792451
73 0.00019291377466338104
76 0.0006679213267959556
86 0.0008817127075221674
87 0.0001891562677877985
100 0.0003059416346523785
124 0.00009942778247685315
144 0.0003382847440033342
160 0.00018023749427928805
180 0.0001136486243970201
183 0.0002081290317624025
184 0.00040649720137641123
255 0.00017273030805218352
264 0.00042171838115391097
276 0.0015997589861581152
360 0.0005801749990633194
396 0.000959817723032327
411 0.00044608035070850863
494 0.00019532208520319432
555 0.0002457554359134993
609 0.00043730308863810597
647 0.0010665059907720767
648 0.0025614191243758097
669 0.00012589385831905585
753 0.0002783569986123394
851 0.00032742820848924973
1060 0.0002852508106156339
1063 0.0005188152611795682
1321 0.0003271046043571432
1325 0.00031235053690802886
1548 0.0003985861298959538
1618 0.00040380304757415875
2378 0.0006006466840248042
2640 0.00043730308863810597
3033 0.0004737399020075509
4562 0.011034085890236325
4574 0.0007031836599018376
4921 0.00048355146215385347
5041 0.0007881489921597373
5543 0.0015762979843194746
6109 0.005238685946505822
6110 0.005238685946505822
6111 0.000873114324417637
6112 0.001746228648835274