9 0.00017041626586836213
13 0.000019487324150714776
21 0.0007152667866721326
22 0.0002683471778299544
28 0.00025332444879269114
29 0.00026649997158873667
34 0.00008687753051003999
38 0.000008702469372146433
39 0.000009267556912609724
40 0.000015010431483387899
41 0.000018566402687180508
42 0.00015433140917806565
43 0.00002472922547553448
46 0.00004585769932672265
47 0.00004514127961646484
49 0.0001664826957563729
63 0.000007571063735414479
65 0.00001773141897136357
67 0.00004203784642398019
69 0.00023724943034546792
71 0.00012561808978093188
72 0.0008821321961635212
73 0.00019291377466338104
76 0.0005343370614367644
84 0.0002130879622223576
88 0.00024872719512041187
89 0.00047528649726836993
115 0.0004119757166161532
117 0.0004338499289216686
122 0.0005525125494785239
123 0.000188234616351904
135 0.0005961065889605145
139 0.00028224872431895635
150 0.00035621126149020904
159 0.0001776836714179443
171 0.0001368611790876869
180 0.00005682431219851005
183 0.002081290317624025
196 0.0001675808341520189
277 0.00009965045113662244
310 0.00032453395541518913
347 0.0004959549474809718
360 0.00019339166635443979
390 0.0030910916382196904
391 0.0019418214978747085
416 0.00031109330472278875
493 0.0009381615620287627
494 0.0013672545964223603
497 0.00035368817101790026
573 0.000330550407711369
622 0.0011734644615866965
641 0.00196791104018812
772 0.0002597352724507996
851 0.00016371410424462487
875 0.0003841483956894837
1208 0.0007082030286839478
1395 0.0001739500102896398
1403 0.00034552605606704003
1618 0.00040380304757415875
1882 0.0006758309323565803
2258 0.0005791825675166354
2378 0.0006006466840248042
2816 0.0006345864806991627
2984 0.0007031836599018376
3028 0.0007031836599018376
3499 0.0006758309323565803
4203 0.001011800535681562
4743 0.0009671029243077069
4824 0.001236436655287876
6113 0.0015762979843194746
6114 0.0007881489921597373
6115 0.000873114324417637
6116 0.01222360054184692
6117 0.001746228648835274