0 0.00038487547773411737
1 0.0005238672774355048
2 0.00017273030805218352
5 0.0002365665368606119
6 0.0002400196965770493
7 0.000233207996263883
13 0.00003247887358452463
16 0.00030183326610153013
26 0.00012343399523364164
34 0.00017375506102007999
36 0.00029037351945698374
38 0.000008702469372146433
39 0.000032436449194134037
40 0.000012008345186710319
41 0.000018566402687180508
42 0.000051443803059355216
43 0.00002885076305479023
45 0.0003894636368882597
46 0.0001834307973068906
47 0.00036113023693171874
48 0.0002630873261503125
49 0.00008324134787818645
52 0.00014497369525357328
55 0.00009700475713476236
58 0.0013729251875537582
59 0.000602379158534602
63 0.00000567829780156086
64 0.00018731984297588175
65 0.00008865709485681788
67 0.00025222707854388114
69 0.00023724943034546792
71 0.00037685426934279566
72 0.0019406908315597465
82 0.0002832412727662006
85 0.00024357296170002702
87 0.000756625071151194
118 0.0009079086694440643
123 0.000376469232703808
124 0.00009942778247685315
125 0.0002682511308492756
134 0.0003672140565768559
141 0.0006534821266696528
143 0.0026399116055462308
151 0.0006719392066499634
159 0.0001776836714179443
161 0.007331525697480877
171 0.0001368611790876869
177 0.0006064048184108491
192 0.0003242865707429365
196 0.0003351616683040378
199 0.0007881489921597373
210 0.0003201773905469762
253 0.0002472323099654942
255 0.00017273030805218352
263 0.0002338723830583595
277 0.00029895135340986733
284 0.0007384474589275524
289 0.0003712334023506965
291 0.0003887745697496512
297 0.0006977691933275379
304 0.00026056072380914035
310 0.00016226697770759457
340 0.0005587052342654505
430 0.00022365154352182467
441 0.0006877613496108782
442 0.0003242865707429365
478 0.0007881489921597373
494 0.00019532208520319432
537 0.0003960586369806884
555 0.0004915108718269986
558 0.0003775208863403447
594 0.0003438806748054391
613 0.0007792058173523988
638 0.00040116683707882124
649 0.0003960586369806884
671 0.0002597352724507996
716 0.0003136207976380542
729 0.0009382274558947666
764 0.0005332529953860384
771 0.0005258216860189834
845 0.00043730308863810597
879 0.0005916490456697102
902 0.0003753890228061612
928 0.0008023336741576425
933 0.000618218327643938
995 0.0005791825675166354
1035 0.0005908656000986806
1036 0.0003732936031739842
1112 0.0003672140565768559
1142 0.0005188152611795682
1173 0.0008358162765125703
1542 0.0006345864806991627
1543 0.0014768949178551047
1544 0.0006037805934374678
1545 0.0004737399020075509
1546 0.0007384474589275524
1547 0.000873114324417637
1548 0.0007971722597919076