1 0.0001309668193588762
9 0.00013633301269468968
13 0.000006495774716904924
16 0.00007545831652538253
17 0.0009434728792702768
18 0.0007117482910364039
19 0.000924862639365224
23 0.0009120747583693047
26 0.00012343399523364164
33 0.00011331060825040136
38 0.000005801646248097621
39 0.000013901335368914586
40 0.00000900625889003274
41 0.000014853122149744404
42 0.00010288760611871043
43 0.000008243075158511493
44 0.00013635553537529827
46 0.0004127192939405039
47 0.00040627151654818366
48 0.00013154366307515625
49 0.00008324134787818645
51 0.00004686777384075253
55 0.00009700475713476236
56 0.00012955459643277864
57 0.0001250684069607151
63 0.00000567829780156086
65 0.00001773141897136357
66 0.00018628059697440975
67 0.00008407569284796038
71 0.00012561808978093188
76 0.0005343370614367644
89 0.00009505729945367397
113 0.00011133348371866765
123 0.000188234616351904
124 0.00009942778247685315
139 0.00028224872431895635
154 0.0009943709429281018
162 0.0004149542829511784
171 0.0001368611790876869
180 0.00005682431219851005
183 0.000416258063524805
196 0.0008379041707600946
212 0.00040116683707882124
226 0.0004098622713982304
229 0.0005121877518304292
249 0.004637275918186262
251 0.00022002825322499402
352 0.0002958245228348551
360 0.00019339166635443979
480 0.0022032843394611356
496 0.0007394749461544028
554 0.0003985861298959538
613 0.0002597352724507996
646 0.001484933609402786
669 0.00012589385831905585
760 0.000424038368775366
803 0.0005194705449015992
851 0.000040928526061156217
868 0.0013546284462264224
879 0.0002958245228348551
1034 0.00034065472379816113
1062 0.001290504303618631
1785 0.00030499358548289365
4415 0.0005908656000986806
6128 0.0015762979843194746
6129 0.000873114324417637
6130 0.000873114324417637
6131 0.000873114324417637