2 0.00017273030805218352
9 0.00020449951904203455
13 0.000019487324150714776
16 0.00007545831652538253
17 0.0011321674551243322
18 0.0007117482910364039
19 0.00066061617097516
21 0.000286106714668853
29 0.00026649997158873667
38 0.000005801646248097621
39 0.000018535113825219447
40 0.000015010431483387899
41 0.000014853122149744404
42 0.000051443803059355216
43 0.000016486150317022987
44 0.00013635553537529827
45 0.00025964242459217314
46 0.0004127192939405039
47 0.00040627151654818366
48 0.00013154366307515625
49 0.00024972404363455934
55 0.00009700475713476236
56 0.00019433189464916796
57 0.0001250684069607151
63 0.00000567829780156086
65 0.00001773141897136357
66 0.00009314029848720488
67 0.00008407569284796038
71 0.00012561808978093188
77 0.0013939674485500902
81 0.00018240709186440708
87 0.0001891562677877985
88 0.00024872719512041187
124 0.00009942778247685315
144 0.0010148542320100027
150 0.00035621126149020904
154 0.0003314569809760339
171 0.0001368611790876869
176 0.00033751149866781817
180 0.00005682431219851005
247 0.0010422428952365614
278 0.0015100835453613788
396 0.00038392708921293077
401 0.0007244029227535399
438 0.0010786511093059537
493 0.000703621171521572
494 0.001171932511219166
497 0.0007073763420358005
520 0.0006475843506849814
551 0.0002832412727662006
669 0.00012589385831905585
750 0.0003344468624572988
753 0.0002783569986123394
851 0.00008185705212231243
868 0.0002709256892452844
915 0.00032290148184198857
1007 0.00196791104018812
1057 0.0004338499289216686
1060 0.0005705016212312678
1100 0.001203500511236464
1219 0.0006758309323565803
2129 0.0005188152611795682
2693 0.000424038368775366
3018 0.0004408563537610837
3502 0.00036332233087023905
3538 0.0005332529953860384
3601 0.0007344281131537118
4450 0.0005332529953860384
5842 0.0006758309323565803
5878 0.0007881489921597373
6128 0.0007881489921597373
6132 0.0007384474589275524
6133 0.000873114324417637
6134 0.003492457297670548