13 0.00005196619773523939
34 0.000043438765255019996
38 0.000005801646248097621
39 0.000013901335368914586
40 0.000006004172593355159
41 0.000007426561074872202
42 0.000051443803059355216
43 0.000008243075158511493
44 0.00013635553537529827
46 0.00027514619596033594
47 0.00027084767769878907
49 0.00020810336969546614
56 0.00006477729821638932
63 0.00000567829780156086
65 0.00001773141897136357
66 0.00009314029848720488
67 0.00004203784642398019
71 0.00012561808978093188
76 0.002003763980387867
89 0.00009505729945367397
103 0.00045217938883475555
114 0.00021141259586679695
123 0.000188234616351904
124 0.00009942778247685315
136 0.0005851111081648902
146 0.000264773477364449
150 0.00035621126149020904
160 0.0005407124828378641
171 0.0001368611790876869
180 0.0001136486243970201
196 0.0005027425024560568
243 0.000264773477364449
292 0.0002914849877710017
310 0.00048680093312278375
321 0.00048355146215385347
429 0.0010516433720379667
493 0.00023454039050719067
494 0.001171932511219166
496 0.0002464916487181342
497 0.00017684408550895013
613 0.0005194705449015992
671 0.0012986763622539982
750 0.0003344468624572988
753 0.0002783569986123394
851 0.00008185705212231243
868 0.0002709256892452844
1139 0.0005908656000986806
1156 0.002594076305897841
1285 0.0018166116543511955
1395 0.0001739500102896398
1446 0.0010786511093059537
2693 0.000424038368775366
2816 0.0006345864806991627
4203 0.000505900267840781
6113 0.0015762979843194746
6114 0.0007881489921597373
6135 0.0015762979843194746
6136 0.000873114324417637
6137 0.002619342973252911
6138 0.002619342973252911