9 0.00013633301269468968
13 0.000012991549433809848
19 0.0005284929367801278
20 0.0002464916487181342
36 0.00008296386270199534
38 0.000005801646248097621
39 0.000013901335368914586
40 0.00000900625889003274
41 0.000011139841612308305
42 0.00010288760611871043
43 0.000016486150317022987
44 0.00013635553537529827
46 0.0003210038952870586
47 0.00031598895731525394
49 0.000041620673939093223
51 0.0001406033215222576
55 0.00009700475713476236
57 0.0001250684069607151
63 0.0000037855318677072396
65 0.00005319425691409072
66 0.0004657014924360244
67 0.00008407569284796038
72 0.00035285287846540845
73 0.0003858275493267621
75 0.0031652557218432896
76 0.0004007527960775733
81 0.0012768496430508498
87 0.0005674688033633956
106 0.0015177008035223431
113 0.00011133348371866765
134 0.0003672140565768559
144 0.0001691423720016671
149 0.0003732936031739842
177 0.00015160120460271228
183 0.000416258063524805
185 0.0002656336848489608
186 0.0005050923328198371
230 0.0002958245228348551
245 0.000181970089392662
247 0.00026056072380914035
251 0.00022002825322499402
255 0.00017273030805218352
259 0.00025891534254753946
263 0.0002338723830583595
277 0.00019930090227324488
352 0.0002958245228348551
363 0.00036332233087023905
365 0.0008544448391450592
368 0.00018686500362842702
399 0.0005938676863953582
438 0.0007191007395373025
476 0.0018247949384343843
487 0.0008609827766498793
496 0.0004929832974362684
613 0.0002597352724507996
669 0.00012589385831905585
743 0.000499919615209078
772 0.0002597352724507996
803 0.0005194705449015992
851 0.00008185705212231243
868 0.0002709256892452844
902 0.0003753890228061612
911 0.0004120699366150429
922 0.00043730308863810597
1029 0.00023724943034546792
1034 0.00034065472379816113
1062 0.00025810086072372616
1095 0.0004120699366150429
1162 0.0006052724462960429
1395 0.0001739500102896398
1442 0.0026030995735300115
1548 0.0007971722597919076
1773 0.000999839230418156
1785 0.00030499358548289365
3825 0.0006758309323565803
4586 0.0006758309323565803
5031 0.000549621148441263
5842 0.0013516618647131605
6139 0.0019604463800089586
6140 0.001746228648835274
6141 0.000873114324417637