1 0.0001309668193588762
2 0.00017273030805218352
9 0.00010224975952101728
13 0.00003247887358452463
19 0.00013212323419503196
26 0.00012343399523364164
34 0.000043438765255019996
36 0.00008296386270199534
38 0.000005801646248097621
39 0.000013901335368914586
40 0.00000900625889003274
41 0.000011139841612308305
42 0.00015433140917806565
43 0.00002472922547553448
44 0.00013635553537529827
45 0.00012982121229608657
46 0.0003210038952870586
47 0.00031598895731525394
49 0.00012486202181727967
51 0.00004686777384075253
52 0.00014497369525357328
63 0.0000037855318677072396
65 0.00003546283794272714
66 0.00027942089546161464
67 0.00008407569284796038
71 0.00012561808978093188
73 0.0003858275493267621
76 0.0006679213267959556
81 0.002006478010508478
87 0.0005674688033633956
100 0.0003059416346523785
104 0.0004924153504300117
122 0.00018417084982617462
123 0.000188234616351904
124 0.00009942778247685315
144 0.0005074271160050014
150 0.00035621126149020904
151 0.001007908809974945
171 0.0001368611790876869
180 0.00005682431219851005
196 0.0001675808341520189
226 0.0002049311356991152
251 0.00022002825322499402
286 0.0001987752449196317
291 0.0011663237092489538
352 0.0002958245228348551
467 0.00034552605606704003
493 0.0016417827335503349
494 0.0019532208520319436
496 0.0002464916487181342
497 0.00017684408550895013
551 0.0002832412727662006
613 0.0002597352724507996
645 0.0005908656000986806
691 0.0006076184749835032
753 0.0002783569986123394
851 0.00008185705212231243
858 0.0004915108718269986
868 0.0008127770677358534
1062 0.0007743025821711785
1358 0.0009884344705174716
1395 0.0001739500102896398
3259 0.0006037805934374678
3470 0.000499919615209078
4261 0.0005908656000986806
4497 0.000618218327643938
6142 0.0023644469764792122
6143 0.0007881489921597373