1 0.0003929004580766286
9 0.00013633301269468968
13 0.000012991549433809848
16 0.00007545831652538253
20 0.0004929832974362684
21 0.0001430533573344265
32 0.0005188152611795682
38 0.000005801646248097621
39 0.000013901335368914586
40 0.000006004172593355159
41 0.000007426561074872202
42 0.00010288760611871043
43 0.00002472922547553448
44 0.00013635553537529827
46 0.00027514619596033594
47 0.00027084767769878907
49 0.000041620673939093223
51 0.00004686777384075253
55 0.00009700475713476236
56 0.00006477729821638932
57 0.0001250684069607151
63 0.0000037855318677072396
65 0.00001773141897136357
66 0.00009314029848720488
67 0.00004203784642398019
73 0.00019291377466338104
76 0.0001335842653591911
81 0.0009120354593220354
85 0.00024357296170002702
87 0.000378312535575597
89 0.00009505729945367397
113 0.0002226669674373353
123 0.000188234616351904
124 0.00009942778247685315
144 0.0006765694880066684
160 0.0003604749885585761
180 0.00005682431219851005
183 0.000416258063524805
197 0.0002904236905482616
238 0.000549621148441263
277 0.00009965045113662244
293 0.0003285382939579267
306 0.00043049138832493966
399 0.0005938676863953582
401 0.000543302192065155
411 0.00022304017535425432
438 0.0010786511093059537
471 0.00045619873460859607
487 0.00043049138832493966
496 0.0002464916487181342
550 0.00025332444879269114
557 0.000424038368775366
613 0.0002597352724507996
669 0.00012589385831905585
708 0.00035955036976865123
760 0.000424038368775366
803 0.0002597352724507996
850 0.0003960586369806884
851 0.00008185705212231243
868 0.0002709256892452844
879 0.0005916490456697102
1034 0.00034065472379816113
1036 0.0003732936031739842
1062 0.00025810086072372616
1084 0.0007384145119945503
1133 0.00048355146215385347
1548 0.0003985861298959538
2191 0.0005908656000986806
2509 0.0006534821266696528
3496 0.0007384474589275524
4415 0.0005908656000986806
4560 0.0006345864806991627
5943 0.0007384474589275524
6142 0.0007881489921597373
6144 0.000873114324417637
6145 0.000873114324417637
6146 0.000873114324417637
6147 0.000873114324417637
6148 0.000873114324417637
6149 0.0007384474589275524
6150 0.000873114324417637
6151 0.0007881489921597373
6152 0.000873114324417637