9 0.00013633301269468968
13 0.000012991549433809848
21 0.0001430533573344265
34 0.00008687753051003999
36 0.00004148193135099767
38 0.000014504115620244055
39 0.000009267556912609724
40 0.0000030020862966775796
41 0.000003713280537436101
42 0.000051443803059355216
43 0.00002472922547553448
46 0.0000917153986534453
47 0.00009028255923292969
51 0.00004686777384075253
56 0.00012955459643277864
63 0.000007571063735414479
65 0.00003546283794272714
66 0.00009314029848720488
67 0.00004203784642398019
73 0.0003858275493267621
76 0.0001335842653591911
81 0.0016416638267796638
85 0.00024357296170002702
87 0.0001891562677877985
97 0.00046908078101438134
115 0.0002059878583080766
123 0.000188234616351904
124 0.00009942778247685315
180 0.00005682431219851005
396 0.0011517812676387924
399 0.0005938676863953582
411 0.00044608035070850863
438 0.0010786511093059537
496 0.0002464916487181342
577 0.000549621148441263
613 0.0002597352724507996
647 0.0010665059907720767
648 0.0009605321716409287
669 0.00012589385831905585
803 0.0002597352724507996
851 0.0002455711563669373
1034 0.00034065472379816113
1036 0.0003732936031739842
1446 0.0007191007395373025
1504 0.0031995179723162304
4257 0.0003887745697496512
5031 0.000549621148441263
6139 0.0006534821266696528
6153 0.000873114324417637
6154 0.0007881489921597373