9 0.00006816650634734484
13 0.000012991549433809848
21 0.0001430533573344265
30 0.00022182651134558653
34 0.00013031629576506
38 0.000005801646248097621
39 0.000013901335368914586
40 0.000006004172593355159
41 0.000007426561074872202
42 0.00010288760611871043
43 0.00003297230063404597
44 0.00013635553537529827
45 0.00025964242459217314
46 0.0001834307973068906
47 0.00018056511846585937
51 0.00004686777384075253
63 0.0000037855318677072396
65 0.00001773141897136357
66 0.00009314029848720488
81 0.00036481418372881415
104 0.00016413845014333722
123 0.000188234616351904
124 0.00009942778247685315
135 0.00029805329448025724
136 0.0002925555540824451
144 0.0003382847440033342
150 0.00035621126149020904
180 0.00005682431219851005
245 0.000363940178785324
392 0.0002969338431976791
691 0.0003038092374917516
851 0.00008185705212231243
1450 0.00032568748957397626
1788 0.0004120699366150429
2085 0.0003672140565768559
2202 0.00046465581618336337
2203 0.0004603543550640608
2204 0.0005258216860189834
3502 0.0007266446617404781
4218 0.0006758309323565803
6139 0.0019604463800089586
6155 0.000873114324417637
6156 0.000873114324417637
6157 0.000873114324417637
6158 0.002619342973252911
6159 0.000873114324417637
6160 0.000873114324417637
6161 0.000873114324417637