9 0.00020449951904203455
13 0.000019487324150714776
19 0.00013212323419503196
21 0.0001430533573344265
26 0.00012343399523364164
34 0.000043438765255019996
38 0.000005801646248097621
39 0.000013901335368914586
40 0.00000900625889003274
41 0.000011139841612308305
42 0.00020577521223742086
43 0.00003297230063404597
44 0.00013635553537529827
45 0.00012982121229608657
46 0.00027514619596033594
47 0.00027084767769878907
49 0.00008324134787818645
51 0.00004686777384075253
55 0.00038801902853904946
57 0.0001250684069607151
63 0.0000037855318677072396
65 0.00003546283794272714
66 0.0003725611939488195
67 0.00004203784642398019
72 0.0017642643923270424
73 0.00019291377466338104
74 0.00030499358548289365
75 0.0027130763330085335
76 0.0006679213267959556
77 0.0018586232647334535
84 0.0002130879622223576
87 0.000756625071151194
104 0.00032827690028667443
115 0.0002059878583080766
123 0.000188234616351904
124 0.00009942778247685315
131 0.0004092519030008361
150 0.00017810563074510452
180 0.00005682431219851005
183 0.0012487741905744152
193 0.0002936355528176933
196 0.0005027425024560568
245 0.000181970089392662
251 0.00022002825322499402
263 0.0002338723830583595
267 0.0005567139972246788
310 0.0009736018662455675
352 0.0002958245228348551
399 0.0005938676863953582
401 0.00036220146137676994
411 0.00044608035070850863
493 0.000703621171521572
494 0.0009766104260159718
496 0.0007394749461544028
573 0.0001652752038556845
613 0.0002597352724507996
669 0.00012589385831905585
691 0.0006076184749835032
708 0.00035955036976865123
753 0.0002783569986123394
803 0.0005194705449015992
851 0.00008185705212231243
858 0.0002457554359134993
1028 0.0003541015143419739
1034 0.00034065472379816113
1036 0.0003732936031739842
1112 0.0003672140565768559
1321 0.0006542092087142864
1349 0.0005908656000986806
1358 0.0004942172352587358
1395 0.0001739500102896398
1403 0.00034552605606704003
1446 0.0007191007395373025
1448 0.0013810630651921825
1479 0.00038643965984885517
1525 0.0005332529953860384
1532 0.003545193600592084
1781 0.0005644974486379127
2121 0.0007031836599018376
3259 0.0006037805934374678
4497 0.000618218327643938
4609 0.0005332529953860384
6139 0.0013069642533393056
6162 0.000873114324417637
6163 0.000873114324417637
6164 0.000873114324417637