0 0.00019243773886705868
1 0.0001309668193588762
2 0.00017273030805218352
3 0.00037969048392546374
4 0.00035233775638020634
5 0.0002365665368606119
7 0.000233207996263883
8 0.00028224872431895635
9 0.00023858277221570697
13 0.000025983098867619697
20 0.0004929832974362684
21 0.0010013735013409857
22 0.0002683471778299544
26 0.00012343399523364164
34 0.000043438765255019996
36 0.00004148193135099767
38 0.000008702469372146433
39 0.000004633778456304862
40 0.000012008345186710319
41 0.000014853122149744404
42 0.000051443803059355216
43 0.000008243075158511493
45 0.00025964242459217314
49 0.000041620673939093223
51 0.00004686777384075253
52 0.00028994739050714656
56 0.00006477729821638932
57 0.0001250684069607151
58 0.0005491700750215032
59 0.00040158610568973463
60 0.0002572917550567303
61 0.00035285287846540845
63 0.0000018927659338536198
85 0.0007307188851000811
89 0.00009505729945367397
124 0.00009942778247685315
135 0.00029805329448025724
144 0.0008457118600083356
209 0.0005791825675166354
226 0.0002049311356991152
245 0.000181970089392662
277 0.00009965045113662244
286 0.0001987752449196317
360 0.00019339166635443979
375 0.00025891534254753946
379 0.0003438806748054391
520 0.00016189608767124534
543 0.0003960586369806884
552 0.00048355146215385347
589 0.0004737399020075509
590 0.0003672140565768559
591 0.00044451570202655086
694 0.0004887683798320584
711 0.0004092519030008361
862 0.0011817312001973612
916 0.0009884344705174716
920 0.0008299085659023568
928 0.0008023336741576425
954 0.005908656000986807
1000 0.0006534821266696528
1305 0.0009382274558947666
1328 0.0017705075717098697
1549 0.0066460271303479725
1550 0.000499919615209078
1551 0.0015365632554912878
1552 0.0007881489921597373
1553 0.000873114324417637
1554 0.000873114324417637
1555 0.000873114324417637
1556 0.000873114324417637
1557 0.000873114324417637