9 0.00013633301269468968
13 0.000006495774716904924
19 0.00013212323419503196
21 0.0010013735013409857
26 0.00012343399523364164
38 0.000005801646248097621
39 0.000013901335368914586
40 0.00000900625889003274
41 0.000011139841612308305
42 0.00010288760611871043
43 0.000016486150317022987
44 0.00013635553537529827
46 0.0003210038952870586
47 0.00031598895731525394
49 0.00008324134787818645
51 0.0001406033215222576
55 0.00009700475713476236
56 0.00012955459643277864
57 0.0001250684069607151
63 0.0000037855318677072396
65 0.00003546283794272714
66 0.00018628059697440975
67 0.00008407569284796038
73 0.0003858275493267621
76 0.0008015055921551466
81 0.0018240709186440709
87 0.000378312535575597
113 0.00011133348371866765
123 0.000188234616351904
159 0.0003553673428358886
180 0.00005682431219851005
185 0.0002656336848489608
186 0.0005050923328198371
230 0.0002958245228348551
243 0.000264773477364449
259 0.00025891534254753946
263 0.0002338723830583595
267 0.0002783569986123394
277 0.00009965045113662244
365 0.0008544448391450592
368 0.00018686500362842702
452 0.0002764565099464942
493 0.000703621171521572
494 0.0013672545964223603
498 0.0007117820430063682
550 0.00025332444879269114
669 0.00012589385831905585
691 0.0006076184749835032
851 0.00008185705212231243
858 0.0004915108718269986
911 0.0004120699366150429
922 0.00043730308863810597
1173 0.0012537244147688554
1390 0.002793526171327253
1395 0.0003479000205792796
2447 0.0003985861298959538
3825 0.0006758309323565803
4281 0.0007384474589275524
4355 0.0013516618647131605
4497 0.000618218327643938
6139 0.0019604463800089586
6143 0.0007881489921597373