2 0.00017273030805218352
9 0.00020449951904203455
13 0.000025983098867619697
22 0.00040252076674493167
26 0.00012343399523364164
28 0.00025332444879269114
33 0.00022662121650080273
34 0.00013031629576506
36 0.00016592772540399069
38 0.000005801646248097621
39 0.000018535113825219447
40 0.00002101460407674306
41 0.000025992963762052712
42 0.000051443803059355216
43 0.000020607687896278735
44 0.00013635553537529827
46 0.0005502923919206719
47 0.0004965540757811133
48 0.00013154366307515625
49 0.00008324134787818645
51 0.00004686777384075253
55 0.00019400951426952473
57 0.0002501368139214302
63 0.0000037855318677072396
65 0.00003546283794272714
67 0.00008407569284796038
71 0.00012561808978093188
72 0.002117117270792451
73 0.00019291377466338104
76 0.0016030111843102933
87 0.0001891562677877985
89 0.00019011459890734794
104 0.00032827690028667443
107 0.0004098622713982304
115 0.0002059878583080766
123 0.000188234616351904
135 0.00029805329448025724
144 0.0010148542320100027
160 0.0003604749885585761
165 0.00022550415909059743
177 0.00030320240920542457
180 0.00005682431219851005
243 0.000529546954728898
263 0.000467744766116719
286 0.0017889772042766856
307 0.00022550415909059743
310 0.0009736018662455675
324 0.0003753890228061612
353 0.006006224364898579
391 0.00166441842674975
427 0.00044451570202655086
475 0.001717608420556781
569 0.00042093493558288133
572 0.0006781460730349327
573 0.0001652752038556845
637 0.0005587052342654505
669 0.00012589385831905585
671 0.0005194705449015992
711 0.0004092519030008361
826 0.0004272224195725296
832 0.00048355146215385347
851 0.00008185705212231243
858 0.0012287771795674966
993 0.001291474164974819
1001 0.00030739717354226806
1153 0.0004120699366150429
1198 0.00044451570202655086
1208 0.0003541015143419739
1301 0.0004942172352587358
1322 0.0009474798040151018
1519 0.0018586232647334535
1528 0.0026238185318286362
1629 0.00043049138832493966
1785 0.00030499358548289365
1939 0.0007881489921597373
2063 0.001604667348315285
2407 0.0011817312001973612
2795 0.0006534821266696528
3439 0.0006758309323565803
3507 0.0004338499289216686
4054 0.0007881489921597373
4147 0.0005685167944117531
4203 0.001011800535681562
4257 0.0003887745697496512
5204 0.001648863445323789
5448 0.000618218327643938
5926 0.0006345864806991627
6167 0.000873114324417637
6168 0.0007031836599018376
6169 0.000873114324417637
6170 0.001746228648835274
6171 0.0015762979843194746