13 0.000006495774716904924
16 0.00030183326610153013
17 0.003585196941227052
18 0.0028469931641456154
19 0.00013212323419503196
20 0.0002464916487181342
21 0.0001430533573344265
23 0.00045603737918465233
33 0.00011331060825040136
34 0.00013031629576506
36 0.00016592772540399069
38 0.000005801646248097621
39 0.000018535113825219447
40 0.000006004172593355159
41 0.000011139841612308305
44 0.00013635553537529827
46 0.0004127192939405039
47 0.00036113023693171874
48 0.00013154366307515625
49 0.00012486202181727967
51 0.0001406033215222576
56 0.00006477729821638932
63 0.0000037855318677072396
65 0.00003546283794272714
66 0.00027942089546161464
67 0.00008407569284796038
71 0.00012561808978093188
76 0.001469426918951102
87 0.0001891562677877985
89 0.00009505729945367397
100 0.00015297081732618925
104 0.00016413845014333722
114 0.00021141259586679695
122 0.00018417084982617462
124 0.00009942778247685315
150 0.00017810563074510452
154 0.0003314569809760339
180 0.00005682431219851005
183 0.002081290317624025
255 0.00017273030805218352
258 0.0003960586369806884
259 0.0007767460276426184
267 0.0002783569986123394
279 0.00022929556638299245
401 0.0007244029227535399
438 0.001438201479074605
496 0.0002464916487181342
573 0.000330550407711369
613 0.0002597352724507996
671 0.0002597352724507996
698 0.00044451570202655086
741 0.00035233775638020634
750 0.0003344468624572988
772 0.0002597352724507996
803 0.0002597352724507996
868 0.0005418513784905688
873 0.0007593809678509275
902 0.0003753890228061612
1012 0.0005685167944117531
1034 0.00034065472379816113
1036 0.0003732936031739842
1062 0.0005162017214474523
1185 0.0007031836599018376
1321 0.0003271046043571432
1603 0.00040116683707882124
1690 0.0005188152611795682
1781 0.0011289948972758254
2128 0.0017492123545524239
2693 0.000424038368775366
3208 0.00034065472379816113
3315 0.00045217938883475555
3601 0.0003672140565768559
3843 0.0007384474589275524
4108 0.0007384474589275524
4415 0.0005908656000986806
6172 0.000873114324417637
6173 0.0007881489921597373
6174 0.0007881489921597373
6175 0.000873114324417637
6176 0.000873114324417637
6177 0.000873114324417637
6178 0.000873114324417637
6179 0.000873114324417637