9 0.00010224975952101728
17 0.0007547783034162214
36 0.00008296386270199534
38 0.000014504115620244055
39 0.000018535113825219447
40 0.0000030020862966775796
41 0.000003713280537436101
42 0.000051443803059355216
43 0.000016486150317022987
45 0.00012982121229608657
49 0.000041620673939093223
51 0.00004686777384075253
55 0.00009700475713476236
57 0.0001250684069607151
63 0.0000094638296692681
65 0.00008865709485681788
67 0.00004203784642398019
72 0.0005292793176981127
73 0.00019291377466338104
76 0.0008015055921551466
88 0.00024872719512041187
100 0.0003059416346523785
104 0.00016413845014333722
177 0.00030320240920542457
180 0.00005682431219851005
183 0.00083251612704961
245 0.000181970089392662
259 0.0005178306850950789
263 0.0002338723830583595
278 0.0003775208863403447
310 0.00016226697770759457
360 0.00019339166635443979
401 0.00018110073068838497
551 0.0002832412727662006
613 0.0002597352724507996
644 0.009273274914659072
671 0.0002597352724507996
716 0.0003136207976380542
750 0.0003344468624572988
772 0.0002597352724507996
780 0.0003775208863403447
851 0.00032742820848924973
873 0.0007593809678509275
1029 0.0007117482910364039
1037 0.0002709256892452844
1070 0.0003541015143419739
1172 0.0009775367596641168
1173 0.00041790813825628515
1321 0.0003271046043571432
1388 0.0003753890228061612
1603 0.00040116683707882124
1690 0.0005188152611795682
1781 0.0005644974486379127
2128 0.0013119092659143181
3315 0.0009043587776695111
5457 0.002842583972058766
6180 0.000873114324417637
6181 0.000873114324417637
6182 0.039290144598793666