9 0.00010224975952101728
10 0.007505819647158133
13 0.000019487324150714776
20 0.0009859665948725369
21 0.0004291600720032795
22 0.0001341735889149772
26 0.0002468679904672833
34 0.00008687753051003999
36 0.0005392651075629697
38 0.000005801646248097621
39 0.000009267556912609724
40 0.00000900625889003274
41 0.000011139841612308305
43 0.00001236461273776724
44 0.00006817776768764914
49 0.000041620673939093223
51 0.00004686777384075253
63 0.0000037855318677072396
65 0.00001773141897136357
66 0.00018628059697440975
67 0.00008407569284796038
69 0.00023724943034546792
70 0.00035233775638020634
71 0.00012561808978093188
73 0.00019291377466338104
107 0.0002049311356991152
117 0.0004338499289216686
123 0.000188234616351904
128 0.0036495898768687685
143 0.0009899668520798367
144 0.0003382847440033342
150 0.00035621126149020904
159 0.0001776836714179443
160 0.00018023749427928805
165 0.00022550415909059743
171 0.0002737223581753738
177 0.00015160120460271228
180 0.00017047293659553015
207 0.014192449579488188
225 0.00042093493558288133
226 0.0004098622713982304
245 0.000181970089392662
277 0.00029895135340986733
279 0.00022929556638299245
304 0.00026056072380914035
367 0.0002673724241223067
368 0.00018686500362842702
391 0.000832209213374875
393 0.0006781460730349327
457 0.0002936355528176933
496 0.0002464916487181342
520 0.0003237921753424907
531 0.000618218327643938
538 0.0011410032424625355
539 0.00045217938883475555
543 0.0007921172739613768
549 0.0012114091427224763
561 0.0007031836599018376
569 0.00042093493558288133
667 0.0013685962038257882
703 0.0002862680700927968
716 0.0003136207976380542
743 0.000499919615209078
746 0.0003672140565768559
770 0.0004785475402955236
772 0.0005194705449015992
782 0.0018071092110219695
803 0.0002597352724507996
805 0.0004691137279473833
851 0.00008185705212231243
1037 0.0002709256892452844
1280 0.00032568748957397626
1310 0.009083058271755977
1395 0.0005218500308689194
1436 0.00048355146215385347
1586 0.0003775208863403447
1650 0.00041790813825628515
1670 0.0018546549829318141
1690 0.0005188152611795682
1696 0.0004887683798320584
1713 0.0004120699366150429
1995 0.000618218327643938
2103 0.000549621148441263
2258 0.0005791825675166354
2579 0.0007031836599018376
3386 0.0029543280004934035
3502 0.00036332233087023905
3777 0.0004785475402955236
3882 0.005907579671420419
4222 0.00045217938883475555
4223 0.00044451570202655086
4224 0.0005411640668664958
4739 0.002027492797069741
4740 0.0006758309323565803
5223 0.0007881489921597373
5887 0.0007881489921597373
6183 0.000873114324417637
6184 0.0007881489921597373
6185 0.000873114324417637
6186 0.000873114324417637