9 0.00013633301269468968
13 0.000019487324150714776
15 0.0005129759100776286
18 0.0007117482910364039
22 0.0001341735889149772
26 0.00012343399523364164
34 0.00013031629576506
36 0.00012444579405299303
37 0.0004195196388193289
38 0.000011603292496195242
39 0.000009267556912609724
40 0.000006004172593355159
41 0.000007426561074872202
43 0.000020607687896278735
51 0.00004686777384075253
56 0.00006477729821638932
63 0.000007571063735414479
65 0.00007092567588545428
67 0.00004203784642398019
71 0.00012561808978093188
76 0.0004007527960775733
89 0.00028517189836102194
107 0.0002049311356991152
113 0.0002226669674373353
114 0.00021141259586679695
125 0.0002682511308492756
146 0.000264773477364449
151 0.0006719392066499634
161 0.0009775367596641168
177 0.00015160120460271228
179 0.0006172337515594486
180 0.0001136486243970201
196 0.0001675808341520189
227 0.009461633052992125
243 0.000264773477364449
277 0.00019930090227324488
286 0.0005963257347588951
293 0.0003285382939579267
307 0.00045100831818119485
357 0.0003438806748054391
366 0.0010267712619438899
377 0.0003188377153162591
497 0.00035368817101790026
520 0.0009713765260274722
538 0.0005705016212312678
543 0.0003960586369806884
641 0.000393582208037624
649 0.0003960586369806884
662 0.0004408563537610837
683 0.004226464154062275
693 0.00045217938883475555
746 0.0003672140565768559
851 0.0002455711563669373
858 0.0002457554359134993
915 0.00032290148184198857
1095 0.0004120699366150429
1395 0.0001739500102896398
1397 0.00028028741746109395
1446 0.0010786511093059537
1844 0.011489125850061867
1861 0.0007384474589275524
2336 0.00140734118384215
3601 0.0003672140565768559
6087 0.0006037805934374678
6187 0.013096714866264555
6188 0.002619342973252911
6189 0.0007881489921597373
6190 0.000873114324417637
6191 0.000873114324417637