9 0.00010224975952101728
13 0.000019487324150714776
16 0.00015091663305076506
30 0.00022182651134558653
34 0.00008687753051003999
36 0.00008296386270199534
38 0.000008702469372146433
39 0.000013901335368914586
40 0.000012008345186710319
41 0.000018566402687180508
43 0.000020607687896278735
44 0.00013635553537529827
46 0.0006420077905741172
47 0.000586836635014043
48 0.00013154366307515625
49 0.000041620673939093223
51 0.00004686777384075253
55 0.00019400951426952473
56 0.00006477729821638932
57 0.0002501368139214302
63 0.0000037855318677072396
65 0.00003546283794272714
66 0.00018628059697440975
67 0.00008407569284796038
71 0.00025123617956186376
72 0.0008821321961635212
73 0.0003858275493267621
76 0.0005343370614367644
87 0.0011349376067267911
89 0.00009505729945367397
104 0.00016413845014333722
122 0.00018417084982617462
125 0.0002682511308492756
136 0.0005851111081648902
150 0.00035621126149020904
158 0.00028424192373937554
180 0.0001136486243970201
183 0.0006243870952872076
247 0.00026056072380914035
251 0.00022002825322499402
263 0.000467744766116719
277 0.00009965045113662244
352 0.0002958245228348551
396 0.0005758906338193962
399 0.0014846692159883957
520 0.0003237921753424907
573 0.0001652752038556845
669 0.00012589385831905585
851 0.00008185705212231243
858 0.0002457554359134993
898 0.0003014743275909555
1010 0.0015365632554912878
1029 0.0009489977213818717
1235 0.0005258216860189834
1271 0.0007305054994379872
1290 0.0006221866094455775
1321 0.0003271046043571432
1358 0.0014826517057762074
1395 0.0001739500102896398
1403 0.00034552605606704003
2021 0.000499919615209078
5031 0.001099242296882526
6192 0.000873114324417637
6193 0.000873114324417637
6194 0.000873114324417637