9 0.00017041626586836213
13 0.000012991549433809848
21 0.000286106714668853
36 0.00012444579405299303
37 0.00020975981940966445
38 0.000011603292496195242
39 0.000009267556912609724
40 0.00000900625889003274
41 0.000011139841612308305
42 0.000051443803059355216
43 0.000020607687896278735
51 0.0001874710953630101
63 0.000007571063735414479
65 0.00007092567588545428
66 0.00009314029848720488
67 0.00008407569284796038
71 0.00025123617956186376
73 0.00019291377466338104
81 0.00018240709186440708
89 0.00009505729945367397
104 0.00016413845014333722
122 0.00018417084982617462
144 0.0001691423720016671
150 0.00035621126149020904
159 0.0001776836714179443
166 0.0007031836599018376
175 0.0007507780456123224
177 0.00015160120460271228
180 0.0001136486243970201
192 0.0009728597122288095
206 0.0008890314040531017
216 0.0005587052342654505
217 0.0021524569416246984
255 0.00017273030805218352
277 0.00019930090227324488
318 0.0005908656000986806
357 0.002407164723638074
358 0.008687738512749532
367 0.0002673724241223067
368 0.00018686500362842702
401 0.00036220146137676994
437 0.00032153186911851154
460 0.0014063673198036752
495 0.0003753890228061612
537 0.0003960586369806884
538 0.0002852508106156339
546 0.0004120699366150429
565 0.0006534821266696528
573 0.0001652752038556845
672 0.0004942172352587358
693 0.006330511443686579
715 0.0012277557090025085
716 0.0003136207976380542
795 0.0006037805934374678
851 0.0002455711563669373
980 0.0021799339852214346
1037 0.0002709256892452844
1078 0.0004408563537610837
1280 0.00032568748957397626
1395 0.0001739500102896398
1403 0.00034552605606704003
1618 0.00040380304757415875
1631 0.0006758309323565803
1673 0.0007384474589275524
1696 0.0004887683798320584
1753 0.00043730308863810597
1769 0.001999678460836312
2031 0.0007384474589275524
2040 0.0007031836599018376
2883 0.0007881489921597373
4125 0.00914138757872389
4261 0.0005908656000986806
4354 0.0007031836599018376
4592 0.0013069642533393056
4804 0.009461633052992125
4925 0.000499919615209078
5255 0.0007881489921597373
5448 0.000618218327643938
6195 0.011350486217429281
6196 0.000873114324417637
6197 0.0022153423767826575
6198 0.000873114324417637
6199 0.000873114324417637
6200 0.000873114324417637
6201 0.0047288939529584245
6202 0.000873114324417637
6203 0.0007881489921597373
6204 0.000873114324417637