9 0.00013633301269468968
13 0.00003897464830142955
16 0.00015091663305076506
19 0.00013212323419503196
22 0.0002683471778299544
33 0.00011331060825040136
34 0.00008687753051003999
36 0.00024889158810598606
38 0.000005801646248097621
39 0.00002316889228152431
40 0.00000900625889003274
41 0.000018566402687180508
43 0.000020607687896278735
44 0.00013635553537529827
45 0.00012982121229608657
46 0.00045857699326722653
47 0.00040627151654818366
48 0.00013154366307515625
49 0.0001664826957563729
51 0.00009373554768150506
55 0.00009700475713476236
57 0.0001250684069607151
63 0.0000037855318677072396
65 0.00003546283794272714
66 0.0004657014924360244
67 0.00012611353927194057
72 0.0017642643923270424
73 0.0003858275493267621
76 0.00120225838823272
87 0.0013240938745145896
124 0.00009942778247685315
144 0.0023679932080233395
146 0.000529546954728898
159 0.0001776836714179443
160 0.00018023749427928805
177 0.0016676132506298353
180 0.00017047293659553015
226 0.0004098622713982304
230 0.0002958245228348551
243 0.001059093909457796
245 0.000545910268177986
247 0.0018239250666639828
261 0.0002338723830583595
263 0.0002338723830583595
264 0.00021085919057695548
277 0.0005979027068197347
286 0.0001987752449196317
310 0.00048680093312278375
392 0.0002969338431976791
401 0.000905503653441925
445 0.0006937085176890659
464 0.000393582208037624
493 0.00046908078101438134
494 0.003906441704063887
496 0.0002464916487181342
497 0.00035368817101790026
520 0.00016189608767124534
551 0.0002832412727662006
573 0.0001652752038556845
576 0.0003086168757797243
594 0.0003438806748054391
669 0.00012589385831905585
721 0.00044828766312813873
787 0.0009474798040151018
851 0.00008185705212231243
858 0.0002457554359134993
915 0.0006458029636839771
1001 0.00030739717354226806
1007 0.000787164416075248
1026 0.0005411640668664958
1029 0.00023724943034546792
1037 0.0002709256892452844
1060 0.0005705016212312678
1063 0.0010376305223591363
1070 0.0007082030286839478
1085 0.000393582208037624
1101 0.0009293116323667267
1162 0.00030263622314802144
1182 0.0013565381665042668
1208 0.0003541015143419739
1247 0.00046465581618336337
1264 0.00046465581618336337
1395 0.0003479000205792796
1548 0.0011957583896878615
1781 0.000846746172956869
1824 0.0005258216860189834
2655 0.004633460540133083
2693 0.000424038368775366
3470 0.000999839230418156
3502 0.00036332233087023905
3719 0.0004272224195725296
4925 0.000499919615209078
5444 0.0007384474589275524
5448 0.0074186199317272565
5843 0.0007031836599018376
5901 0.0007881489921597373
6108 0.0007384474589275524
6132 0.0007384474589275524
6205 0.000873114324417637
6206 0.000873114324417637
6207 0.004365571622088185
6208 0.000873114324417637
6209 0.000873114324417637
6210 0.000873114324417637
6211 0.000873114324417637
6212 0.000873114324417637
6213 0.000873114324417637
6214 0.000873114324417637