13 0.00003247887358452463
16 0.00015091663305076506
17 0.0003773891517081107
23 0.00022801868959232616
26 0.000370301985700925
29 0.00026649997158873667
34 0.000043438765255019996
35 0.0007775491394993024
36 0.00004148193135099767
38 0.0000029008231240488105
39 0.000009267556912609724
40 0.000012008345186710319
41 0.000011139841612308305
42 0.000051443803059355216
43 0.000008243075158511493
45 0.00025964242459217314
52 0.00014497369525357328
56 0.00012955459643277864
63 0.0000037855318677072396
64 0.00018731984297588175
68 0.0005829699755420034
79 0.001099242296882526
124 0.00009942778247685315
143 0.00032998895069327885
146 0.000264773477364449
159 0.000533051014253833
161 0.0004887683798320584
171 0.0001368611790876869
223 0.0008890314040531017
224 0.001903759442097488
249 0.00038643965984885517
250 0.001484933609402786
252 0.000549621148441263
255 0.00017273030805218352
277 0.00009965045113662244
289 0.0003712334023506965
347 0.0002479774737404859
350 0.002499598076045391
364 0.0006758309323565803
367 0.0002673724241223067
412 0.0005745876846010181
413 0.00048285733368504623
420 0.0015762979843194746
427 0.00044451570202655086
475 0.0005725361401855936
479 0.0020752610447182726
482 0.0006037805934374678
537 0.0007921172739613768
609 0.00043730308863810597
643 0.000505900267840781
708 0.0007191007395373025
709 0.00027274170858643915
780 0.0003775208863403447
803 0.0002597352724507996
864 0.000549621148441263
865 0.0012691729613983254
1029 0.00023724943034546792
1058 0.00044828766312813873
1172 0.0004887683798320584
1330 0.0003960586369806884
1374 0.0005411640668664958
1424 0.0020752610447182726
1486 0.00046465581618336337
1558 0.0006758309323565803
1559 0.000873114324417637
1560 0.0007881489921597373
1561 0.000873114324417637
1562 0.00632865293911654
1563 0.003492457297670548
1564 0.000873114324417637
1565 0.000873114324417637
1566 0.0007384474589275524
1567 0.000873114324417637
1568 0.000873114324417637
1569 0.000873114324417637
1570 0.000873114324417637
1571 0.000873114324417637
1572 0.0007881489921597373
1573 0.0007881489921597373
1574 0.000873114324417637
1575 0.001746228648835274
1576 0.000873114324417637
1577 0.000873114324417637
1578 0.000873114324417637
1579 0.0006758309323565803
1580 0.0005685167944117531
1581 0.004365571622088185
1582 0.0006037805934374678
1583 0.001746228648835274
1584 0.001746228648835274
1585 0.004922285619312864
1586 0.0030201670907227577
1587 0.000873114324417637
1588 0.004430684753565315
1589 0.002619342973252911
1590 0.0015762979843194746
1591 0.0004691137279473833
1592 0.000873114324417637
1593 0.0006758309323565803
1594 0.000549621148441263
1595 0.0007881489921597373
1596 0.0009207087101281216
1597 0.000873114324417637
1598 0.0006037805934374678