9 0.00013633301269468968
13 0.00003247887358452463
26 0.00012343399523364164
27 0.0027000919893425453
30 0.00044365302269117307
34 0.00017375506102007999
38 0.000008702469372146433
39 0.000004633778456304862
40 0.000006004172593355159
41 0.000007426561074872202
43 0.000008243075158511493
51 0.0001406033215222576
56 0.00019433189464916796
63 0.00000567829780156086
65 0.00001773141897136357
66 0.00027942089546161464
113 0.0002226669674373353
123 0.000188234616351904
132 0.0035872751690635848
149 0.0003732936031739842
167 0.0009043587776695111
171 0.0001368611790876869
186 0.0005050923328198371
209 0.0005791825675166354
230 0.0002958245228348551
247 0.00026056072380914035
255 0.00034546061610436703
260 0.0003818991754555788
265 0.0004120699366150429
279 0.00022929556638299245
360 0.00019339166635443979
396 0.0007678541784258615
442 0.0003242865707429365
543 0.0011881759109420651
554 0.0003985861298959538
573 0.0001652752038556845
633 0.00040649720137641123
671 0.0002597352724507996
746 0.0003672140565768559
754 0.0005332529953860384
815 0.0004737399020075509
822 0.007090387201184168
847 0.0004737399020075509
851 0.00016371410424462487
888 0.002023601071363124
905 0.0004942172352587358
940 0.004442105364894139
1119 0.0006037805934374678
1147 0.0006534821266696528
1196 0.0003841483956894837
1580 0.0039796175608822724
1654 0.004726924800789445
1838 0.0007031836599018376
2062 0.0007384474589275524
2067 0.0014768949178551047
3201 0.0005411640668664958
4053 0.0014768949178551047
4797 0.0007031836599018376
5729 0.0007881489921597373
6219 0.004365571622088185
6220 0.000873114324417637
6221 0.0007881489921597373