9 0.00013633301269468968
13 0.000006495774716904924
14 0.00025254616640991854
15 0.0002564879550388143
16 0.00015091663305076506
17 0.00018869457585405535
19 0.0002642464683900639
33 0.00022662121650080273
36 0.00012444579405299303
38 0.000011603292496195242
39 0.000013901335368914586
40 0.00000900625889003274
41 0.000007426561074872202
43 0.00001236461273776724
51 0.00009373554768150506
63 0.0000094638296692681
65 0.00001773141897136357
67 0.00004203784642398019
72 0.0008821321961635212
76 0.0002671685307183822
81 0.0007296283674576283
82 0.0005664825455324013
107 0.0002049311356991152
125 0.0002682511308492756
214 0.0008209797243358649
223 0.0008890314040531017
288 0.00022801868959232616
320 0.0005894503033351281
327 0.0007921172739613768
348 0.0004272224195725296
352 0.0002958245228348551
368 0.00018686500362842702
375 0.00025891534254753946
439 0.0003314569809760339
452 0.0002764565099464942
461 0.0003985861298959538
633 0.00040649720137641123
646 0.0003712334023506965
654 0.001322569061283251
752 0.0009671029243077069
759 0.00035770704084433884
773 0.0006345864806991627
851 0.0002455711563669373
875 0.0003841483956894837
1015 0.0005685167944117531
1162 0.00030263622314802144
1283 0.00033907303651746636
1653 0.0025256096134972884
1981 0.0004942172352587358
2280 0.0006037805934374678
5835 0.0007881489921597373
6222 0.0007881489921597373