9 0.00020449951904203455
13 0.000012991549433809848
16 0.00015091663305076506
19 0.00039636970258509594
26 0.00012343399523364164
27 0.0006750229973356363
33 0.00011331060825040136
34 0.000043438765255019996
36 0.00004148193135099767
38 0.00002030576186834168
39 0.000004633778456304862
40 0.00000900625889003274
41 0.000007426561074872202
43 0.00001236461273776724
47 0.00004514127961646484
49 0.00008324134787818645
51 0.00009373554768150506
55 0.00009700475713476236
56 0.00006477729821638932
60 0.0005145835101134606
63 0.0000189276593385362
66 0.00009314029848720488
67 0.00004203784642398019
72 0.004234234541584902
76 0.0004007527960775733
82 0.0005664825455324013
86 0.0004408563537610837
87 0.0001891562677877985
100 0.0003059416346523785
104 0.00016413845014333722
113 0.00011133348371866765
123 0.000188234616351904
124 0.00009942778247685315
138 0.0003775208863403447
139 0.00028224872431895635
165 0.00022550415909059743
183 0.0006243870952872076
185 0.0010625347393958431
194 0.0007031836599018376
196 0.0003351616683040378
214 0.000273659908111955
245 0.000181970089392662
247 0.00026056072380914035
251 0.00022002825322499402
254 0.0008544448391450592
264 0.00042171838115391097
267 0.0002783569986123394
287 0.0007743025821711785
324 0.0003753890228061612
353 0.0007507780456123224
368 0.00018686500362842702
437 0.0006430637382370231
546 0.0004120699366150429
572 0.00033907303651746636
573 0.0001652752038556845
624 0.0009775367596641168
642 0.0003887745697496512
654 0.002645138122566502
664 0.0009123974692171921
776 0.0005121877518304292
851 0.00032742820848924973
866 0.0004272224195725296
875 0.0003841483956894837
928 0.0008023336741576425
1029 0.00047449886069093585
1297 0.000549621148441263
1300 0.000505900267840781
1301 0.0004942172352587358
1330 0.0003960586369806884
1368 0.0009043587776695111
1696 0.0004887683798320584
1880 0.0005587052342654505
1996 0.0005121877518304292
2670 0.0014768949178551047
2863 0.000618218327643938
3439 0.0006758309323565803
3515 0.005227857013357222
3990 0.0007881489921597373
4131 0.0005685167944117531
4560 0.0006345864806991627
4773 0.0005258216860189834
5005 0.0006534821266696528
5945 0.0023644469764792122
6223 0.0006758309323565803