9 0.00010224975952101728
13 0.000012991549433809848
16 0.00007545831652538253
19 0.00013212323419503196
22 0.00040252076674493167
26 0.00012343399523364164
30 0.0006654795340367597
34 0.00008687753051003999
36 0.00012444579405299303
38 0.000008702469372146433
39 0.000004633778456304862
40 0.00000900625889003274
41 0.000014853122149744404
43 0.000016486150317022987
63 0.000007571063735414479
65 0.00003546283794272714
67 0.00004203784642398019
89 0.00009505729945367397
124 0.00009942778247685315
180 0.00005682431219851005
307 0.00022550415909059743
396 0.0007678541784258615
492 0.0007593809678509275
507 0.0008182251257593176
508 0.0013412556542463782
512 0.0019050751400680264
669 0.00012589385831905585
703 0.0002862680700927968
851 0.00016371410424462487
852 0.0003887745697496512
899 0.00044828766312813873
940 0.004442105364894139
1034 0.00034065472379816113
1187 0.00035770704084433884
1654 0.004726924800789445
1788 0.0004120699366150429
2062 0.0007384474589275524
2346 0.0013448629893844162
3186 0.0014063673198036752
3293 0.0005908656000986806
6034 0.0007384474589275524
6224 0.000873114324417637
6225 0.0014768949178551047
6226 0.000873114324417637
6227 0.0029537898357102094
6228 0.000873114324417637