0 0.00019243773886705868
1 0.0001309668193588762
13 0.000006495774716904924
16 0.00007545831652538253
21 0.0001430533573344265
35 0.0003887745697496512
36 0.00004148193135099767
38 0.000008702469372146433
40 0.0000030020862966775796
41 0.000007426561074872202
51 0.0001406033215222576
56 0.00006477729821638932
63 0.00000567829780156086
65 0.00001773141897136357
74 0.00030499358548289365
89 0.0003802291978146959
104 0.00016413845014333722
113 0.00011133348371866765
122 0.00018417084982617462
123 0.000188234616351904
124 0.00009942778247685315
132 0.0003985861298959538
135 0.00029805329448025724
136 0.0005851111081648902
149 0.0003732936031739842
154 0.0003314569809760339
158 0.0005684838474787511
159 0.000533051014253833
165 0.00045100831818119485
167 0.00045217938883475555
175 0.0011261670684184837
179 0.0003086168757797243
180 0.00005682431219851005
192 0.0003242865707429365
196 0.0001675808341520189
206 0.00044451570202655086
218 0.0005332529953860384
234 0.0005332529953860384
251 0.00022002825322499402
253 0.0002472323099654942
260 0.0003818991754555788
263 0.000467744766116719
265 0.0004120699366150429
270 0.0021573022186119075
277 0.0005979027068197347
297 0.00034888459666376895
300 0.0008241398732300858
368 0.00037373000725685404
391 0.0002774030711249583
401 0.0007244029227535399
457 0.0014681777640884667
461 0.0007971722597919076
475 0.0011450722803711872
508 0.0005365022616985512
545 0.0003985861298959538
555 0.0002457554359134993
575 0.000505900267840781
642 0.0003887745697496512
671 0.0002597352724507996
711 0.0004092519030008361
842 0.0005258216860189834
845 0.00043730308863810597
847 0.0004737399020075509
851 0.00008185705212231243
861 0.0004737399020075509
871 0.0003960586369806884
893 0.0007550417726806894
898 0.0003014743275909555
908 0.0014610109988759743
942 0.0021865154431905303
1037 0.0002709256892452844
1057 0.0004338499289216686
1066 0.000424038368775366
1067 0.0004408563537610837
1141 0.00041790813825628515
1236 0.000549621148441263
1271 0.0003652527497189936
1330 0.004356645006787572
1388 0.0003753890228061612
1412 0.0005188152611795682
1413 0.004979451395414142
1478 0.0014997588456272344
1532 0.0005908656000986806
1539 0.0006758309323565803
1742 0.000499919615209078
1781 0.0011289948972758254
1935 0.001011800535681562
2199 0.0009570950805910472
2507 0.0060378059343746794
2637 0.00043049138832493966
2697 0.0008023336741576425
2700 0.00040380304757415875
2701 0.0004603543550640608
2702 0.00046465581618336337
2703 0.00045217938883475555
2790 0.0007881489921597373
2955 0.0006534821266696528
3018 0.0004408563537610837
3208 0.00034065472379816113
3259 0.0006037805934374678
3431 0.0006758309323565803
3461 0.0007881489921597373
3484 0.0047308165264960626
3933 0.0018113417803124036
4288 0.0013516618647131605
4370 0.0004603543550640608
4371 0.0004785475402955236
4372 0.0004691137279473833
4373 0.00046465581618336337
4374 0.0004737399020075509
4375 0.0004603543550640608
4961 0.0005908656000986806
6215 0.0007031836599018376
6229 0.000873114324417637
6230 0.000873114324417637
6231 0.000873114324417637
6232 0.000873114324417637
6233 0.001746228648835274
6234 0.000873114324417637
6235 0.000873114324417637