9 0.00006816650634734484
13 0.000006495774716904924
19 0.0005284929367801278
26 0.00012343399523364164
34 0.00013031629576506
38 0.000008702469372146433
39 0.000009267556912609724
40 0.000015010431483387899
41 0.00002227968322461661
43 0.00001236461273776724
46 0.0000917153986534453
47 0.00009028255923292969
63 0.000007571063735414479
65 0.00001773141897136357
66 0.00018628059697440975
67 0.00008407569284796038
72 0.00035285287846540845
89 0.00019011459890734794
113 0.00033400045115600295
122 0.0007366833993046985
127 0.00041790813825628515
143 0.00032998895069327885
159 0.000533051014253833
160 0.00018023749427928805
162 0.0004149542829511784
171 0.0001368611790876869
175 0.0007507780456123224
180 0.00005682431219851005
185 0.0021250694787916862
197 0.0002904236905482616
234 0.0005332529953860384
250 0.000742466804701393
294 0.0003985861298959538
347 0.0002479774737404859
367 0.0005347448482446134
368 0.00018686500362842702
391 0.0002774030711249583
475 0.0014313403504639844
476 0.0013685962038257882
477 0.0025383459227966507
507 0.002727417085864392
520 0.0004856882630137361
550 0.00025332444879269114
555 0.0002457554359134993
557 0.0021201918438768304
606 0.003411100766470519
609 0.00043730308863810597
747 0.0005188152611795682
786 0.004038030475741588
790 0.0004887683798320584
810 0.00043730308863810597
851 0.00016371410424462487
911 0.0004120699366150429
957 0.0007384474589275524
1133 0.00048355146215385347
1196 0.0007682967913789674
1300 0.000505900267840781
1321 0.0003271046043571432
1446 0.00035955036976865123
1558 0.0006758309323565803
1788 0.0004120699366150429
2788 0.0007031836599018376
3777 0.0004785475402955236
5797 0.0007881489921597373
6237 0.001746228648835274
6238 0.001746228648835274
6239 0.001746228648835274
6240 0.002619342973252911
6241 0.000873114324417637
6242 0.0007881489921597373