9 0.00013633301269468968
13 0.000012991549433809848
14 0.00025254616640991854
22 0.0005366943556599089
26 0.0004937359809345666
34 0.00013031629576506
36 0.00012444579405299303
38 0.000008702469372146433
39 0.000009267556912609724
40 0.00002101460407674306
41 0.00002227968322461661
43 0.00002472922547553448
49 0.000041620673939093223
51 0.00004686777384075253
59 0.00040158610568973463
63 0.0000037855318677072396
65 0.00001773141897136357
67 0.00004203784642398019
89 0.00019011459890734794
107 0.0006147934070973456
124 0.00009942778247685315
136 0.0002925555540824451
159 0.0001776836714179443
180 0.0001136486243970201
212 0.00040116683707882124
214 0.0016419594486717299
237 0.0010676730645095523
243 0.000264773477364449
267 0.0005567139972246788
275 0.0004120699366150429
277 0.00029895135340986733
287 0.00025810086072372616
308 0.0005258216860189834
320 0.0014736257583378206
341 0.0023634624003947224
353 0.0003753890228061612
375 0.0005178306850950789
391 0.000832209213374875
403 0.004469641874123604
413 0.00024142866684252312
457 0.0005872711056353866
464 0.000393582208037624
520 0.0003237921753424907
534 0.004136059200690765
537 0.0003960586369806884
572 0.0006781460730349327
580 0.0008817127075221674
585 0.0007823096410577976
669 0.0002517877166381117
703 0.0002862680700927968
711 0.0004092519030008361
748 0.0006037805934374678
851 0.00016371410424462487
894 0.0005121877518304292
907 0.0050766918455933015
908 0.0014610109988759743
987 0.0011370335888235062
1493 0.006534821266696528
1494 0.0005188152611795682
1503 0.0005332529953860384
1634 0.001648863445323789
1812 0.0015762979843194746
2260 0.00045619873460859607
2482 0.003379154661782902
2555 0.0014063673198036752
2827 0.0007384474589275524
2891 0.0007881489921597373
3482 0.0007031836599018376
3507 0.0004338499289216686
3598 0.0007881489921597373
3849 0.0015762979843194746
3997 0.0007881489921597373
6215 0.017579591497545944
6253 0.000873114324417637
6254 0.009604257568594007
6255 0.0015762979843194746
6256 0.002619342973252911
6257 0.0007881489921597373
6258 0.001746228648835274
6259 0.000873114324417637
6260 0.000873114324417637
6261 0.0006345864806991627