0 0.00019243773886705868
1 0.0001309668193588762
2 0.00017273030805218352
5 0.0002365665368606119
6 0.0002400196965770493
7 0.000233207996263883
13 0.000025983098867619697
17 0.0003773891517081107
19 0.00013212323419503196
26 0.000370301985700925
28 0.00025332444879269114
30 0.00022182651134558653
34 0.000043438765255019996
36 0.00024889158810598606
38 0.000005801646248097621
39 0.000013901335368914586
40 0.00002101460407674306
41 0.00002227968322461661
42 0.000051443803059355216
43 0.000008243075158511493
45 0.0005192848491843463
46 0.00022928849663361327
47 0.00013542383884939454
51 0.00004686777384075253
52 0.00014497369525357328
55 0.00019400951426952473
56 0.00006477729821638932
58 0.0010983401500430064
59 0.000602379158534602
61 0.00035285287846540845
63 0.0000037855318677072396
67 0.00008407569284796038
78 0.0005685167944117531
82 0.000849723818298602
84 0.0002130879622223576
89 0.00028517189836102194
100 0.00015297081732618925
118 0.0015131811157401073
164 0.0006345864806991627
165 0.00022550415909059743
176 0.0006750229973356363
177 0.0006064048184108491
180 0.00005682431219851005
183 0.0002081290317624025
192 0.0003242865707429365
214 0.000273659908111955
250 0.000742466804701393
252 0.001099242296882526
255 0.00034546061610436703
259 0.0012945767127376974
268 0.00048355146215385347
277 0.0004982522556831122
303 0.0004887683798320584
360 0.00019339166635443979
367 0.0032084690894676805
371 0.0008817127075221674
379 0.0006877613496108782
399 0.0002969338431976791
412 0.0005745876846010181
413 0.00024142866684252312
440 0.0019342058486154139
449 0.00043049138832493966
452 0.0002764565099464942
479 0.0010376305223591363
590 0.0003672140565768559
609 0.00043730308863810597
690 0.0004942172352587358
898 0.0003014743275909555
920 0.0016598171318047137
1196 0.0019207419784474185
1331 0.000549621148441263
1401 0.0007031836599018376
1499 0.000393582208037624
1528 0.0021865154431905303
1599 0.004365571622088185
1600 0.000873114324417637
1601 0.0014768949178551047
1602 0.0014768949178551047
1603 0.00040116683707882124
1604 0.000873114324417637
1605 0.0005587052342654505
1606 0.000873114324417637
1607 0.000873114324417637
1608 0.0005908656000986806
1609 0.0006758309323565803
1610 0.0006758309323565803
1611 0.0007881489921597373
1612 0.0006345864806991627
1613 0.0005332529953860384
1614 0.000873114324417637