9 0.00006816650634734484
13 0.000025983098867619697
28 0.00025332444879269114
34 0.00008687753051003999
36 0.0002074096567549884
38 0.000005801646248097621
39 0.000009267556912609724
40 0.0000030020862966775796
41 0.000007426561074872202
43 0.000008243075158511493
49 0.000041620673939093223
56 0.00019433189464916796
59 0.00020079305284486732
63 0.00000567829780156086
65 0.00001773141897136357
84 0.0002130879622223576
89 0.00009505729945367397
100 0.00015297081732618925
105 0.0003314569809760339
107 0.0002049311356991152
122 0.00018417084982617462
123 0.000188234616351904
124 0.00009942778247685315
139 0.00028224872431895635
150 0.00035621126149020904
160 0.0003604749885585761
165 0.00022550415909059743
171 0.0001368611790876869
179 0.000925850627339173
196 0.0003351616683040378
214 0.001368299540559775
226 0.0002049311356991152
260 0.0003818991754555788
272 0.0014212197060226527
275 0.0004120699366150429
277 0.00029895135340986733
304 0.00026056072380914035
320 0.003536701820010769
327 0.0015842345479227535
346 0.0005908656000986806
377 0.0003188377153162591
445 0.00023123617256302196
467 0.00034552605606704003
549 0.0008076060951483175
607 0.0006758309323565803
641 0.000787164416075248
689 0.00043049138832493966
691 0.0006076184749835032
730 0.006276027283793943
759 0.00035770704084433884
771 0.0026291084300949174
780 0.0003775208863403447
820 0.00046465581618336337
851 0.00008185705212231243
876 0.0011734644615866965
920 0.0008299085659023568
1001 0.00030739717354226806
1138 0.0005791825675166354
1162 0.00030263622314802144
1368 0.00045217938883475555
1503 0.0005332529953860384
1668 0.0005685167944117531
1713 0.0008241398732300858
1767 0.0006534821266696528
1818 0.0007031836599018376
1890 0.0006037805934374678
2537 0.0006037805934374678
3294 0.0007031836599018376
4063 0.0007881489921597373
4774 0.0006758309323565803
6215 0.0021095509797055133
6262 0.005238685946505822
6263 0.0006534821266696528
6264 0.0007881489921597373
6265 0.000873114324417637
6266 0.000873114324417637
6267 0.0007881489921597373
6268 0.000873114324417637