9 0.00017041626586836213
14 0.0005050923328198371
15 0.0005129759100776286
16 0.00022637494957614764
17 0.0005660837275621661
18 0.00023724943034546792
19 0.0002642464683900639
23 0.00022801868959232616
34 0.000043438765255019996
36 0.00016592772540399069
38 0.000005801646248097621
39 0.000004633778456304862
40 0.000012008345186710319
41 0.000011139841612308305
43 0.000016486150317022987
46 0.00004585769932672265
47 0.00004514127961646484
51 0.00009373554768150506
56 0.00006477729821638932
63 0.0000037855318677072396
64 0.00018731984297588175
65 0.00001773141897136357
67 0.00004203784642398019
72 0.00035285287846540845
76 0.0005343370614367644
82 0.0011329650910648025
113 0.00011133348371866765
115 0.0004119757166161532
124 0.00009942778247685315
158 0.00028424192373937554
259 0.0005178306850950789
261 0.0002338723830583595
288 0.00022801868959232616
347 0.0004959549474809718
374 0.000505900267840781
379 0.0003438806748054391
394 0.0004942172352587358
461 0.0015943445195838151
520 0.0004856882630137361
550 0.00025332444879269114
633 0.0008129944027528225
686 0.0031128915670774093
698 0.0008890314040531017
851 0.00008185705212231243
928 0.002808167859551749
993 0.00043049138832493966
1062 0.00025810086072372616
1153 0.0004120699366150429
1154 0.0007921172739613768
2063 0.00040116683707882124
2178 0.0006534821266696528
2631 0.005768979112610601
6056 0.0014768949178551047
6222 0.0007881489921597373
6275 0.000873114324417637
6276 0.000873114324417637
6277 0.000873114324417637
6278 0.000873114324417637
6279 0.000873114324417637
6280 0.000873114324417637
6281 0.000873114324417637
6282 0.000873114324417637
6283 0.000873114324417637
6284 0.002619342973252911
6285 0.000873114324417637
6286 0.000873114324417637
6287 0.000873114324417637
6288 0.000873114324417637
6289 0.000873114324417637
6290 0.000873114324417637
6291 0.000873114324417637
6292 0.003492457297670548
6293 0.002619342973252911
6294 0.000873114324417637
6295 0.000873114324417637