13 0.000019487324150714776
16 0.00007545831652538253
17 0.0013208620309783875
18 0.003795990885527487
21 0.0001430533573344265
34 0.00017375506102007999
36 0.00012444579405299303
38 0.000017404938744292866
39 0.000018535113825219447
40 0.000012008345186710319
41 0.000007426561074872202
43 0.000020607687896278735
51 0.0001406033215222576
52 0.00014497369525357328
55 0.00048502378567381193
63 0.0000094638296692681
65 0.00010638851382818144
66 0.00009314029848720488
67 0.00016815138569592077
69 0.00023724943034546792
71 0.00012561808978093188
72 0.0005292793176981127
76 0.0004007527960775733
87 0.0005674688033633956
89 0.00019011459890734794
97 0.00023454039050719067
99 0.0006542092087142864
102 0.0005066488975853823
104 0.0009848307008600234
113 0.00011133348371866765
177 0.00030320240920542457
180 0.00005682431219851005
186 0.00025254616640991854
245 0.000181970089392662
249 0.0007728793196977103
253 0.0002472323099654942
264 0.00021085919057695548
390 0.000618218327643938
392 0.0011877353727907164
401 0.001267705114818695
413 0.00024142866684252312
550 0.00025332444879269114
551 0.0005664825455324013
648 0.0009605321716409287
671 0.0005194705449015992
689 0.00043049138832493966
691 0.0003038092374917516
717 0.000393582208037624
772 0.0002597352724507996
780 0.0003775208863403447
803 0.0002597352724507996
851 0.00032742820848924973
1084 0.00036920725599727517
1101 0.00046465581618336337
1107 0.0004272224195725296
1240 0.0011817312001973612
1283 0.00033907303651746636
1395 0.0003479000205792796
1396 0.00036920725599727517
1450 0.001302749958295905
6296 0.000873114324417637