9 0.00013633301269468968
13 0.000006495774716904924
16 0.00007545831652538253
17 0.0024530294861027195
19 0.00013212323419503196
22 0.0001341735889149772
23 0.001140093447961631
33 0.00011331060825040136
34 0.000043438765255019996
36 0.00012444579405299303
37 0.00020975981940966445
38 0.000014504115620244055
39 0.000009267556912609724
40 0.000006004172593355159
41 0.000014853122149744404
42 0.000051443803059355216
43 0.000008243075158511493
45 0.00012982121229608657
49 0.00012486202181727967
51 0.00004686777384075253
56 0.00019433189464916796
57 0.0001250684069607151
60 0.0002572917550567303
63 0.0000094638296692681
65 0.00010638851382818144
66 0.00009314029848720488
67 0.00004203784642398019
69 0.00023724943034546792
71 0.00012561808978093188
81 0.0016416638267796638
84 0.0002130879622223576
180 0.00005682431219851005
187 0.0037327709677022693
245 0.000181970089392662
253 0.0002472323099654942
276 0.0021330119815441534
277 0.00019930090227324488
379 0.0003438806748054391
401 0.00018110073068838497
520 0.0003237921753424907
851 0.00032742820848924973
1001 0.00030739717354226806
1029 0.0007117482910364039
1036 0.0011198808095219527
1156 0.0005188152611795682
1358 0.0004942172352587358
1528 0.00043730308863810597
1591 0.00140734118384215
1781 0.00028224872431895635
1827 0.00041790813825628515
1886 0.0009570950805910472
2574 0.0011583651350332708
3101 0.0007881489921597373
3208 0.00034065472379816113
3315 0.0018087175553390222
3601 0.0007344281131537118
3713 0.002234820937061802
4120 0.0005685167944117531
4794 0.000618218327643938
5691 0.0036922372946377622