9 0.00006816650634734484
12 0.0005129759100776286
13 0.00003247887358452463
14 0.00025254616640991854
15 0.0010259518201552573
16 0.00007545831652538253
21 0.0001430533573344265
22 0.0001341735889149772
26 0.00012343399523364164
33 0.00022662121650080273
34 0.00017375506102007999
36 0.0003733373821589791
38 0.000011603292496195242
39 0.000013901335368914586
40 0.000006004172593355159
41 0.000007426561074872202
42 0.00010288760611871043
43 0.00001236461273776724
48 0.00013154366307515625
49 0.000041620673939093223
51 0.00009373554768150506
63 0.000007571063735414479
65 0.00003546283794272714
67 0.00016815138569592077
69 0.00047449886069093585
71 0.0005024723591237275
97 0.00023454039050719067
100 0.000611883269304757
107 0.0002049311356991152
160 0.00018023749427928805
177 0.00015160120460271228
193 0.0005872711056353866
222 0.0003841483956894837
245 0.000181970089392662
251 0.00022002825322499402
263 0.000467744766116719
264 0.00042171838115391097
271 0.0005983661268631681
274 0.004629944052564503
279 0.00022929556638299245
286 0.0001987752449196317
310 0.00016226697770759457
360 0.0005801749990633194
391 0.0013870153556247917
396 0.00038392708921293077
401 0.00018110073068838497
475 0.0014313403504639844
572 0.00033907303651746636
649 0.0003960586369806884
715 0.0016370076120033445
770 0.0028712852417731418
782 0.00036142184220439385
851 0.0002455711563669373
875 0.0007682967913789674
1082 0.00043730308863810597
1176 0.0023927377014776184
1290 0.00031109330472278875
1321 0.0013084184174285728
1397 0.0016817245047665637
1486 0.00046465581618336337
1488 0.001903759442097488
1781 0.00028224872431895635
2879 0.004922285619312864
4236 0.0004942172352587358
4904 0.000618218327643938
6297 0.0007384474589275524