9 0.0003749157849103967
13 0.00003247887358452463
22 0.0001341735889149772
30 0.0006654795340367597
33 0.00011331060825040136
34 0.00008687753051003999
36 0.00008296386270199534
38 0.000005801646248097621
39 0.000013901335368914586
40 0.00000900625889003274
41 0.000011139841612308305
42 0.000051443803059355216
43 0.00002472922547553448
44 0.00013635553537529827
45 0.00012982121229608657
51 0.00004686777384075253
55 0.00029101427140428715
56 0.00006477729821638932
57 0.0001250684069607151
60 0.0005145835101134606
63 0.0000037855318677072396
65 0.00007092567588545428
66 0.00018628059697440975
67 0.00008407569284796038
71 0.00012561808978093188
72 0.0010585586353962255
73 0.00019291377466338104
76 0.0005343370614367644
81 0.00018240709186440708
87 0.0034048128201803734
102 0.00025332444879269114
104 0.0009848307008600234
113 0.00011133348371866765
136 0.0011702222163297803
144 0.0008457118600083356
171 0.0001368611790876869
177 0.0009096072276162738
180 0.0001136486243970201
245 0.000181970089392662
253 0.0002472323099654942
255 0.00017273030805218352
263 0.000467744766116719
289 0.000742466804701393
439 0.0003314569809760339
468 0.0009408623929141627
576 0.000925850627339173
671 0.0020778821796063967
851 0.00008185705212231243
858 0.0002457554359134993
1034 0.0017032736189908058
1037 0.0002709256892452844
1395 0.0003479000205792796
1702 0.004945746621151504
4337 0.001117410468530901