9 0.00017041626586836213
10 0.007505819647158133
13 0.000025983098867619697
22 0.00040252076674493167
26 0.00012343399523364164
33 0.00022662121650080273
34 0.00017375506102007999
36 0.00016592772540399069
38 0.000008702469372146433
39 0.000037070227650438894
40 0.00000900625889003274
41 0.000014853122149744404
42 0.000051443803059355216
43 0.000020607687896278735
44 0.00020453330306294742
48 0.00013154366307515625
49 0.000041620673939093223
51 0.0001406033215222576
52 0.00028994739050714656
56 0.00006477729821638932
57 0.0001250684069607151
63 0.0000037855318677072396
65 0.00003546283794272714
66 0.00018628059697440975
67 0.00025222707854388114
69 0.00047449886069093585
71 0.00012561808978093188
84 0.0002130879622223576
89 0.00009505729945367397
100 0.000611883269304757
113 0.00011133348371866765
161 0.007820294077312934
177 0.00030320240920542457
185 0.0002656336848489608
186 0.0005050923328198371
225 0.00042093493558288133
226 0.0002049311356991152
230 0.0002958245228348551
253 0.0002472323099654942
255 0.00017273030805218352
263 0.0002338723830583595
277 0.0005979027068197347
289 0.001484933609402786
293 0.0003285382939579267
294 0.0003985861298959538
318 0.001772596800296042
365 0.0008544448391450592
368 0.00018686500362842702
468 0.00219534558346638
497 0.00035368817101790026
533 0.0004785475402955236
550 0.00025332444879269114
717 0.000393582208037624
779 0.00030263622314802144
851 0.00008185705212231243
915 0.001614507409209943
1024 0.000505900267840781
1280 0.001302749958295905
1310 0.005449834963053586
1421 0.004054985594139482
1468 0.0008241398732300858
1898 0.007615037768389952
2196 0.0005908656000986806
2269 0.00698045128769079
2538 0.0015762979843194746
2539 0.0007881489921597373
3143 0.0006534821266696528
3549 0.0005791825675166354
4328 0.0007384474589275524
4795 0.0006758309323565803
5554 0.0007881489921597373
6299 0.000873114324417637
6300 0.001746228648835274
6301 0.000873114324417637
6302 0.0007881489921597373