2 0.00017273030805218352
9 0.00020449951904203455
12 0.000769463865116443
13 0.000012991549433809848
22 0.0002683471778299544
23 0.0015961308271462834
26 0.00012343399523364164
33 0.00022662121650080273
34 0.000043438765255019996
36 0.00024889158810598606
38 0.000008702469372146433
39 0.000018535113825219447
40 0.00002101460407674306
41 0.000007426561074872202
42 0.00010288760611871043
43 0.000008243075158511493
44 0.00013635553537529827
46 0.0003210038952870586
47 0.00031598895731525394
49 0.000041620673939093223
52 0.00014497369525357328
63 0.00000567829780156086
65 0.00003546283794272714
66 0.0005588417909232293
67 0.00004203784642398019
69 0.00023724943034546792
99 0.0003271046043571432
105 0.0003314569809760339
107 0.0002049311356991152
113 0.00011133348371866765
123 0.000188234616351904
124 0.00009942778247685315
160 0.00018023749427928805
171 0.0001368611790876869
185 0.0002656336848489608
214 0.000273659908111955
218 0.0005332529953860384
251 0.00022002825322499402
270 0.0007191007395373025
271 0.0011967322537263362
274 0.003183086536138096
283 0.0008358162765125703
288 0.00045603737918465233
307 0.00045100831818119485
320 0.0008841754550026923
328 0.0005587052342654505
336 0.0014768949178551047
353 0.0007507780456123224
356 0.001625988805505645
357 0.0003438806748054391
360 0.00019339166635443979
368 0.00018686500362842702
461 0.0003985861298959538
538 0.0002852508106156339
550 0.00025332444879269114
606 0.0005685167944117531
614 0.0005121877518304292
693 0.0031652557218432896
717 0.000393582208037624
772 0.0005194705449015992
851 0.00008185705212231243
1060 0.0002852508106156339
1068 0.0004887683798320584
1397 0.0008408622523832819
1876 0.0013069642533393056
2063 0.0008023336741576425
2152 0.0004942172352587358
3208 0.0006813094475963223
4120 0.0005685167944117531
4337 0.0033522314055927033
4853 0.0006534821266696528
5054 0.0007384474589275524
6303 0.0007881489921597373
6304 0.0007881489921597373