0 0.00019243773886705868
1 0.0001309668193588762
2 0.00017273030805218352
5 0.0002365665368606119
6 0.0002400196965770493
7 0.000233207996263883
8 0.00028224872431895635
9 0.00010224975952101728
13 0.000006495774716904924
16 0.00007545831652538253
19 0.0002642464683900639
20 0.0012324582435906714
21 0.0001430533573344265
22 0.0001341735889149772
34 0.000043438765255019996
36 0.00012444579405299303
38 0.000008702469372146433
39 0.000009267556912609724
40 0.000012008345186710319
41 0.000014853122149744404
42 0.00015433140917806565
43 0.000020607687896278735
44 0.00013635553537529827
45 0.00012982121229608657
46 0.00022928849663361327
47 0.00027084767769878907
48 0.00013154366307515625
49 0.00008324134787818645
51 0.00004686777384075253
52 0.00028994739050714656
55 0.0009700475713476239
56 0.00012955459643277864
57 0.0001250684069607151
58 0.0005491700750215032
59 0.000602379158534602
60 0.0002572917550567303
61 0.00035285287846540845
63 0.0000037855318677072396
64 0.00018731984297588175
65 0.00003546283794272714
66 0.00027942089546161464
67 0.00004203784642398019
76 0.0002671685307183822
81 0.0016416638267796638
82 0.0014162063638310035
85 0.00048714592340005404
87 0.0011349376067267911
89 0.00009505729945367397
90 0.000499919615209078
101 0.0017375477025499064
104 0.00032827690028667443
114 0.00021141259586679695
124 0.00009942778247685315
150 0.00017810563074510452
154 0.0003314569809760339
177 0.0004548036138081369
279 0.00022929556638299245
429 0.0005258216860189834
430 0.00022365154352182467
438 0.0017977518488432563
452 0.0002764565099464942
497 0.00017684408550895013
646 0.0003712334023506965
650 0.000549621148441263
664 0.0009123974692171921
670 0.0003329428059983855
858 0.000737266307740498
868 0.0002709256892452844
1029 0.00047449886069093585
1058 0.0013448629893844162
1062 0.00025810086072372616
1264 0.00046465581618336337
1271 0.0003652527497189936
1276 0.00048355146215385347
1615 0.000873114324417637
1616 0.0005685167944117531
1617 0.0006345864806991627
1618 0.00040380304757415875
1619 0.0014768949178551047
1620 0.0005685167944117531
1621 0.0004338499289216686