9 0.00006816650634734484
12 0.0002564879550388143
13 0.000006495774716904924
18 0.00047449886069093585
36 0.00008296386270199534
38 0.000005801646248097621
39 0.000013901335368914586
40 0.000006004172593355159
41 0.000007426561074872202
42 0.000051443803059355216
43 0.000008243075158511493
44 0.00013635553537529827
46 0.0001834307973068906
47 0.00018056511846585937
51 0.00004686777384075253
56 0.00012955459643277864
63 0.0000037855318677072396
65 0.00001773141897136357
66 0.00009314029848720488
67 0.00004203784642398019
84 0.0002130879622223576
113 0.0002226669674373353
123 0.000188234616351904
144 0.0003382847440033342
160 0.00018023749427928805
165 0.00022550415909059743
185 0.0002656336848489608
186 0.00025254616640991854
226 0.0002049311356991152
254 0.0004272224195725296
255 0.00017273030805218352
277 0.00009965045113662244
304 0.00026056072380914035
368 0.00018686500362842702
452 0.0005529130198929884
551 0.0002832412727662006
638 0.00040116683707882124
639 0.0005587052342654505
665 0.0009775367596641168
711 0.0004092519030008361
782 0.00036142184220439385
851 0.00008185705212231243
1235 0.0005258216860189834
1246 0.000618218327643938
1586 0.0003775208863403447
1953 0.0005411640668664958
2196 0.0005908656000986806
2527 0.00457437488668757
2842 0.0022153423767826575
3055 0.0006534821266696528
3778 0.004430684753565315
4201 0.0004691137279473833
4279 0.0014063673198036752
4344 0.0013069642533393056
6305 0.001903759442097488
6306 0.004219101959411027
6307 0.0007384474589275524
6308 0.002619342973252911
6309 0.000873114324417637
6310 0.0007384474589275524
6311 0.0007881489921597373