1 0.0002619336387177524
9 0.00010224975952101728
13 0.000025983098867619697
17 0.00018869457585405535
18 0.00047449886069093585
21 0.0004291600720032795
26 0.00012343399523364164
34 0.00008687753051003999
36 0.00016592772540399069
38 0.000014504115620244055
39 0.000013901335368914586
40 0.00000900625889003274
41 0.000011139841612308305
43 0.000016486150317022987
46 0.00004585769932672265
51 0.00004686777384075253
56 0.0003886637892983359
63 0.0000094638296692681
65 0.00003546283794272714
67 0.00004203784642398019
89 0.00019011459890734794
97 0.00023454039050719067
100 0.000611883269304757
114 0.00021141259586679695
122 0.00018417084982617462
123 0.000188234616351904
130 0.00027274170858643915
139 0.0005644974486379127
144 0.0010148542320100027
171 0.00041058353726306076
180 0.00005682431219851005
226 0.0002049311356991152
245 0.000181970089392662
255 0.00017273030805218352
267 0.0002783569986123394
360 0.00019339166635443979
379 0.0003438806748054391
411 0.00044608035070850863
461 0.0003985861298959538
491 0.0015554665236139438
492 0.007973500162434739
506 0.0005983661268631681
507 0.00027274170858643915
508 0.0002682511308492756
555 0.0002457554359134993
625 0.0024177573107692675
628 0.0038684116972308277
629 0.002842583972058766
648 0.0006403547810939524
669 0.00012589385831905585
693 0.00045217938883475555
703 0.0002862680700927968
709 0.0010909668343457566
730 0.00044828766312813873
753 0.0008350709958370184
788 0.0004149542829511784
851 0.0002455711563669373
863 0.002215243535983651
866 0.0004272224195725296
915 0.0009687044455259658
1007 0.001574328832150496
1037 0.0002709256892452844
1060 0.0002852508106156339
1107 0.0029905569370077077
1321 0.0003271046043571432
1328 0.005311522715129609
1368 0.00045217938883475555
1410 0.0005685167944117531
1504 0.0010665059907720767
1529 0.0007637983509111575
1705 0.0004149542829511784
1890 0.0006037805934374678
2366 0.002507448829537711
2367 0.0019604463800089586
2427 0.0005332529953860384
3873 0.0011370335888235062
3928 0.0007507780456123224
4869 0.003910936639858155
6091 0.0007384474589275524
6305 0.0006345864806991627
6312 0.0007881489921597373
6313 0.0007881489921597373
6314 0.0023644469764792122
6315 0.000873114324417637