1 0.0002619336387177524
13 0.000019487324150714776
21 0.0004291600720032795
34 0.00008687753051003999
36 0.00012444579405299303
38 0.000008702469372146433
39 0.000013901335368914586
40 0.0000030020862966775796
41 0.000003713280537436101
43 0.000008243075158511493
51 0.00004686777384075253
56 0.0003886637892983359
63 0.000007571063735414479
65 0.00003546283794272714
89 0.00019011459890734794
97 0.00023454039050719067
100 0.000611883269304757
113 0.00011133348371866765
114 0.00021141259586679695
122 0.00018417084982617462
123 0.000188234616351904
130 0.00027274170858643915
139 0.00028224872431895635
144 0.0010148542320100027
171 0.00041058353726306076
180 0.00005682431219851005
226 0.0002049311356991152
245 0.000181970089392662
255 0.00017273030805218352
360 0.00019339166635443979
379 0.0003438806748054391
411 0.00044608035070850863
461 0.0003985861298959538
491 0.001244373218891155
492 0.00607504774280742
507 0.00027274170858643915
508 0.0002682511308492756
625 0.0019342058486154139
628 0.0019342058486154139
629 0.0022740671776470124
648 0.0006403547810939524
693 0.00045217938883475555
703 0.0002862680700927968
709 0.0010909668343457566
730 0.00044828766312813873
753 0.0002783569986123394
851 0.00016371410424462487
863 0.0014768290239891007
866 0.0004272224195725296
915 0.00032290148184198857
1007 0.001574328832150496
1037 0.0002709256892452844
1060 0.0002852508106156339
1107 0.0029905569370077077
1328 0.004249218172103687
1368 0.00045217938883475555
1410 0.0005685167944117531
1479 0.00038643965984885517
1504 0.0010665059907720767
1529 0.0007637983509111575
1890 0.0006037805934374678
2366 0.0016716325530251406
2367 0.0019604463800089586
2427 0.0005332529953860384
3873 0.0011370335888235062
3928 0.0007507780456123224
4869 0.002234820937061802
6305 0.0006345864806991627
6312 0.0007881489921597373
6313 0.0007881489921597373
6314 0.0023644469764792122