9 0.00017041626586836213
13 0.00003897464830142955
17 0.0003773891517081107
21 0.0007152667866721326
26 0.00012343399523364164
30 0.00022182651134558653
34 0.00013031629576506
36 0.00008296386270199534
37 0.0004195196388193289
38 0.000005801646248097621
39 0.000013901335368914586
40 0.00000900625889003274
41 0.000011139841612308305
42 0.000051443803059355216
43 0.000020607687896278735
44 0.00013635553537529827
46 0.0003210038952870586
47 0.00031598895731525394
48 0.00013154366307515625
49 0.000041620673939093223
51 0.00009373554768150506
55 0.00019400951426952473
56 0.00012955459643277864
57 0.0002501368139214302
63 0.0000037855318677072396
64 0.00018731984297588175
65 0.00001773141897136357
66 0.00018628059697440975
67 0.00004203784642398019
71 0.00012561808978093188
97 0.00023454039050719067
107 0.0002049311356991152
123 0.000188234616351904
124 0.00009942778247685315
135 0.0014902664724012863
136 0.0008776666622473353
139 0.00028224872431895635
149 0.0007465872063479684
180 0.00017047293659553015
192 0.0003242865707429365
214 0.0008209797243358649
246 0.0008129944027528225
255 0.00017273030805218352
261 0.000467744766116719
279 0.0006878866991489774
287 0.00025810086072372616
320 0.0005894503033351281
327 0.006732996828671704
348 0.0012816672587175888
396 0.000959817723032327
399 0.0020785369023837543
476 0.00045619873460859607
550 0.00025332444879269114
551 0.000849723818298602
573 0.0001652752038556845
642 0.0003887745697496512
666 0.0006513749791479525
669 0.00012589385831905585
671 0.0002597352724507996
708 0.00035955036976865123
851 0.00008185705212231243
899 0.00044828766312813873
1486 0.0009293116323667267
1668 0.0005685167944117531
2085 0.0003672140565768559
2516 0.0014768949178551047
2590 0.0014063673198036752
2973 0.0006534821266696528
4126 0.0007881489921597373
4204 0.0009123974692171921
6305 0.0025383459227966507
6316 0.0015762979843194746
6317 0.0023644469764792122
6318 0.000873114324417637
6319 0.007858028919758734
6320 0.015716057839517468
6321 0.011350486217429281
6322 0.0031525959686389492