9 0.00010224975952101728
13 0.00003247887358452463
16 0.00015091663305076506
17 0.0011321674551243322
18 0.00047449886069093585
19 0.00013212323419503196
21 0.000286106714668853
23 0.001140093447961631
26 0.00012343399523364164
33 0.00011331060825040136
36 0.00008296386270199534
38 0.000005801646248097621
39 0.000009267556912609724
40 0.00000900625889003274
41 0.000011139841612308305
42 0.000051443803059355216
43 0.000016486150317022987
44 0.00013635553537529827
46 0.00027514619596033594
47 0.00027084767769878907
51 0.0001406033215222576
52 0.00014497369525357328
55 0.00009700475713476236
56 0.0002591091928655573
57 0.0001250684069607151
63 0.0000037855318677072396
65 0.00001773141897136357
67 0.00004203784642398019
71 0.00012561808978093188
88 0.0004974543902408237
89 0.00019011459890734794
102 0.0005066488975853823
104 0.0004924153504300117
115 0.0002059878583080766
124 0.00009942778247685315
150 0.0005343168922353136
159 0.000533051014253833
171 0.0001368611790876869
177 0.0004548036138081369
180 0.00005682431219851005
245 0.000181970089392662
258 0.0007921172739613768
259 0.0005178306850950789
264 0.00021085919057695548
286 0.0001987752449196317
307 0.00022550415909059743
396 0.00038392708921293077
399 0.0017816030591860748
401 0.00108660438413031
455 0.00041790813825628515
494 0.0009766104260159718
497 0.0005305322565268504
520 0.00016189608767124534
551 0.0002832412727662006
573 0.0001652752038556845
669 0.00012589385831905585
741 0.0007046755127604127
851 0.00008185705212231243
1028 0.0010623045430259218
1029 0.00023724943034546792
1173 0.0012537244147688554
1435 0.000618218327643938
1511 0.0004408563537610837
3601 0.0003672140565768559
3713 0.0005587052342654505
4236 0.0004942172352587358
4252 0.0006534821266696528
4867 0.0007384474589275524
4925 0.000499919615209078
5612 0.0007881489921597373
6305 0.0006345864806991627
6323 0.000873114324417637
6324 0.000873114324417637
6325 0.000873114324417637
6326 0.001746228648835274