1 0.0001309668193588762
9 0.00017041626586836213
13 0.000045470423018334476
28 0.00025332444879269114
33 0.00011331060825040136
34 0.000043438765255019996
36 0.00004148193135099767
38 0.000005801646248097621
39 0.000009267556912609724
40 0.000006004172593355159
41 0.000007426561074872202
42 0.000051443803059355216
43 0.000016486150317022987
44 0.00013635553537529827
46 0.00013757309798016797
47 0.00013542383884939454
51 0.00004686777384075253
55 0.00009700475713476236
56 0.00006477729821638932
63 0.00000567829780156086
65 0.00003546283794272714
81 0.0005472212755932213
97 0.00023454039050719067
100 0.00015297081732618925
104 0.00032827690028667443
114 0.00021141259586679695
123 0.000188234616351904
124 0.00009942778247685315
130 0.00027274170858643915
138 0.0003775208863403447
144 0.0003382847440033342
180 0.00005682431219851005
245 0.000181970089392662
278 0.0003775208863403447
377 0.0003188377153162591
411 0.00044608035070850863
520 0.0003237921753424907
624 0.0004887683798320584
788 0.0020747714147558924
851 0.00008185705212231243
1070 0.0003541015143419739
1141 0.00041790813825628515
1162 0.0006052724462960429
1198 0.0008890314040531017
1300 0.000505900267840781
1396 0.0007384145119945503
1894 0.000549621148441263
6305 0.0012691729613983254
6327 0.000873114324417637
6328 0.000873114324417637