9 0.00010224975952101728
13 0.000006495774716904924
16 0.00007545831652538253
34 0.00008687753051003999
38 0.000005801646248097621
39 0.000013901335368914586
40 0.000006004172593355159
41 0.000007426561074872202
42 0.00010288760611871043
43 0.000020607687896278735
44 0.00013635553537529827
46 0.0003668615946137812
47 0.00036113023693171874
51 0.00009373554768150506
63 0.0000037855318677072396
65 0.00001773141897136357
67 0.00004203784642398019
69 0.00023724943034546792
70 0.00035233775638020634
89 0.00019011459890734794
122 0.00018417084982617462
124 0.00009942778247685315
180 0.00005682431219851005
210 0.0003201773905469762
264 0.00021085919057695548
277 0.00009965045113662244
392 0.0005938676863953582
551 0.0002832412727662006
573 0.0001652752038556845
770 0.0004785475402955236
851 0.00008185705212231243
879 0.0002958245228348551
1450 0.0006513749791479525
1788 0.0008241398732300858
2693 0.000424038368775366
4137 0.00048355146215385347
4194 0.0005908656000986806
6305 0.0006345864806991627
6316 0.0015762979843194746
6329 0.000873114324417637
6330 0.000873114324417637
6331 0.000873114324417637
6332 0.000873114324417637
6333 0.001746228648835274