9 0.00006816650634734484
13 0.000019487324150714776
16 0.0006036665322030603
17 0.0018869457585405536
18 0.0009489977213818717
19 0.000924862639365224
21 0.0001430533573344265
23 0.00022801868959232616
29 0.0005329999431774733
34 0.000043438765255019996
36 0.00012444579405299303
38 0.000005801646248097621
39 0.000018535113825219447
40 0.000015010431483387899
41 0.000025992963762052712
42 0.000051443803059355216
43 0.000016486150317022987
44 0.00020453330306294742
46 0.0004127192939405039
47 0.00040627151654818366
49 0.00020810336969546614
55 0.00019400951426952473
56 0.00019433189464916796
57 0.0003752052208821453
63 0.00000567829780156086
65 0.00001773141897136357
66 0.00009314029848720488
67 0.00012611353927194057
71 0.00025123617956186376
81 0.0038305489291525488
89 0.00009505729945367397
102 0.0007599733463780734
114 0.0006342377876003909
115 0.0004119757166161532
124 0.00009942778247685315
135 0.00029805329448025724
143 0.0026399116055462308
150 0.00035621126149020904
177 0.00030320240920542457
180 0.00005682431219851005
184 0.00040649720137641123
186 0.00025254616640991854
187 0.011198312903106807
196 0.0001675808341520189
226 0.0002049311356991152
234 0.0005332529953860384
237 0.0007117820430063682
242 0.0005908656000986806
249 0.0030915172787908413
260 0.0007637983509111575
263 0.0007016171491750785
286 0.0001987752449196317
296 0.0004887683798320584
298 0.0005908656000986806
307 0.0009020166363623897
360 0.00019339166635443979
367 0.0002673724241223067
379 0.00412656809766527
391 0.0013870153556247917
392 0.0002969338431976791
401 0.00036220146137676994
413 0.00024142866684252312
416 0.00031109330472278875
452 0.0002764565099464942
475 0.0028626807009279687
493 0.00046908078101438134
494 0.0007812883408127773
498 0.0003558910215031841
520 0.00016189608767124534
572 0.00033907303651746636
633 0.00040649720137641123
641 0.000393582208037624
669 0.0003776815749571676
703 0.0002862680700927968
708 0.00035955036976865123
753 0.0002783569986123394
760 0.0021201918438768304
779 0.0009079086694440643
811 0.0009043587776695111
851 0.00008185705212231243
858 0.002703309795048493
1036 0.0003732936031739842
1093 0.00036920725599727517
1283 0.0013562921460698654
1413 0.0012448628488535354
1436 0.00048355146215385347
1450 0.00032568748957397626
1511 0.0004408563537610837
1522 0.0005188152611795682
1523 0.0005188152611795682
1591 0.0004691137279473833
1742 0.000499919615209078
1803 0.0004942172352587358
2063 0.00040116683707882124
2876 0.0006037805934374678
3092 0.0008676998578433372
3125 0.0018546549829318141
4432 0.0025383459227966507
6087 0.0006037805934374678