2 0.00017273030805218352
9 0.00020449951904203455
13 0.00008444507131976401
16 0.00015091663305076506
17 0.0003773891517081107
18 0.00047449886069093585
22 0.0002683471778299544
23 0.00045603737918465233
29 0.001865499801121157
33 0.00011331060825040136
34 0.00008687753051003999
36 0.0002074096567549884
38 0.000005801646248097621
39 0.000013901335368914586
40 0.000015010431483387899
41 0.000029706244299488808
42 0.000051443803059355216
43 0.000016486150317022987
44 0.00020453330306294742
46 0.0003668615946137812
47 0.00036113023693171874
49 0.000041620673939093223
51 0.00004686777384075253
56 0.00006477729821638932
63 0.000007571063735414479
65 0.00005319425691409072
66 0.0003725611939488195
67 0.00008407569284796038
69 0.00023724943034546792
71 0.00012561808978093188
74 0.0015249679274144685
76 0.0006679213267959556
89 0.00009505729945367397
100 0.00015297081732618925
113 0.00011133348371866765
114 0.00021141259586679695
122 0.00036834169965234924
150 0.00017810563074510452
151 0.0003359696033249817
160 0.00018023749427928805
180 0.0001136486243970201
183 0.0012487741905744152
226 0.0004098622713982304
230 0.0008874735685045654
255 0.00017273030805218352
259 0.0007767460276426184
264 0.00021085919057695548
292 0.0002914849877710017
310 0.0006490679108303783
360 0.00038678333270887957
368 0.00018686500362842702
392 0.0005938676863953582
401 0.00108660438413031
413 0.00024142866684252312
467 0.00034552605606704003
496 0.0004929832974362684
590 0.0003672140565768559
638 0.00040116683707882124
666 0.00032568748957397626
689 0.00043049138832493966
743 0.000999839230418156
779 0.00030263622314802144
780 0.007927938613147239
851 0.00008185705212231243
854 0.0010516433720379667
863 0.0036920725599727524
873 0.00037969048392546374
920 0.0004149542829511784
1029 0.00023724943034546792
1070 0.0007082030286839478
1085 0.000787164416075248
1101 0.00046465581618336337
1139 0.0005908656000986806
1173 0.0029253569677939965
1328 0.004957421200787636
1388 0.0003753890228061612
1519 0.004181902345650271
5779 0.0014063673198036752
6334 0.000873114324417637
6335 0.000873114324417637