1 0.0001309668193588762
2 0.00017273030805218352
9 0.00017041626586836213
13 0.00003247887358452463
16 0.00015091663305076506
30 0.00022182651134558653
33 0.00011331060825040136
34 0.0002171938262751
36 0.00024889158810598606
38 0.000005801646248097621
39 0.00002316889228152431
40 0.00001801251778006548
41 0.000014853122149744404
42 0.000051443803059355216
43 0.000016486150317022987
44 0.00020453330306294742
46 0.00045857699326722653
47 0.0004965540757811133
49 0.00008324134787818645
55 0.00009700475713476236
56 0.00019433189464916796
57 0.0001250684069607151
63 0.00000567829780156086
65 0.00005319425691409072
67 0.00008407569284796038
71 0.00012561808978093188
113 0.0002226669674373353
144 0.0006765694880066684
160 0.00018023749427928805
168 0.0007384474589275524
180 0.0001136486243970201
255 0.00017273030805218352
267 0.0002783569986123394
304 0.00026056072380914035
307 0.00022550415909059743
360 0.00038678333270887957
413 0.00024142866684252312
430 0.00022365154352182467
439 0.0016572849048801697
452 0.0008293695298394827
467 0.00034552605606704003
491 0.006532959399178564
493 0.00023454039050719067
494 0.002929831278047915
505 0.0003359696033249817
506 0.00029918306343158405
507 0.0008182251257593176
508 0.0005365022616985512
512 0.0006350250466893421
573 0.0001652752038556845
576 0.000925850627339173
638 0.0008023336741576425
669 0.0002517877166381117
709 0.0032729005030372703
788 0.0004149542829511784
803 0.0002597352724507996
851 0.00008185705212231243
858 0.0004915108718269986
875 0.0003841483956894837
1029 0.0007117482910364039
1187 0.00035770704084433884
1285 0.0029065786469619124
1398 0.00040380304757415875
1723 0.0014768949178551047
1785 0.00030499358548289365
2014 0.002063284048832635
2346 0.00044828766312813873
2722 0.0012537244147688554
3130 0.0013516618647131605
4169 0.000424038368775366
4170 0.0005791825675166354
4383 0.0006345864806991627
4589 0.0005791825675166354
5149 0.0014768949178551047
6273 0.0007881489921597373
6336 0.000873114324417637
6337 0.000873114324417637