0 0.00019243773886705868
1 0.0001309668193588762
2 0.00017273030805218352
5 0.0002365665368606119
6 0.0002400196965770493
7 0.000233207996263883
8 0.00028224872431895635
13 0.00010393239547047879
26 0.00012343399523364164
28 0.0005066488975853823
29 0.00026649997158873667
32 0.0005188152611795682
34 0.00013031629576506
36 0.0002074096567549884
38 0.000008702469372146433
39 0.000004633778456304862
40 0.000012008345186710319
41 0.000007426561074872202
43 0.000008243075158511493
45 0.00025964242459217314
47 0.00022570639808232424
49 0.000041620673939093223
51 0.00004686777384075253
52 0.00014497369525357328
56 0.00019433189464916796
58 0.0013729251875537582
59 0.0008031722113794693
61 0.00035285287846540845
63 0.00000567829780156086
64 0.00018731984297588175
65 0.00008865709485681788
68 0.0014574249388550088
74 0.00030499358548289365
81 0.00018240709186440708
87 0.0001891562677877985
89 0.00028517189836102194
97 0.00023454039050719067
100 0.00015297081732618925
102 0.0007599733463780734
113 0.00011133348371866765
118 0.0009079086694440643
121 0.0030189029671873397
123 0.000188234616351904
130 0.00027274170858643915
142 0.0015762979843194746
146 0.000264773477364449
159 0.0001776836714179443
160 0.00018023749427928805
180 0.0001136486243970201
196 0.0001675808341520189
250 0.000742466804701393
253 0.0004944646199309884
261 0.0002338723830583595
277 0.00029895135340986733
347 0.0002479774737404859
411 0.00022304017535425432
412 0.00028729384230050906
413 0.00048285733368504623
430 0.00022365154352182467
496 0.0002464916487181342
520 0.00016189608767124534
538 0.0002852508106156339
641 0.002361493248225744
717 0.000393582208037624
850 0.002772410458864819
898 0.0003014743275909555
946 0.0004785475402955236
1001 0.0006147943470845361
1031 0.00042093493558288133
1037 0.0002709256892452844
1477 0.0006345864806991627
1499 0.0027550754562633683
1622 0.00043049138832493966
1623 0.000873114324417637
1624 0.0006534821266696528
1625 0.0005332529953860384
1626 0.009604257568594007
1627 0.000873114324417637
1628 0.0014063673198036752