9 0.00010224975952101728
13 0.000019487324150714776
15 0.0005129759100776286
16 0.00007545831652538253
22 0.0001341735889149772
33 0.00011331060825040136
34 0.00008687753051003999
36 0.0002074096567549884
37 0.0004195196388193289
38 0.000008702469372146433
39 0.000018535113825219447
40 0.00001801251778006548
41 0.000011139841612308305
43 0.000016486150317022987
44 0.00020453330306294742
46 0.0001834307973068906
47 0.00018056511846585937
49 0.00008324134787818645
55 0.00009700475713476236
56 0.00019433189464916796
57 0.0001250684069607151
59 0.001204758317069204
63 0.00000567829780156086
65 0.00001773141897136357
67 0.00012611353927194057
102 0.00025332444879269114
104 0.00016413845014333722
144 0.0008457118600083356
164 0.0006345864806991627
186 0.0005050923328198371
255 0.00017273030805218352
263 0.0002338723830583595
277 0.00039860180454648976
286 0.0001987752449196317
287 0.00025810086072372616
288 0.0018241495167386093
357 0.002063284048832635
366 0.00034225708731462997
367 0.0002673724241223067
396 0.00038392708921293077
413 0.00024142866684252312
455 0.00041790813825628515
493 0.00023454039050719067
669 0.00012589385831905585
691 0.0003038092374917516
708 0.00035955036976865123
809 0.0005791825675166354
851 0.00008185705212231243
864 0.000549621148441263
866 0.0004272224195725296
875 0.0003841483956894837
893 0.002642646204382413
908 0.0007305054994379872
1208 0.0003541015143419739
1415 0.005625469279214701
1537 0.0066460271303479725
1621 0.0004338499289216686
1949 0.0004691137279473833
2213 0.00044451570202655086
2427 0.0015997589861581152
2580 0.002703323729426321
2764 0.006800401604083319
3685 0.0006758309323565803
4146 0.0006037805934374678
4147 0.0011370335888235062
5689 0.005907579671420419