9 0.00023858277221570697
13 0.00011042817018738374
16 0.00015091663305076506
26 0.00012343399523364164
33 0.00011331060825040136
36 0.00033185545080798137
38 0.000011603292496195242
39 0.000018535113825219447
40 0.00000900625889003274
41 0.000011139841612308305
42 0.000051443803059355216
43 0.000016486150317022987
44 0.00020453330306294742
46 0.0004127192939405039
47 0.00040627151654818366
49 0.000041620673939093223
63 0.00000567829780156086
65 0.00001773141897136357
67 0.00004203784642398019
69 0.00023724943034546792
70 0.00035233775638020634
71 0.00012561808978093188
89 0.00019011459890734794
102 0.00025332444879269114
104 0.0008206922507166863
113 0.0002226669674373353
131 0.0008185038060016722
144 0.0003382847440033342
150 0.00035621126149020904
160 0.00018023749427928805
180 0.00005682431219851005
264 0.00042171838115391097
277 0.00019930090227324488
288 0.00022801868959232616
296 0.0004887683798320584
353 0.0007507780456123224
375 0.0005178306850950789
413 0.00024142866684252312
439 0.0033145698097603394
480 0.0007344281131537118
493 0.00023454039050719067
494 0.00019532208520319432
496 0.0009859665948725369
538 0.0002852508106156339
576 0.0003086168757797243
669 0.0005035754332762234
691 0.0006076184749835032
753 0.0002783569986123394
780 0.003775208863403447
851 0.00008185705212231243
893 0.0003775208863403447
1029 0.0007117482910364039
1085 0.001180746624112872
1153 0.0004120699366150429
1173 0.0012537244147688554
3871 0.0012691729613983254