1 0.0003929004580766286
13 0.000019487324150714776
33 0.00011331060825040136
34 0.000043438765255019996
36 0.00016592772540399069
38 0.000005801646248097621
39 0.000013901335368914586
40 0.00000900625889003274
41 0.000007426561074872202
43 0.00001236461273776724
44 0.00020453330306294742
46 0.0001834307973068906
47 0.00018056511846585937
49 0.00008324134787818645
56 0.00006477729821638932
63 0.00000567829780156086
65 0.00001773141897136357
67 0.00008407569284796038
71 0.00025123617956186376
76 0.0004007527960775733
89 0.00019011459890734794
102 0.0005066488975853823
160 0.0005407124828378641
180 0.00005682431219851005
183 0.0006243870952872076
251 0.00022002825322499402
399 0.0008908015295930374
412 0.00028729384230050906
413 0.00048285733368504623
430 0.00022365154352182467
442 0.0003242865707429365
514 0.00043049138832493966
540 0.0010415814724628676
646 0.0003712334023506965
670 0.0003329428059983855
759 0.00035770704084433884
851 0.00008185705212231243
879 0.0005916490456697102
1037 0.0002709256892452844
1091 0.001236436655287876
1093 0.00036920725599727517
1112 0.0003672140565768559
1136 0.00457437488668757
1499 0.000787164416075248
1622 0.00043049138832493966
2485 0.0005332529953860384
3103 0.0014063673198036752
3135 0.006758309323565804
6087 0.0006037805934374678