9 0.00006816650634734484
12 0.0002564879550388143
13 0.000012991549433809848
17 0.0003773891517081107
19 0.00013212323419503196
22 0.0002683471778299544
23 0.00022801868959232616
26 0.00012343399523364164
33 0.00011331060825040136
36 0.00004148193135099767
38 0.000011603292496195242
39 0.000009267556912609724
40 0.000006004172593355159
41 0.000025992963762052712
43 0.000004121537579255747
45 0.00012982121229608657
49 0.000041620673939093223
61 0.00017642643923270423
63 0.0000037855318677072396
65 0.00001773141897136357
66 0.00009314029848720488
69 0.00023724943034546792
100 0.00015297081732618925
125 0.0002682511308492756
136 0.0005851111081648902
143 0.0019799337041596734
151 0.0003359696033249817
154 0.0006629139619520678
158 0.00028424192373937554
171 0.0001368611790876869
180 0.00005682431219851005
259 0.00025891534254753946
270 0.001438201479074605
271 0.00029918306343158405
274 0.0037618295427086588
283 0.00041790813825628515
286 0.0003975504898392634
294 0.0003985861298959538
396 0.00038392708921293077
445 0.00023123617256302196
464 0.000393582208037624
465 0.000618218327643938
494 0.0015625766816255546
497 0.0007073763420358005
549 0.0008076060951483175
551 0.0002832412727662006
555 0.0002457554359134993
613 0.0002597352724507996
628 0.0019342058486154139
671 0.0002597352724507996
746 0.0003672140565768559
751 0.003222480485448426
851 0.00016371410424462487
858 0.0002457554359134993
861 0.0004737399020075509
1012 0.0005685167944117531
1120 0.00029472515166756405
1177 0.0005188152611795682
1280 0.0006513749791479525
1285 0.00036332233087023905
1290 0.001244373218891155
1328 0.0038951166577617133
1368 0.0013565381665042668
1519 0.0013939674485500902
1528 0.00043730308863810597
1653 0.002104674677914407
1785 0.00030499358548289365
3208 0.00034065472379816113
3341 0.003172932403495814
3601 0.0007344281131537118
3928 0.0007507780456123224
4178 0.0007031836599018376
4179 0.0007384474589275524
4183 0.0007031836599018376
4904 0.0030910916382196904
6341 0.0007384474589275524
6342 0.0007881489921597373
6343 0.0007881489921597373