1 0.0002619336387177524
9 0.00013633301269468968
16 0.00007545831652538253
19 0.00039636970258509594
28 0.00025332444879269114
36 0.00004148193135099767
38 0.000011603292496195242
39 0.000009267556912609724
40 0.000006004172593355159
41 0.000007426561074872202
42 0.00010288760611871043
43 0.000016486150317022987
45 0.00025964242459217314
47 0.00009028255923292969
51 0.00009373554768150506
63 0.000007571063735414479
65 0.00001773141897136357
67 0.00004203784642398019
71 0.00012561808978093188
72 0.0007057057569308169
73 0.0003858275493267621
75 0.0027130763330085335
76 0.0002671685307183822
87 0.0001891562677877985
89 0.00019011459890734794
97 0.00023454039050719067
106 0.0015177008035223431
113 0.0002226669674373353
124 0.00009942778247685315
180 0.00005682431219851005
245 0.000181970089392662
264 0.00021085919057695548
487 0.0008609827766498793
494 0.00039064417040638865
498 0.0003558910215031841
550 0.00025332444879269114
648 0.0019210643432818575
851 0.0002455711563669373
879 0.0005916490456697102
1395 0.0001739500102896398
1416 0.0005411640668664958
1548 0.0007971722597919076
2180 0.0005908656000986806
5316 0.0005587052342654505
6344 0.0007881489921597373
6345 0.000873114324417637
6346 0.000873114324417637