0 0.00038487547773411737
1 0.0003929004580766286
9 0.00034083253173672426
13 0.000012991549433809848
16 0.00007545831652538253
18 0.00047449886069093585
22 0.0002683471778299544
26 0.000370301985700925
28 0.0005066488975853823
29 0.00026649997158873667
30 0.00044365302269117307
34 0.00013031629576506
37 0.0004195196388193289
38 0.0000029008231240488105
39 0.000009267556912609724
40 0.000015010431483387899
41 0.000011139841612308305
42 0.00010288760611871043
43 0.000020607687896278735
49 0.00008324134787818645
51 0.00009373554768150506
56 0.00019433189464916796
61 0.00017642643923270423
63 0.00001135659560312172
65 0.00001773141897136357
66 0.00018628059697440975
74 0.00030499358548289365
76 0.0004007527960775733
89 0.00019011459890734794
95 0.0008544448391450592
114 0.00021141259586679695
123 0.000188234616351904
124 0.00009942778247685315
136 0.0002925555540824451
144 0.0003382847440033342
146 0.000264773477364449
158 0.00028424192373937554
159 0.000533051014253833
160 0.00018023749427928805
165 0.00045100831818119485
171 0.0002737223581753738
180 0.00005682431219851005
183 0.0006243870952872076
196 0.0001675808341520189
206 0.00044451570202655086
210 0.0006403547810939524
245 0.000181970089392662
251 0.00022002825322499402
261 0.000467744766116719
263 0.000467744766116719
277 0.00039860180454648976
297 0.0006977691933275379
306 0.0008609827766498793
309 0.0006006466840248042
310 0.00016226697770759457
352 0.0005916490456697102
368 0.00018686500362842702
375 0.00025891534254753946
401 0.00018110073068838497
445 0.0009249446902520878
475 0.0011450722803711872
491 0.0021776531330595216
492 0.004556285807105565
505 0.0006719392066499634
506 0.0011967322537263362
508 0.0018777579159449296
512 0.00031751252334467103
540 0.0003471938241542892
545 0.0007971722597919076
669 0.0002517877166381117
671 0.0005194705449015992
677 0.0007031836599018376
788 0.0008299085659023568
803 0.0002597352724507996
841 0.0004338499289216686
851 0.00008185705212231243
946 0.0004785475402955236
1057 0.0017353997156866743
1060 0.0002852508106156339
1066 0.000424038368775366
1067 0.0004408563537610837
1084 0.00036920725599727517
1211 0.001117410468530901
1223 0.0019550735193282335
1224 0.002241438315640694
1300 0.000505900267840781
1310 0.00036332233087023905
1339 0.0005188152611795682
1388 0.0007507780456123224
1397 0.00028028741746109395
1398 0.0012114091427224763
1594 0.000549621148441263
1759 0.0006037805934374678
1843 0.000393582208037624
1878 0.0007682967913789674
2085 0.0003672140565768559
2163 0.0005411640668664958
2202 0.00046465581618336337
2203 0.0004603543550640608
2258 0.0005791825675166354
2631 0.002060349683075215
2636 0.00044451570202655086
2637 0.00043049138832493966
2697 0.001203500511236464
2700 0.00040380304757415875
2701 0.0004603543550640608
2702 0.00046465581618336337
2703 0.00045217938883475555
2746 0.0005188152611795682
2836 0.0009474798040151018
3018 0.0004408563537610837
3085 0.000618218327643938
3484 0.0047308165264960626
3502 0.00036332233087023905
3660 0.0013069642533393056
3969 0.0006345864806991627
4370 0.0004603543550640608
4371 0.0004785475402955236
4372 0.0004691137279473833
4373 0.00046465581618336337
4374 0.0004737399020075509
4375 0.0004603543550640608
4516 0.006758309323565804
4538 0.0007881489921597373
4601 0.001099242296882526
4640 0.0005332529953860384
4896 0.0007881489921597373
6091 0.0007384474589275524
6347 0.002619342973252911
6348 0.001746228648835274
6349 0.000873114324417637
6350 0.000873114324417637
6351 0.000873114324417637
6352 0.000873114324417637
6353 0.003492457297670548
6354 0.001746228648835274
6355 0.005238685946505822
6356 0.0007881489921597373
6357 0.001746228648835274