1 0.0001309668193588762
9 0.00027266602538937937
13 0.000006495774716904924
16 0.00015091663305076506
17 0.00018869457585405535
21 0.0001430533573344265
22 0.0002683471778299544
26 0.00012343399523364164
28 0.00025332444879269114
34 0.00008687753051003999
36 0.00004148193135099767
38 0.000005801646248097621
39 0.000018535113825219447
40 0.000012008345186710319
41 0.00002227968322461661
42 0.000051443803059355216
43 0.00001236461273776724
44 0.00013635553537529827
45 0.00012982121229608657
46 0.0005044346925939492
47 0.0004965540757811133
48 0.00013154366307515625
49 0.00008324134787818645
51 0.00004686777384075253
55 0.00009700475713476236
56 0.00006477729821638932
57 0.0001250684069607151
63 0.0000094638296692681
65 0.00001773141897136357
66 0.00009314029848720488
67 0.00012611353927194057
69 0.00023724943034546792
70 0.00035233775638020634
71 0.00012561808978093188
73 0.00019291377466338104
76 0.0001335842653591911
95 0.0004272224195725296
113 0.0002226669674373353
115 0.0002059878583080766
123 0.000188234616351904
144 0.0003382847440033342
151 0.0006719392066499634
171 0.0001368611790876869
184 0.00040649720137641123
185 0.0005312673696979216
186 0.0005050923328198371
226 0.0002049311356991152
259 0.00025891534254753946
263 0.0002338723830583595
277 0.00039860180454648976
310 0.0006490679108303783
332 0.0006345864806991627
365 0.0008544448391450592
368 0.00018686500362842702
439 0.0006629139619520678
487 0.0021524569416246984
491 0.0015554665236139438
492 0.0022781429035527824
507 0.0010909668343457566
508 0.0016095067850956538
512 0.0006350250466893421
573 0.0001652752038556845
669 0.0002517877166381117
671 0.0002597352724507996
682 0.0003753890228061612
701 0.0005685167944117531
707 0.0005908656000986806
746 0.0003672140565768559
750 0.0003344468624572988
851 0.00008185705212231243
868 0.0008127770677358534
879 0.0002958245228348551
911 0.0004120699366150429
922 0.00043730308863810597
1012 0.0005685167944117531
1034 0.0006813094475963223
1037 0.0002709256892452844
1211 0.0005587052342654505
1223 0.0009775367596641168
1224 0.0008965753262562775
1395 0.0003479000205792796
1396 0.00036920725599727517
1548 0.0019929306494797694
1785 0.00030499358548289365
2166 0.0006345864806991627
3293 0.0029543280004934035
3502 0.00036332233087023905
4601 0.000549621148441263
5316 0.0005587052342654505
6344 0.0007881489921597373
6358 0.000873114324417637