0 0.00019243773886705868
1 0.0001309668193588762
2 0.00017273030805218352
5 0.0002365665368606119
6 0.0002400196965770493
7 0.000233207996263883
8 0.00028224872431895635
13 0.00003897464830142955
16 0.00007545831652538253
20 0.0002464916487181342
26 0.0002468679904672833
36 0.00004148193135099767
37 0.0004195196388193289
38 0.000008702469372146433
39 0.000018535113825219447
40 0.00001801251778006548
41 0.000014853122149744404
42 0.00015433140917806565
43 0.000020607687896278735
45 0.0007789272737765194
46 0.00022928849663361327
47 0.00022570639808232424
49 0.00008324134787818645
52 0.00028994739050714656
56 0.00006477729821638932
57 0.0001250684069607151
58 0.0010983401500430064
59 0.000602379158534602
60 0.0002572917550567303
63 0.00000567829780156086
64 0.00018731984297588175
65 0.00003546283794272714
66 0.00018628059697440975
72 0.0005292793176981127
82 0.0005664825455324013
84 0.0004261759244447152
85 0.00024357296170002702
87 0.000378312535575597
118 0.0009079086694440643
124 0.00009942778247685315
159 0.0001776836714179443
171 0.0001368611790876869
177 0.00015160120460271228
225 0.00042093493558288133
250 0.0011137002070520895
277 0.00029895135340986733
310 0.00016226697770759457
360 0.00019339166635443979
371 0.0004408563537610837
375 0.0007767460276426184
441 0.0003438806748054391
457 0.0002936355528176933
464 0.000393582208037624
590 0.0003672140565768559
595 0.00044451570202655086
598 0.012291515153839912
604 0.007188303393366181
613 0.0002597352724507996
725 0.003267410633348264
726 0.0005587052342654505
772 0.0005194705449015992
785 0.0006345864806991627
803 0.0002597352724507996
852 0.0003887745697496512
881 0.0006037805934374678
897 0.0005587052342654505
898 0.0003014743275909555
1037 0.0002709256892452844
1107 0.0004272224195725296
1162 0.00030263622314802144
1296 0.0007384474589275524
1629 0.00043049138832493966
1630 0.0005587052342654505
1631 0.003379154661782902
1632 0.0005908656000986806
1633 0.000873114324417637
1634 0.000549621148441263