1 0.0002619336387177524
9 0.00013633301269468968
13 0.000012991549433809848
17 0.00018869457585405535
21 0.000286106714668853
27 0.0006750229973356363
34 0.000043438765255019996
38 0.000005801646248097621
39 0.000013901335368914586
40 0.00000900625889003274
41 0.000014853122149744404
42 0.000051443803059355216
43 0.00001236461273776724
44 0.00013635553537529827
46 0.0005044346925939492
47 0.0004965540757811133
48 0.00013154366307515625
49 0.00012486202181727967
51 0.00004686777384075253
55 0.00009700475713476236
57 0.0001250684069607151
63 0.0000094638296692681
65 0.00001773141897136357
66 0.00009314029848720488
67 0.00008407569284796038
71 0.00012561808978093188
72 0.0008821321961635212
73 0.00019291377466338104
77 0.0013939674485500902
87 0.000378312535575597
95 0.0004272224195725296
104 0.00016413845014333722
113 0.0002226669674373353
135 0.0005961065889605145
149 0.0003732936031739842
159 0.000533051014253833
165 0.00022550415909059743
171 0.0001368611790876869
185 0.0005312673696979216
186 0.0005050923328198371
192 0.0003242865707429365
196 0.0001675808341520189
247 0.00026056072380914035
259 0.00025891534254753946
263 0.0002338723830583595
277 0.00009965045113662244
278 0.0015100835453613788
365 0.0008544448391450592
368 0.00018686500362842702
376 0.00034065472379816113
401 0.00018110073068838497
428 0.0004603543550640608
494 0.0009766104260159718
497 0.00017684408550895013
520 0.0004856882630137361
538 0.0002852508106156339
573 0.0001652752038556845
669 0.00012589385831905585
753 0.0002783569986123394
851 0.00008185705212231243
898 0.0003014743275909555
911 0.0004120699366150429
922 0.00043730308863810597
1100 0.0008023336741576425
1395 0.0003479000205792796
1396 0.0007384145119945503
1479 0.00038643965984885517
1667 0.0005791825675166354
1669 0.0007031836599018376
2089 0.0006345864806991627
3470 0.000499919615209078
3670 0.0015762979843194746
3966 0.0007384474589275524
4070 0.0007384474589275524
4203 0.000505900267840781
4204 0.00045619873460859607
4236 0.0004942172352587358
4516 0.002703323729426321
6359 0.005238685946505822
6360 0.000873114324417637
6361 0.000873114324417637
6362 0.000873114324417637
6363 0.000873114324417637
6364 0.000873114324417637
6365 0.000873114324417637
6366 0.000873114324417637
6367 0.005238685946505822
6368 0.000873114324417637