1 0.0001309668193588762
9 0.00013633301269468968
12 0.0005129759100776286
13 0.000025983098867619697
22 0.0001341735889149772
34 0.000043438765255019996
36 0.00016592772540399069
38 0.000005801646248097621
39 0.000027802670737829172
40 0.00000900625889003274
41 0.000014853122149744404
42 0.000051443803059355216
43 0.00001236461273776724
44 0.00013635553537529827
46 0.0005044346925939492
47 0.00045141279616464847
48 0.00013154366307515625
49 0.000041620673939093223
51 0.00004686777384075253
55 0.00009700475713476236
56 0.00012955459643277864
57 0.0001250684069607151
63 0.0000037855318677072396
65 0.00001773141897136357
67 0.00016815138569592077
71 0.0005024723591237275
73 0.00019291377466338104
122 0.00018417084982617462
123 0.000188234616351904
131 0.0004092519030008361
139 0.00028224872431895635
150 0.00035621126149020904
159 0.0017768367141794434
171 0.0001368611790876869
176 0.00033751149866781817
177 0.00030320240920542457
180 0.0001136486243970201
192 0.0009728597122288095
196 0.0010054850049121137
214 0.000273659908111955
243 0.000264773477364449
245 0.000181970089392662
263 0.0002338723830583595
277 0.0007972036090929795
286 0.0001987752449196317
288 0.00045603737918465233
306 0.00043049138832493966
310 0.001135868843953162
311 0.0004887683798320584
435 0.0004603543550640608
493 0.00023454039050719067
497 0.00035368817101790026
520 0.00016189608767124534
554 0.0007971722597919076
573 0.0001652752038556845
606 0.0005685167944117531
669 0.00012589385831905585
671 0.0002597352724507996
707 0.0005908656000986806
779 0.00030263622314802144
851 0.00008185705212231243
875 0.0003841483956894837
879 0.0005916490456697102
898 0.0003014743275909555
1148 0.0006345864806991627
1214 0.000848076737550732
1302 0.0005411640668664958
1310 0.00036332233087023905
1395 0.0003479000205792796
1479 0.00038643965984885517
1596 0.0004603543550640608
1647 0.0006037805934374678
1773 0.000499919615209078
1871 0.0007881489921597373
2181 0.0007031836599018376
2196 0.0005908656000986806
2507 0.0072453671212496145
2508 0.0006345864806991627
2577 0.0006758309323565803
2624 0.0022740671776470124
2799 0.001772596800296042
3563 0.007093340929437637
3611 0.0007031836599018376
3882 0.0007384474589275524
3966 0.0022153423767826575
4047 0.010813294917705284
4516 0.0013516618647131605
5011 0.004226464154062275
6369 0.000873114324417637
6370 0.001746228648835274
6371 0.0007881489921597373
6372 0.000873114324417637