9 0.00027266602538937937
13 0.000019487324150714776
16 0.00030183326610153013
21 0.000286106714668853
22 0.0005366943556599089
26 0.00012343399523364164
34 0.00017375506102007999
38 0.000011603292496195242
39 0.000013901335368914586
40 0.000024016690373420637
41 0.000029706244299488808
42 0.00015433140917806565
43 0.00004121537579255747
48 0.00013154366307515625
51 0.00009373554768150506
55 0.00038801902853904946
63 0.000007571063735414479
65 0.00003546283794272714
67 0.00004203784642398019
69 0.00023724943034546792
71 0.00012561808978093188
72 0.0005292793176981127
73 0.00019291377466338104
76 0.0005343370614367644
89 0.00019011459890734794
107 0.0006147934070973456
115 0.0002059878583080766
117 0.0004338499289216686
135 0.0005961065889605145
160 0.00018023749427928805
179 0.000925850627339173
180 0.00005682431219851005
223 0.00044451570202655086
237 0.0003558910215031841
245 0.000363940178785324
247 0.00026056072380914035
261 0.0002338723830583595
286 0.0001987752449196317
287 0.00025810086072372616
357 0.0006877613496108782
391 0.0011096122844998333
392 0.0008908015295930374
399 0.0005938676863953582
401 0.0007244029227535399
416 0.001244373218891155
442 0.0003242865707429365
445 0.00023123617256302196
475 0.003435216841113562
505 0.0003359696033249817
506 0.0008975491902947523
508 0.0002682511308492756
512 0.0015875626167233554
572 0.00033907303651746636
608 0.0003438806748054391
709 0.0005454834171728783
772 0.0007792058173523988
851 0.0002455711563669373
1037 0.0002709256892452844
1100 0.00040116683707882124
1188 0.0005587052342654505
1325 0.0018741032214481734
1395 0.0001739500102896398
1450 0.000977062468721929
1586 0.0015100835453613788
2398 0.00044828766312813873
2640 0.00043730308863810597
3092 0.0004338499289216686
4204 0.00045619873460859607
4216 0.002499598076045391
4221 0.0004887683798320584
4422 0.0007031836599018376
5562 0.0007031836599018376
5908 0.0007881489921597373
6373 0.000873114324417637
6374 0.0007881489921597373
6375 0.0021095509797055133