9 0.00020449951904203455
12 0.0005129759100776286
16 0.00007545831652538253
18 0.00047449886069093585
21 0.000286106714668853
22 0.0002683471778299544
23 0.0009120747583693047
34 0.000043438765255019996
36 0.00004148193135099767
38 0.000005801646248097621
39 0.000013901335368914586
40 0.000024016690373420637
41 0.000003713280537436101
42 0.000051443803059355216
43 0.000004121537579255747
46 0.00013757309798016797
47 0.00018056511846585937
49 0.000041620673939093223
51 0.0001406033215222576
63 0.0000037855318677072396
65 0.00001773141897136357
67 0.00004203784642398019
69 0.00023724943034546792
71 0.00012561808978093188
84 0.0002130879622223576
99 0.0013084184174285728
135 0.0005961065889605145
139 0.00028224872431895635
159 0.0001776836714179443
162 0.0004149542829511784
171 0.0001368611790876869
193 0.0002936355528176933
230 0.0005916490456697102
243 0.000264773477364449
255 0.00017273030805218352
259 0.00025891534254753946
270 0.0010786511093059537
271 0.0005983661268631681
274 0.0011574860131411257
277 0.00039860180454648976
279 0.00022929556638299245
356 0.0008129944027528225
444 0.000549621148441263
452 0.0002764565099464942
457 0.0011745422112707732
461 0.0003985861298959538
533 0.0004785475402955236
573 0.0001652752038556845
608 0.0003438806748054391
672 0.0004942172352587358
717 0.000393582208037624
772 0.0002597352724507996
826 0.0017088896782901184
850 0.001980293184903442
851 0.00032742820848924973
1095 0.0004120699366150429
1186 0.0012075611868749357
1280 0.00032568748957397626
1328 0.0010623045430259218
1413 0.0004149542829511784
1417 0.0003911548205288988
1499 0.000393582208037624
1666 0.0005791825675166354
2055 0.009273274914659072
2148 0.00044828766312813873
2390 0.0006534821266696528
2693 0.000848076737550732
6376 0.005434025340937211
6377 0.004365571622088185
6378 0.002619342973252911
6379 0.002619342973252911
6380 0.006984914595341096
6381 0.000873114324417637
6382 0.000873114324417637
6383 0.000873114324417637
6384 0.000873114324417637
6385 0.000873114324417637
6386 0.000873114324417637
6387 0.000873114324417637
6388 0.000873114324417637
6389 0.000873114324417637