1 0.0001309668193588762
9 0.00013633301269468968
13 0.000019487324150714776
21 0.0001430533573344265
22 0.0001341735889149772
26 0.00012343399523364164
29 0.00026649997158873667
34 0.000043438765255019996
36 0.00004148193135099767
38 0.000005801646248097621
39 0.000018535113825219447
40 0.00000900625889003274
41 0.000014853122149744404
42 0.000051443803059355216
43 0.000008243075158511493
44 0.00013635553537529827
46 0.0005044346925939492
47 0.0004965540757811133
48 0.0002630873261503125
49 0.000041620673939093223
51 0.0001406033215222576
55 0.00009700475713476236
56 0.00012955459643277864
57 0.0002501368139214302
63 0.0000037855318677072396
65 0.00001773141897136357
66 0.00009314029848720488
67 0.00012611353927194057
69 0.00023724943034546792
71 0.00012561808978093188
84 0.0002130879622223576
97 0.00023454039050719067
98 0.000505900267840781
104 0.00016413845014333722
113 0.0002226669674373353
125 0.0002682511308492756
146 0.000529546954728898
150 0.00017810563074510452
154 0.0003314569809760339
176 0.00033751149866781817
177 0.00015160120460271228
179 0.0003086168757797243
185 0.0002656336848489608
186 0.0007576384992297557
214 0.0008209797243358649
259 0.00025891534254753946
279 0.00022929556638299245
286 0.0003975504898392634
288 0.0006840560687769785
320 0.0011789006066702562
327 0.001980293184903442
352 0.0005916490456697102
363 0.00036332233087023905
365 0.0008544448391450592
368 0.00037373000725685404
379 0.0003438806748054391
439 0.0003314569809760339
445 0.0004624723451260439
452 0.0002764565099464942
490 0.003904649360295018
491 0.00497749287556462
492 0.0007593809678509275
495 0.0003753890228061612
496 0.0002464916487181342
497 0.0005305322565268504
506 0.0011967322537263362
507 0.00027274170858643915
512 0.00031751252334467103
538 0.0002852508106156339
550 0.00025332444879269114
573 0.0001652752038556845
654 0.0017634254150443347
666 0.00032568748957397626
669 0.0002517877166381117
709 0.0010909668343457566
711 0.0004092519030008361
718 0.0012691729613983254
759 0.0010731211225330165
788 0.0004149542829511784
805 0.00140734118384215
851 0.00008185705212231243
852 0.0003887745697496512
911 0.0004120699366150429
915 0.00032290148184198857
922 0.00043730308863810597
1029 0.00023724943034546792
1120 0.00029472515166756405
1283 0.0006781460730349327
1397 0.0005605748349221879
1424 0.002594076305897841
1596 0.0004603543550640608
1653 0.0037884144202459326
1910 0.0015564457835387047
2014 0.0030949260732489525
2027 0.00046465581618336337
2218 0.00045619873460859607
2346 0.00044828766312813873
2398 0.0008965753262562775
2625 0.0006345864806991627
2632 0.008884210729788278
2640 0.00043730308863810597
2722 0.00041790813825628515
3130 0.0013516618647131605
3873 0.0011370335888235062
4221 0.0004887683798320584
6197 0.005907579671420419
6390 0.000873114324417637
6391 0.0021095509797055133
6392 0.000873114324417637
6393 0.002619342973252911