9 0.00017041626586836213
13 0.000012991549433809848
16 0.00007545831652538253
19 0.00013212323419503196
21 0.000286106714668853
38 0.000011603292496195242
39 0.000009267556912609724
40 0.00000900625889003274
41 0.000007426561074872202
42 0.00010288760611871043
43 0.000016486150317022987
46 0.0000917153986534453
47 0.00009028255923292969
51 0.00009373554768150506
63 0.000007571063735414479
65 0.00001773141897136357
66 0.00018628059697440975
67 0.00008407569284796038
72 0.0010585586353962255
73 0.0003858275493267621
76 0.0001335842653591911
89 0.00009505729945367397
104 0.00032827690028667443
115 0.0004119757166161532
130 0.00027274170858643915
180 0.00005682431219851005
253 0.0002472323099654942
411 0.00044608035070850863
851 0.0002455711563669373
1037 0.0002709256892452844
1395 0.0001739500102896398
1618 0.00040380304757415875
2378 0.0006006466840248042
6394 0.0007384474589275524
6395 0.0007384474589275524