9 0.00013633301269468968
13 0.000045470423018334476
19 0.00013212323419503196
21 0.0001430533573344265
22 0.0001341735889149772
26 0.0002468679904672833
34 0.000043438765255019996
38 0.000005801646248097621
39 0.000013901335368914586
40 0.000015010431483387899
41 0.00002227968322461661
43 0.00004121537579255747
44 0.00013635553537529827
46 0.0003210038952870586
47 0.00040627151654818366
48 0.0002630873261503125
49 0.00008324134787818645
51 0.00009373554768150506
55 0.00019400951426952473
56 0.00012955459643277864
57 0.0001250684069607151
60 0.0002572917550567303
63 0.0000037855318677072396
65 0.00003546283794272714
66 0.00009314029848720488
67 0.00004203784642398019
71 0.00012561808978093188
73 0.00019291377466338104
74 0.00030499358548289365
81 0.0009120354593220354
87 0.000378312535575597
89 0.0008555156950830659
97 0.00023454039050719067
122 0.00018417084982617462
144 0.0006765694880066684
146 0.000529546954728898
160 0.0003604749885585761
176 0.0006750229973356363
179 0.0003086168757797243
180 0.00005682431219851005
186 0.00025254616640991854
196 0.0001675808341520189
310 0.00016226697770759457
353 0.0007507780456123224
379 0.0003438806748054391
391 0.000832209213374875
439 0.0006629139619520678
442 0.0003242865707429365
480 0.0003672140565768559
490 0.0034707994313733486
491 0.0021776531330595216
492 0.0007593809678509275
493 0.00023454039050719067
495 0.0003753890228061612
497 0.00017684408550895013
506 0.002094281444021089
507 0.00027274170858643915
512 0.00031751252334467103
520 0.0006475843506849814
550 0.00025332444879269114
551 0.0002832412727662006
573 0.000330550407711369
576 0.0003086168757797243
641 0.0035422398723386163
642 0.0003887745697496512
669 0.0002517877166381117
709 0.00027274170858643915
788 0.0004149542829511784
803 0.0002597352724507996
826 0.0004272224195725296
851 0.00008185705212231243
980 0.00036332233087023905
1028 0.0003541015143419739
1162 0.00030263622314802144
1195 0.0007384474589275524
1196 0.0003841483956894837
1198 0.00044451570202655086
1271 0.0003652527497189936
1322 0.0009474798040151018
1357 0.0005587052342654505
1395 0.0001739500102896398
1396 0.0014768290239891007
1397 0.0008408622523832819
1450 0.001302749958295905
1910 0.0010376305223591363
2014 0.002063284048832635
2218 0.0009123974692171921
2346 0.00044828766312813873
2398 0.00044828766312813873
2640 0.00043730308863810597
3777 0.0004785475402955236
4221 0.0004887683798320584
4257 0.0003887745697496512
5165 0.0006037805934374678
6396 0.000873114324417637