9 0.00013633301269468968
13 0.000012991549433809848
16 0.00007545831652538253
19 0.00013212323419503196
21 0.0004291600720032795
36 0.00004148193135099767
38 0.000005801646248097621
39 0.000009267556912609724
40 0.00000900625889003274
41 0.000014853122149744404
42 0.000051443803059355216
43 0.00001236461273776724
44 0.00013635553537529827
46 0.00045857699326722653
47 0.00045141279616464847
48 0.00013154366307515625
49 0.000041620673939093223
51 0.00009373554768150506
55 0.00009700475713476236
56 0.00006477729821638932
57 0.0001250684069607151
63 0.0000037855318677072396
65 0.00003546283794272714
66 0.00009314029848720488
67 0.00004203784642398019
72 0.0019406908315597465
73 0.0003858275493267621
76 0.0008015055921551466
77 0.00046465581618336337
87 0.0001891562677877985
102 0.00025332444879269114
104 0.0004924153504300117
113 0.00011133348371866765
135 0.0008941598834407718
138 0.0007550417726806894
144 0.0005074271160050014
159 0.000533051014253833
171 0.0002737223581753738
185 0.0002656336848489608
186 0.0007576384992297557
197 0.0002904236905482616
206 0.00044451570202655086
243 0.000264773477364449
247 0.00026056072380914035
259 0.00025891534254753946
261 0.0002338723830583595
278 0.002642646204382413
365 0.0008544448391450592
368 0.00018686500362842702
457 0.0002936355528176933
494 0.00019532208520319432
496 0.0002464916487181342
497 0.00017684408550895013
550 0.00025332444879269114
573 0.0001652752038556845
652 0.0004737399020075509
669 0.00012589385831905585
851 0.00008185705212231243
858 0.0002457554359134993
876 0.0003911548205288988
911 0.0004120699366150429
922 0.00043730308863810597
1060 0.0002852508106156339
1111 0.0006037805934374678
1154 0.0007921172739613768
1271 0.0007305054994379872
1285 0.0014532893234809562
1395 0.0001739500102896398
1494 0.0005188152611795682
2346 0.002241438315640694
4203 0.000505900267840781
4257 0.0003887745697496512
5165 0.004830244747499743
5413 0.0006758309323565803
5470 0.0007384474589275524
6397 0.000873114324417637
6398 0.000873114324417637