9 0.00023858277221570697
13 0.000019487324150714776
21 0.0001430533573344265
26 0.00012343399523364164
34 0.000043438765255019996
36 0.00012444579405299303
38 0.000005801646248097621
39 0.000013901335368914586
40 0.000012008345186710319
41 0.000014853122149744404
42 0.000051443803059355216
43 0.000016486150317022987
44 0.00013635553537529827
45 0.00012982121229608657
46 0.0005044346925939492
47 0.00045141279616464847
48 0.00013154366307515625
49 0.0001664826957563729
55 0.00009700475713476236
56 0.00012955459643277864
57 0.0001250684069607151
59 0.00020079305284486732
60 0.0012864587752836518
63 0.00000567829780156086
65 0.00001773141897136357
66 0.00009314029848720488
67 0.00008407569284796038
81 0.0007296283674576283
84 0.0004261759244447152
88 0.00024872719512041187
104 0.00032827690028667443
122 0.00036834169965234924
125 0.0002682511308492756
144 0.0003382847440033342
150 0.0007124225229804181
158 0.00028424192373937554
175 0.0030031121824492897
180 0.0001136486243970201
196 0.0003351616683040378
210 0.0009605321716409287
286 0.0001987752449196317
377 0.0003188377153162591
389 0.00044451570202655086
430 0.00022365154352182467
476 0.00045619873460859607
519 0.004219101959411027
538 0.0002852508106156339
545 0.0007971722597919076
573 0.000330550407711369
648 0.0016008869527348814
666 0.00032568748957397626
669 0.00012589385831905585
671 0.0005194705449015992
823 0.0009043587776695111
851 0.00008185705212231243
893 0.0003775208863403447
908 0.0003652527497189936
1037 0.0002709256892452844
1042 0.0010665059907720767
1114 0.0011583651350332708
1208 0.0007082030286839478
1417 0.0003911548205288988
1753 0.0008746061772762119
1785 0.00030499358548289365
1835 0.006534821266696528
2378 0.0003003233420124021
3142 0.0006758309323565803
3502 0.00036332233087023905
3895 0.000549621148441263
6399 0.006984914595341096
6400 0.0007881489921597373
6401 0.000873114324417637
6402 0.0007881489921597373