9 0.00017041626586836213
13 0.000019487324150714776
14 0.0007576384992297557
15 0.000769463865116443
16 0.00007545831652538253
19 0.00013212323419503196
34 0.000043438765255019996
35 0.0019438728487482563
38 0.000005801646248097621
39 0.000018535113825219447
40 0.00000900625889003274
41 0.00002227968322461661
42 0.00010288760611871043
43 0.00001236461273776724
44 0.00013635553537529827
46 0.00027514619596033594
47 0.00022570639808232424
48 0.00013154366307515625
49 0.00012486202181727967
51 0.00004686777384075253
55 0.00009700475713476236
56 0.0002591091928655573
57 0.0001250684069607151
63 0.00000567829780156086
65 0.00007092567588545428
67 0.00016815138569592077
71 0.00012561808978093188
72 0.0019406908315597465
73 0.00019291377466338104
76 0.0016030111843102933
87 0.0005674688033633956
89 0.00019011459890734794
102 0.00025332444879269114
107 0.0002049311356991152
144 0.0005074271160050014
146 0.000264773477364449
150 0.00017810563074510452
180 0.00005682431219851005
245 0.000363940178785324
360 0.00038678333270887957
401 0.001629906576195465
493 0.00023454039050719067
494 0.00039064417040638865
520 0.00016189608767124534
573 0.0001652752038556845
646 0.0003712334023506965
669 0.00012589385831905585
670 0.000665885611996771
803 0.0002597352724507996
851 0.00008185705212231243
858 0.0012287771795674966
1028 0.0003541015143419739
1395 0.0001739500102896398
1400 0.0009474798040151018
1472 0.00043730308863810597
1511 0.0004408563537610837
1591 0.0004691137279473833
1877 0.0007384474589275524
2101 0.0006534821266696528
2155 0.0014506543864615605
6403 0.011350486217429281
6404 0.000873114324417637
6405 0.000873114324417637