0 0.00019243773886705868
1 0.0001309668193588762
2 0.00017273030805218352
5 0.0002365665368606119
6 0.0002400196965770493
7 0.000233207996263883
8 0.00028224872431895635
13 0.000025983098867619697
34 0.00008687753051003999
36 0.00016592772540399069
38 0.000008702469372146433
39 0.000009267556912609724
40 0.000012008345186710319
41 0.000011139841612308305
42 0.00025721901529677615
43 0.000016486150317022987
45 0.00025964242459217314
46 0.0000917153986534453
47 0.00013542383884939454
52 0.00028994739050714656
58 0.0008237551125322549
59 0.00040158610568973463
60 0.0002572917550567303
63 0.0000037855318677072396
64 0.00018731984297588175
65 0.00005319425691409072
66 0.00009314029848720488
67 0.00004203784642398019
72 0.0012349850746289296
82 0.0036821365459606087
85 0.00024357296170002702
87 0.0009457813389389926
89 0.0003802291978146959
100 0.0004589124519785678
102 0.00025332444879269114
111 0.0007031836599018376
118 0.0009079086694440643
123 0.000188234616351904
124 0.00009942778247685315
130 0.00027274170858643915
159 0.0001776836714179443
165 0.00022550415909059743
171 0.0001368611790876869
193 0.0002936355528176933
196 0.0001675808341520189
251 0.00022002825322499402
263 0.0002338723830583595
264 0.00042171838115391097
277 0.00009965045113662244
286 0.0003975504898392634
287 0.00025810086072372616
310 0.00016226697770759457
353 0.0003753890228061612
357 0.0003438806748054391
375 0.00025891534254753946
411 0.00044608035070850863
494 0.00039064417040638865
608 0.0003438806748054391
772 0.0002597352724507996
897 0.0005587052342654505
1084 0.00036920725599727517
1162 0.00030263622314802144
1196 0.0003841483956894837
1214 0.000848076737550732
1243 0.0007384474589275524
1596 0.0004603543550640608
1635 0.0007384474589275524
1636 0.0004603543550640608
1637 0.0005332529953860384
1638 0.0007031836599018376