9 0.00020449951904203455
12 0.0002564879550388143
13 0.000006495774716904924
16 0.00007545831652538253
21 0.0001430533573344265
22 0.0006708679445748862
34 0.000043438765255019996
38 0.000005801646248097621
39 0.000009267556912609724
40 0.00000900625889003274
41 0.000014853122149744404
42 0.000051443803059355216
43 0.00001236461273776724
44 0.00013635553537529827
46 0.0003210038952870586
47 0.00027084767769878907
48 0.00013154366307515625
49 0.00008324134787818645
51 0.00004686777384075253
56 0.00019433189464916796
63 0.0000037855318677072396
65 0.00001773141897136357
67 0.00004203784642398019
73 0.00019291377466338104
144 0.0001691423720016671
167 0.00045217938883475555
217 0.0008609827766498793
229 0.0005121877518304292
251 0.00022002825322499402
265 0.0004120699366150429
324 0.0003753890228061612
352 0.0002958245228348551
368 0.00018686500362842702
455 0.00041790813825628515
543 0.0003960586369806884
550 0.00025332444879269114
573 0.0001652752038556845
606 0.0011370335888235062
851 0.00008185705212231243
1146 0.00457437488668757
1310 0.003269900977832152
1395 0.0005218500308689194
1621 0.0004338499289216686
1880 0.0005587052342654505
2063 0.00040116683707882124
2637 0.00043049138832493966
3915 0.0028127346396073505
4872 0.0023644469764792122
5165 0.0018113417803124036
6406 0.008669638913757112
6407 0.000873114324417637