9 0.00013633301269468968
13 0.000019487324150714776
16 0.00007545831652538253
22 0.0001341735889149772
26 0.00012343399523364164
30 0.0008873060453823461
34 0.00008687753051003999
37 0.00020975981940966445
38 0.000005801646248097621
39 0.000009267556912609724
40 0.000006004172593355159
41 0.000007426561074872202
43 0.00001236461273776724
51 0.00004686777384075253
56 0.00006477729821638932
59 0.0022087235812935408
63 0.00000567829780156086
65 0.00005319425691409072
66 0.00018628059697440975
67 0.00004203784642398019
89 0.00009505729945367397
104 0.00016413845014333722
115 0.0002059878583080766
124 0.00009942778247685315
136 0.0005851111081648902
144 0.0001691423720016671
146 0.000264773477364449
175 0.0011261670684184837
176 0.00033751149866781817
177 0.00015160120460271228
180 0.00005682431219851005
247 0.00026056072380914035
261 0.000467744766116719
299 0.0009474798040151018
392 0.0011877353727907164
669 0.00012589385831905585
851 0.00016371410424462487
858 0.0004915108718269986
894 0.0005121877518304292
1182 0.00045217938883475555
1208 0.0003541015143419739
1586 0.001132562659021034
2398 0.00044828766312813873
2640 0.00043730308863810597
3502 0.00036332233087023905
3717 0.00048355146215385347
3719 0.0004272224195725296
4204 0.00045619873460859607
4422 0.0007031836599018376
5467 0.0007881489921597373
5517 0.0007031836599018376
6408 0.000873114324417637
6409 0.000873114324417637
6410 0.000873114324417637