9 0.00013633301269468968
13 0.000012991549433809848
16 0.00007545831652538253
17 0.0018869457585405536
18 0.00047449886069093585
19 0.0002642464683900639
23 0.0006840560687769785
26 0.00012343399523364164
33 0.00033993182475120415
34 0.000043438765255019996
38 0.000005801646248097621
39 0.000018535113825219447
40 0.00001801251778006548
41 0.000011139841612308305
42 0.00010288760611871043
43 0.000008243075158511493
44 0.00027271107075059654
46 0.0003668615946137812
47 0.00031598895731525394
48 0.00013154366307515625
49 0.000041620673939093223
51 0.0001874710953630101
63 0.0000037855318677072396
65 0.00001773141897136357
66 0.00009314029848720488
67 0.00008407569284796038
89 0.00009505729945367397
106 0.002023601071363124
113 0.0002226669674373353
124 0.00009942778247685315
180 0.00005682431219851005
192 0.0003242865707429365
259 0.0005178306850950789
283 0.00041790813825628515
438 0.00287640295814921
440 0.00048355146215385347
444 0.001099242296882526
445 0.00023123617256302196
449 0.0008609827766498793
480 0.0003672140565768559
496 0.0002464916487181342
554 0.0007971722597919076
573 0.000330550407711369
613 0.0002597352724507996
669 0.00012589385831905585
703 0.0002862680700927968
717 0.000393582208037624
741 0.0007046755127604127
772 0.0002597352724507996
803 0.0002597352724507996
851 0.00008185705212231243
1034 0.00034065472379816113
1036 0.0007465872063479684
1321 0.0003271046043571432
1612 0.0006345864806991627
2085 0.0022032843394611356
3601 0.0007344281131537118
3713 0.0005587052342654505
6411 0.000873114324417637
6412 0.000873114324417637
6413 0.000873114324417637