1 0.0001309668193588762
9 0.00013633301269468968
13 0.000025983098867619697
16 0.00007545831652538253
19 0.0002642464683900639
21 0.000286106714668853
22 0.0001341735889149772
30 0.0006654795340367597
33 0.00011331060825040136
36 0.00004148193135099767
38 0.000005801646248097621
39 0.000013901335368914586
40 0.00000900625889003274
41 0.000011139841612308305
42 0.00015433140917806565
43 0.000020607687896278735
44 0.00013635553537529827
46 0.0005044346925939492
47 0.00045141279616464847
48 0.00013154366307515625
49 0.000041620673939093223
51 0.00004686777384075253
55 0.00009700475713476236
56 0.00019433189464916796
57 0.0001250684069607151
63 0.0000037855318677072396
65 0.00001773141897136357
67 0.00008407569284796038
69 0.00023724943034546792
72 0.00017642643923270423
73 0.00019291377466338104
74 0.00030499358548289365
76 0.0001335842653591911
81 0.0012768496430508498
89 0.00009505729945367397
99 0.0016355230217857163
107 0.0002049311356991152
113 0.00011133348371866765
115 0.0002059878583080766
124 0.00009942778247685315
180 0.00005682431219851005
192 0.000648573141485873
214 0.000273659908111955
243 0.000529546954728898
251 0.00044005650644998804
288 0.00045603737918465233
304 0.00026056072380914035
307 0.00045100831818119485
320 0.0008841754550026923
360 0.00038678333270887957
367 0.0002673724241223067
437 0.00032153186911851154
452 0.0005529130198929884
573 0.0001652752038556845
654 0.003085994476327586
669 0.00012589385831905585
752 0.00048355146215385347
759 0.0028616563267547107
851 0.00008185705212231243
876 0.0003911548205288988
1036 0.0003732936031739842
1283 0.0006781460730349327
1395 0.0001739500102896398
1586 0.0003775208863403447
1741 0.0005908656000986806
1769 0.000499919615209078
1788 0.0004120699366150429
1890 0.0006037805934374678
3092 0.0004338499289216686
3133 0.0007881489921597373
3459 0.001903759442097488
3601 0.0003672140565768559
4192 0.0005258216860189834
4201 0.002345568639736917
4501 0.000618218327643938
4609 0.0005332529953860384
5412 0.0073844745892755245
6414 0.000873114324417637