0 0.00038487547773411737
1 0.0001309668193588762
9 0.00020449951904203455
13 0.00007145352188595418
16 0.00015091663305076506
19 0.00013212323419503196
21 0.001144426858675412
26 0.000370301985700925
28 0.0012666222439634558
30 0.00022182651134558653
33 0.00011331060825040136
34 0.000043438765255019996
36 0.00004148193135099767
38 0.000005801646248097621
39 0.000013901335368914586
40 0.000015010431483387899
41 0.000014853122149744404
42 0.00025721901529677615
43 0.00002885076305479023
44 0.0003408888384382457
46 0.0006420077905741172
47 0.000586836635014043
48 0.00013154366307515625
49 0.00008324134787818645
51 0.0001874710953630101
56 0.00012955459643277864
63 0.0000037855318677072396
65 0.00001773141897136357
67 0.00004203784642398019
76 0.0009350898575143378
81 0.0014592567349152566
87 0.0001891562677877985
89 0.0003802291978146959
102 0.00025332444879269114
107 0.0004098622713982304
124 0.0001988555649537063
135 0.002384426355842058
136 0.0005851111081648902
144 0.0013531389760133368
159 0.0003553673428358886
160 0.00018023749427928805
177 0.00015160120460271228
180 0.00005682431219851005
210 0.0006403547810939524
251 0.00022002825322499402
265 0.0004120699366150429
277 0.00019930090227324488
286 0.0001987752449196317
293 0.0016426914697896338
297 0.00034888459666376895
300 0.0008241398732300858
309 0.0003003233420124021
368 0.0007474600145137081
375 0.00025891534254753946
392 0.0002969338431976791
401 0.000543302192065155
475 0.0002862680700927968
497 0.00017684408550895013
520 0.00016189608767124534
572 0.00033907303651746636
573 0.0001652752038556845
577 0.000549621148441263
585 0.0003911548205288988
641 0.003148657664300992
671 0.0002597352724507996
708 0.00035955036976865123
711 0.0004092519030008361
851 0.00008185705212231243
871 0.0003960586369806884
879 0.0002958245228348551
915 0.00032290148184198857
1001 0.00030739717354226806
1010 0.0015365632554912878
1029 0.00023724943034546792
1030 0.0013015497867650057
1066 0.000424038368775366
1067 0.0004408563537610837
1084 0.00036920725599727517
1100 0.0008023336741576425
1450 0.00032568748957397626
1655 0.0005791825675166354
1788 0.0016482797464601716
1827 0.00041790813825628515
1878 0.0007682967913789674
2033 0.0005908656000986806
2129 0.0015564457835387047
2260 0.00045619873460859607
2637 0.00043049138832493966
2697 0.001203500511236464
2700 0.00040380304757415875
2701 0.0004603543550640608
2702 0.00046465581618336337
2703 0.00045217938883475555
2876 0.0012075611868749357
3007 0.00043049138832493966
3018 0.0008817127075221674
3092 0.0008676998578433372
3718 0.0007031836599018376
4201 0.002345568639736917
4205 0.0005188152611795682
4218 0.0006758309323565803
4261 0.0005908656000986806
4370 0.0004603543550640608
4371 0.0004785475402955236
4372 0.0004691137279473833
4373 0.00046465581618336337
4374 0.0004737399020075509
4375 0.0004603543550640608
4609 0.0005332529953860384
4760 0.0014826517057762074
5413 0.0013516618647131605
6415 0.0015762979843194746
6416 0.0015762979843194746