9 0.00013633301269468968
13 0.000006495774716904924
16 0.00007545831652538253
21 0.000286106714668853
34 0.000043438765255019996
38 0.000005801646248097621
39 0.000013901335368914586
40 0.000012008345186710319
41 0.000014853122149744404
42 0.00010288760611871043
43 0.00002472922547553448
44 0.00013635553537529827
46 0.0004127192939405039
47 0.00045141279616464847
48 0.00013154366307515625
49 0.00008324134787818645
51 0.0001406033215222576
56 0.00006477729821638932
63 0.0000037855318677072396
65 0.00001773141897136357
66 0.00018628059697440975
67 0.00012611353927194057
71 0.00037685426934279566
72 0.0019406908315597465
73 0.0003858275493267621
76 0.0010686741228735288
87 0.000756625071151194
104 0.00016413845014333722
113 0.0002226669674373353
144 0.0006765694880066684
146 0.000264773477364449
177 0.00030320240920542457
183 0.0006243870952872076
185 0.0002656336848489608
186 0.0005050923328198371
245 0.000181970089392662
247 0.00026056072380914035
255 0.00017273030805218352
259 0.00025891534254753946
261 0.0002338723830583595
299 0.0004737399020075509
365 0.0008544448391450592
368 0.00018686500362842702
493 0.00046908078101438134
497 0.0008842204275447508
520 0.0003237921753424907
555 0.0002457554359134993
576 0.0003086168757797243
608 0.0006877613496108782
851 0.00008185705212231243
858 0.0002457554359134993
911 0.0004120699366150429
922 0.00043730308863810597
1029 0.0007117482910364039
1070 0.0003541015143419739
1100 0.00040116683707882124
1325 0.00031235053690802886
1395 0.0001739500102896398
1403 0.00034552605606704003
1524 0.0005791825675166354
1528 0.0021865154431905303
1618 0.0008076060951483175
3502 0.00036332233087023905
4345 0.0007881489921597373
5843 0.0007031836599018376
6132 0.0007384474589275524