9 0.00003408325317367242
13 0.000019487324150714776
16 0.00007545831652538253
26 0.00012343399523364164
30 0.00022182651134558653
34 0.00008687753051003999
38 0.000005801646248097621
39 0.000009267556912609724
40 0.000012008345186710319
41 0.000011139841612308305
42 0.00010288760611871043
43 0.00001236461273776724
44 0.00013635553537529827
46 0.0003668615946137812
47 0.00036113023693171874
48 0.00013154366307515625
49 0.000041620673939093223
51 0.00004686777384075253
60 0.0002572917550567303
63 0.0000037855318677072396
65 0.00001773141897136357
67 0.00004203784642398019
69 0.00023724943034546792
71 0.00012561808978093188
99 0.0003271046043571432
100 0.00015297081732618925
150 0.00035621126149020904
165 0.00022550415909059743
171 0.0002737223581753738
180 0.00005682431219851005
196 0.0001675808341520189
263 0.0002338723830583595
270 0.00035955036976865123
274 0.0014468575164264075
277 0.00029895135340986733
286 0.0001987752449196317
287 0.00025810086072372616
396 0.00019196354460646538
445 0.0004624723451260439
461 0.0003985861298959538
467 0.00034552605606704003
494 0.00019532208520319432
613 0.0002597352724507996
851 0.00008185705212231243
854 0.0015774650580569502
861 0.0028424394120453054
863 0.00036920725599727517
1029 0.00047449886069093585
1115 0.00043730308863810597
1290 0.0009332799141683663
1328 0.0010623045430259218
1424 0.0010376305223591363
1425 0.0018764549117895333
1442 0.0004338499289216686
1529 0.0003818991754555788
2366 0.0012537244147688554
3393 0.0006534821266696528
6043 0.0006534821266696528
6417 0.004365571622088185