9 0.00020449951904203455
13 0.00005196619773523939
21 0.0001430533573344265
22 0.00040252076674493167
26 0.000370301985700925
33 0.00011331060825040136
34 0.00017375506102007999
36 0.00004148193135099767
37 0.0020975981940966446
38 0.000011603292496195242
39 0.00002316889228152431
40 0.00001801251778006548
41 0.000018566402687180508
42 0.00010288760611871043
43 0.000020607687896278735
44 0.00027271107075059654
45 0.00012982121229608657
47 0.00004514127961646484
61 0.00035285287846540845
63 0.0000094638296692681
65 0.00001773141897136357
66 0.00027942089546161464
67 0.00016815138569592077
69 0.00023724943034546792
70 0.00035233775638020634
71 0.00025123617956186376
76 0.0002671685307183822
107 0.0022542424926902675
113 0.00011133348371866765
115 0.0002059878583080766
122 0.00036834169965234924
139 0.00028224872431895635
143 0.00032998895069327885
161 0.011730441115969402
165 0.00045100831818119485
171 0.0005474447163507476
180 0.00005682431219851005
183 0.000416258063524805
245 0.000181970089392662
247 0.00026056072380914035
255 0.00017273030805218352
277 0.001096154962502847
304 0.00026056072380914035
310 0.002434004665613919
324 0.0003753890228061612
347 0.001983819789923887
355 0.0004887683798320584
357 0.0037826874228598303
367 0.0002673724241223067
376 0.00034065472379816113
377 0.002550701722530073
391 0.0013870153556247917
393 0.0006781460730349327
399 0.0011877353727907164
401 0.000905503653441925
430 0.00044730308704364933
475 0.0022901445607423744
492 0.00037969048392546374
497 0.0007073763420358005
506 0.0014959153171579206
507 0.00027274170858643915
508 0.0002682511308492756
524 0.0025383459227966507
538 0.0008557524318469018
551 0.0002832412727662006
557 0.003816345318978295
569 0.004630284291411695
570 0.0047308165264960626
573 0.000330550407711369
595 0.00044451570202655086
667 0.0009123974692171921
669 0.0003776815749571676
729 0.0009382274558947666
730 0.0008965753262562775
786 0.0137293036175214
811 0.005878332054851823
851 0.0002455711563669373
888 0.000505900267840781
890 0.013723124660062709
895 0.0005332529953860384
979 0.0004338499289216686
988 0.00041790813825628515
996 0.0005685167944117531
1001 0.00030739717354226806
1057 0.0013015497867650057
1188 0.002234820937061802
1272 0.0005685167944117531
1397 0.00028028741746109395
1445 0.0005685167944117531
1514 0.0006037805934374678
1573 0.013398532866715537
1650 0.00041790813825628515
1713 0.0004120699366150429
1739 0.0006534821266696528
1753 0.0017492123545524239
1781 0.0011289948972758254
1785 0.0006099871709657873
2016 0.000505900267840781
2108 0.0005791825675166354
2218 0.00045619873460859607
2319 0.000549621148441263
2406 0.0006758309323565803
2600 0.0005121877518304292
2638 0.0010665059907720767
3049 0.0013516618647131605
3245 0.001236436655287876
4087 0.0007881489921597373
4236 0.0004942172352587358
4640 0.0005332529953860384
5155 0.0014768949178551047
6376 0.009056708901562018
6419 0.002619342973252911
6420 0.013096714866264555
6421 0.000873114324417637
6422 0.000873114324417637
6423 0.003492457297670548
6424 0.0007881489921597373
6425 0.001746228648835274