0 0.00019243773886705868
1 0.0001309668193588762
2 0.00017273030805218352
3 0.00037969048392546374
4 0.00035233775638020634
5 0.0002365665368606119
6 0.0002400196965770493
7 0.000233207996263883
8 0.00028224872431895635
13 0.000019487324150714776
33 0.00011331060825040136
34 0.000043438765255019996
36 0.00012444579405299303
38 0.000008702469372146433
39 0.000013901335368914586
40 0.00000900625889003274
41 0.000011139841612308305
42 0.00010288760611871043
43 0.00001236461273776724
44 0.00013635553537529827
45 0.00012982121229608657
46 0.0001834307973068906
47 0.00027084767769878907
48 0.00013154366307515625
49 0.000041620673939093223
51 0.00004686777384075253
52 0.00014497369525357328
56 0.00006477729821638932
61 0.00017642643923270423
63 0.0000018927659338536198
64 0.00018731984297588175
65 0.00003546283794272714
67 0.00004203784642398019
71 0.00012561808978093188
76 0.0004007527960775733
85 0.00024357296170002702
88 0.00024872719512041187
122 0.00018417084982617462
124 0.0001988555649537063
139 0.00028224872431895635
144 0.0006765694880066684
154 0.0006629139619520678
171 0.0002737223581753738
226 0.0002049311356991152
253 0.003461252339516919
255 0.0006909212322087341
287 0.00025810086072372616
294 0.0015943445195838151
352 0.0002958245228348551
356 0.0024389832082584674
363 0.00036332233087023905
376 0.00034065472379816113
401 0.00018110073068838497
437 0.0006430637382370231
537 0.0003960586369806884
543 0.0003960586369806884
577 0.000549621148441263
614 0.0005121877518304292
615 0.003920892760017917
756 0.0007384474589275524
800 0.0007384474589275524
946 0.006699665564137332
1015 0.0022740671776470124
1029 0.0009489977213818717
1093 0.00036920725599727517
1112 0.0007344281131537118
1310 0.00399654563957263
1335 0.003267410633348264
1494 0.0005188152611795682
1538 0.0013939674485500902
1639 0.000873114324417637
1640 0.000873114324417637
1641 0.007881489921597373
1642 0.0006345864806991627
1643 0.0007881489921597373
1644 0.0025383459227966507
1645 0.003940744960798687
1646 0.0031525959686389492
1647 0.0006037805934374678
1648 0.000873114324417637
1649 0.000873114324417637
1650 0.00041790813825628515
1651 0.000873114324417637
1652 0.000873114324417637