9 0.00013633301269468968
13 0.000025983098867619697
15 0.0002564879550388143
19 0.00039636970258509594
20 0.0004929832974362684
34 0.000043438765255019996
36 0.00004148193135099767
38 0.000017404938744292866
39 0.000013901335368914586
40 0.00000900625889003274
41 0.000007426561074872202
43 0.000008243075158511493
46 0.0000917153986534453
47 0.00009028255923292969
49 0.000041620673939093223
51 0.00009373554768150506
52 0.00014497369525357328
63 0.00001135659560312172
65 0.00003546283794272714
67 0.00012611353927194057
72 0.00017642643923270423
76 0.0004007527960775733
81 0.00018240709186440708
88 0.00024872719512041187
107 0.0004098622713982304
113 0.00011133348371866765
122 0.00036834169965234924
123 0.000188234616351904
124 0.00009942778247685315
140 0.0004603543550640608
144 0.0005074271160050014
146 0.000794320432093347
150 0.0005343168922353136
159 0.0003553673428358886
165 0.00022550415909059743
171 0.0002737223581753738
176 0.0006750229973356363
180 0.00005682431219851005
183 0.0006243870952872076
209 0.0005791825675166354
214 0.000273659908111955
226 0.0002049311356991152
230 0.0002958245228348551
237 0.0010676730645095523
251 0.00022002825322499402
253 0.0002472323099654942
254 0.0017088896782901184
255 0.00017273030805218352
261 0.000467744766116719
264 0.0006325775717308665
277 0.00019930090227324488
324 0.0003753890228061612
338 0.000549621148441263
347 0.0002479774737404859
399 0.0008908015295930374
401 0.00036220146137676994
442 0.0003242865707429365
445 0.00023123617256302196
467 0.00034552605606704003
492 0.0026578333874782466
508 0.002950762439342032
512 0.0006350250466893421
520 0.0003237921753424907
594 0.0006877613496108782
609 0.00043730308863810597
637 0.0005587052342654505
666 0.00032568748957397626
678 0.0009207087101281216
730 0.00044828766312813873
746 0.0003672140565768559
772 0.0010389410898031983
779 0.00030263622314802144
786 0.0008076060951483175
820 0.00046465581618336337
839 0.000549621148441263
851 0.00032742820848924973
891 0.0004785475402955236
996 0.0005685167944117531
1062 0.0005162017214474523
1115 0.00043730308863810597
1162 0.00030263622314802144
1328 0.0038951166577617133
1368 0.00045217938883475555
1383 0.0005685167944117531
1388 0.0003753890228061612
1397 0.0016817245047665637
1425 0.0004691137279473833
1486 0.00046465581618336337
1753 0.00043730308863810597
1837 0.000499919615209078
2148 0.00044828766312813873
2177 0.0007031836599018376
2722 0.00041790813825628515
2964 0.0006758309323565803
3502 0.00036332233087023905
4166 0.0006758309323565803
4810 0.0006758309323565803
4857 0.0007881489921597373
6441 0.002619342973252911
6442 0.002619342973252911
6443 0.000873114324417637
6444 0.001746228648835274