1 0.0001309668193588762
9 0.00013633301269468968
13 0.00003247887358452463
16 0.00030183326610153013
20 0.0002464916487181342
26 0.0004937359809345666
33 0.00011331060825040136
34 0.00017375506102007999
35 0.0003887745697496512
36 0.00004148193135099767
38 0.000011603292496195242
39 0.00002316889228152431
40 0.000030020862966775798
41 0.000029706244299488808
42 0.00010288760611871043
43 0.00002472922547553448
46 0.0000917153986534453
47 0.00009028255923292969
48 0.00013154366307515625
49 0.000041620673939093223
51 0.00009373554768150506
52 0.00014497369525357328
56 0.0003238864910819466
57 0.0001250684069607151
63 0.000007571063735414479
65 0.00001773141897136357
66 0.0003725611939488195
67 0.00008407569284796038
76 0.0004007527960775733
107 0.0002049311356991152
113 0.00011133348371866765
115 0.0004119757166161532
140 0.0004603543550640608
146 0.000264773477364449
150 0.00017810563074510452
154 0.0003314569809760339
183 0.0006243870952872076
185 0.0005312673696979216
226 0.0002049311356991152
230 0.0002958245228348551
247 0.0007816821714274212
251 0.00022002825322499402
264 0.00021085919057695548
277 0.00039860180454648976
279 0.00022929556638299245
286 0.0001987752449196317
287 0.00025810086072372616
310 0.00016226697770759457
315 0.0004785475402955236
338 0.000549621148441263
375 0.00025891534254753946
391 0.00166441842674975
396 0.0005758906338193962
401 0.0007244029227535399
412 0.00028729384230050906
413 0.00024142866684252312
445 0.00023123617256302196
475 0.00543909333176314
492 0.0022781429035527824
497 0.00017684408550895013
507 0.0005454834171728783
508 0.0032190135701913075
512 0.0025401001867573682
520 0.00016189608767124534
543 0.0003960586369806884
550 0.0005066488975853823
555 0.0002457554359134993
572 0.00033907303651746636
594 0.0006877613496108782
608 0.0010316420244163174
613 0.0002597352724507996
625 0.00048355146215385347
669 0.00012589385831905585
682 0.0003753890228061612
686 0.0005188152611795682
698 0.0008890314040531017
772 0.0002597352724507996
779 0.0015131811157401073
782 0.00036142184220439385
820 0.00046465581618336337
851 0.00016371410424462487
852 0.0011663237092489538
863 0.00036920725599727517
868 0.0002709256892452844
915 0.00032290148184198857
993 0.00043049138832493966
1062 0.00025810086072372616
1088 0.000499919615209078
1114 0.0005791825675166354
1115 0.00043730308863810597
1117 0.0015997589861581152
1120 0.0005894503033351281
1153 0.0004120699366150429
1173 0.00041790813825628515
1187 0.0007154140816886777
1328 0.0003541015143419739
1342 0.0007384474589275524
1357 0.001117410468530901
1397 0.003083161592072034
1478 0.000499919615209078
1499 0.000393582208037624
1539 0.0006758309323565803
1781 0.0005644974486379127
1785 0.00030499358548289365
1822 0.0006037805934374678
2063 0.00040116683707882124
2366 0.00041790813825628515
2398 0.00044828766312813873
2629 0.0006345864806991627
2631 0.0024724196196902574
3208 0.00034065472379816113
3777 0.0004785475402955236
4114 0.0006534821266696528
4175 0.000618218327643938
4603 0.0006345864806991627
6445 0.000873114324417637
6446 0.000873114324417637
6447 0.000873114324417637
6448 0.000873114324417637
6449 0.000873114324417637
6450 0.000873114324417637
6451 0.000873114324417637
6452 0.000873114324417637
6453 0.0007881489921597373
6454 0.000873114324417637