0 0.00019243773886705868
9 0.00034083253173672426
13 0.000019487324150714776
18 0.0011862471517273398
19 0.00013212323419503196
33 0.00022662121650080273
38 0.0000029008231240488105
39 0.000027802670737829172
40 0.000015010431483387899
41 0.000007426561074872202
42 0.00020577521223742086
43 0.000016486150317022987
51 0.00004686777384075253
55 0.00009700475713476236
56 0.0002591091928655573
61 0.00035285287846540845
63 0.00001324936153697534
65 0.00003546283794272714
67 0.00004203784642398019
71 0.00012561808978093188
72 0.00035285287846540845
73 0.0003858275493267621
74 0.00030499358548289365
76 0.0006679213267959556
88 0.00024872719512041187
89 0.0008555156950830659
105 0.0006629139619520678
107 0.0002049311356991152
113 0.0002226669674373353
124 0.00009942778247685315
144 0.0006765694880066684
154 0.0003314569809760339
159 0.0003553673428358886
160 0.00018023749427928805
165 0.00022550415909059743
179 0.0012344675031188972
180 0.0001136486243970201
251 0.00022002825322499402
260 0.0003818991754555788
267 0.0013917849930616972
277 0.0006975531579563571
294 0.0003985861298959538
297 0.00034888459666376895
307 0.00022550415909059743
309 0.0003003233420124021
315 0.0004785475402955236
347 0.0002479774737404859
368 0.00018686500362842702
379 0.0003438806748054391
475 0.004866557191577547
480 0.0007344281131537118
493 0.00023454039050719067
550 0.00025332444879269114
555 0.0009830217436539973
638 0.0008023336741576425
652 0.0004737399020075509
669 0.00012589385831905585
671 0.0007792058173523988
708 0.00035955036976865123
805 0.0004691137279473833
850 0.0003960586369806884
851 0.00008185705212231243
875 0.001152445187068451
898 0.0003014743275909555
1030 0.0004338499289216686
1066 0.000424038368775366
1067 0.0004408563537610837
1283 0.00033907303651746636
1321 0.0016355230217857163
1325 0.0018741032214481734
1792 0.0007384474589275524
1878 0.0007682967913789674
1900 0.001903759442097488
2213 0.0008890314040531017
2529 0.0007384474589275524
2637 0.00043049138832493966
2640 0.0013119092659143181
2697 0.001203500511236464
2700 0.00040380304757415875
2701 0.0004603543550640608
2702 0.00046465581618336337
2703 0.00045217938883475555
2979 0.0021095509797055133
3018 0.0004408563537610837
3502 0.00036332233087023905
4370 0.0004603543550640608
4371 0.0004785475402955236
4372 0.0004691137279473833
4373 0.00046465581618336337
4374 0.0004737399020075509
4375 0.0004603543550640608
4824 0.000618218327643938
6376 0.0012075611868749357
6455 0.000873114324417637
6456 0.000873114324417637