1 0.0001309668193588762
2 0.00017273030805218352
9 0.00003408325317367242
12 0.000769463865116443
13 0.000006495774716904924
14 0.0010101846656396741
16 0.00015091663305076506
23 0.00022801868959232616
26 0.00012343399523364164
28 0.0005066488975853823
33 0.00011331060825040136
34 0.00013031629576506
36 0.00004148193135099767
38 0.000008702469372146433
39 0.00002316889228152431
40 0.00002101460407674306
41 0.00002227968322461661
42 0.000051443803059355216
43 0.000016486150317022987
47 0.00004514127961646484
49 0.00008324134787818645
56 0.00012955459643277864
63 0.000007571063735414479
65 0.00003546283794272714
67 0.00004203784642398019
69 0.00023724943034546792
70 0.00035233775638020634
71 0.00012561808978093188
76 0.0004007527960775733
89 0.00009505729945367397
97 0.00046908078101438134
107 0.0002049311356991152
113 0.0002226669674373353
122 0.00036834169965234924
180 0.00005682431219851005
185 0.0002656336848489608
210 0.0003201773905469762
222 0.0003841483956894837
245 0.000181970089392662
255 0.00017273030805218352
270 0.005393255546529769
271 0.0014959153171579206
274 0.00578743006570563
277 0.00009965045113662244
283 0.00041790813825628515
288 0.00022801868959232616
298 0.0005908656000986806
309 0.0003003233420124021
347 0.0002479774737404859
357 0.0003438806748054391
360 0.00019339166635443979
363 0.0014532893234809562
368 0.00037373000725685404
391 0.0011096122844998333
396 0.00038392708921293077
401 0.000543302192065155
405 0.0009884344705174716
452 0.0013822825497324712
475 0.003435216841113562
495 0.0003753890228061612
533 0.0023927377014776184
538 0.0008557524318469018
550 0.002026595590341529
554 0.0003985861298959538
575 0.006070803214089373
697 0.0004691137279473833
772 0.0002597352724507996
851 0.00008185705212231243
870 0.00044828766312813873
988 0.00041790813825628515
1142 0.0005188152611795682
1177 0.0010376305223591363
1206 0.0006534821266696528
1290 0.001244373218891155
1343 0.0005258216860189834
1449 0.0005685167944117531
2012 0.001099242296882526
2152 0.0004942172352587358
2542 0.0013069642533393056
2987 0.0012075611868749357
4178 0.0007031836599018376
4280 0.0004338499289216686
4470 0.0007384474589275524
4853 0.0006534821266696528
5581 0.0007031836599018376
6457 0.000873114324417637
6458 0.001746228648835274
6459 0.004365571622088185
6460 0.0015762979843194746
6461 0.0007881489921597373
6462 0.0014768949178551047
6463 0.000873114324417637
6464 0.000873114324417637
6465 0.001746228648835274
6466 0.000873114324417637
6467 0.000873114324417637
6468 0.002619342973252911
6469 0.000873114324417637
6470 0.000873114324417637
6471 0.000873114324417637
6472 0.000873114324417637
6473 0.001746228648835274
6474 0.000873114324417637
6475 0.000873114324417637