1 0.0001309668193588762
9 0.00017041626586836213
13 0.00003247887358452463
19 0.00013212323419503196
26 0.00012343399523364164
33 0.00011331060825040136
34 0.000043438765255019996
37 0.00020975981940966445
38 0.000005801646248097621
39 0.000018535113825219447
40 0.00001801251778006548
41 0.000018566402687180508
42 0.000051443803059355216
43 0.00002885076305479023
44 0.00013635553537529827
46 0.0004127192939405039
47 0.00036113023693171874
48 0.00013154366307515625
49 0.000041620673939093223
52 0.00014497369525357328
55 0.0006790332999433367
63 0.000007571063735414479
65 0.00001773141897136357
67 0.00008407569284796038
72 0.0010585586353962255
73 0.00019291377466338104
87 0.0005674688033633956
97 0.00023454039050719067
100 0.00015297081732618925
102 0.0005066488975853823
104 0.0004924153504300117
113 0.00011133348371866765
124 0.00009942778247685315
177 0.0004548036138081369
180 0.0001136486243970201
247 0.00026056072380914035
260 0.0003818991754555788
261 0.000467744766116719
264 0.00042171838115391097
286 0.0001987752449196317
347 0.0002479774737404859
401 0.0007244029227535399
412 0.00028729384230050906
413 0.00024142866684252312
486 0.003935727797742955
498 0.0003558910215031841
543 0.0003960586369806884
551 0.0002832412727662006
573 0.000330550407711369
613 0.0002597352724507996
647 0.0005332529953860384
658 0.0003841483956894837
691 0.0003038092374917516
851 0.00008185705212231243
898 0.0003014743275909555
1036 0.0003732936031739842
1057 0.0013015497867650057
1173 0.0008358162765125703
1264 0.0009293116323667267
1343 0.0005258216860189834
1357 0.0005587052342654505
1395 0.0001739500102896398
1781 0.0005644974486379127
2693 0.000424038368775366
2774 0.0006758309323565803
4047 0.0006758309323565803
4773 0.0005258216860189834
5249 0.0007881489921597373
5405 0.0007031836599018376
6406 0.0007881489921597373
6481 0.001746228648835274
6482 0.000873114324417637
6483 0.001746228648835274
6484 0.000873114324417637
6485 0.000873114324417637
6486 0.000873114324417637
6487 0.000873114324417637
6488 0.005517042945118162