9 0.00020449951904203455
13 0.00003247887358452463
16 0.00015091663305076506
19 0.0002642464683900639
21 0.0001430533573344265
28 0.00025332444879269114
33 0.00011331060825040136
38 0.000008702469372146433
39 0.000004633778456304862
40 0.00000900625889003274
41 0.000014853122149744404
42 0.00010288760611871043
43 0.000016486150317022987
45 0.00012982121229608657
49 0.00008324134787818645
51 0.00004686777384075253
63 0.00000567829780156086
65 0.00003546283794272714
67 0.00004203784642398019
71 0.00012561808978093188
72 0.0005292793176981127
73 0.00019291377466338104
76 0.0002671685307183822
97 0.00046908078101438134
107 0.0002049311356991152
113 0.0002226669674373353
115 0.0004119757166161532
122 0.00018417084982617462
124 0.0001988555649537063
183 0.000416258063524805
186 0.00025254616640991854
196 0.0001675808341520189
245 0.00090985044696331
255 0.00017273030805218352
277 0.00009965045113662244
286 0.0001987752449196317
293 0.0003285382939579267
324 0.0003753890228061612
392 0.0005938676863953582
401 0.00036220146137676994
412 0.00028729384230050906
440 0.0014506543864615605
469 0.0005332529953860384
538 0.0002852508106156339
614 0.0005121877518304292
642 0.0003887745697496512
836 0.000549621148441263
851 0.00016371410424462487
852 0.0011663237092489538
1037 0.0016255541354717067
1196 0.0003841483956894837
1395 0.0001739500102896398
1397 0.0011211496698443758
1403 0.0013821042242681601
1450 0.0006513749791479525
1477 0.0006345864806991627
1525 0.0005332529953860384
1586 0.002265125318042068
1618 0.00040380304757415875
1788 0.002060349683075215
1890 0.0006037805934374678
2378 0.0003003233420124021
3092 0.0008676998578433372
4265 0.000618218327643938
6489 0.001746228648835274
6490 0.001746228648835274