0 0.00019243773886705868
1 0.0002619336387177524
9 0.00013633301269468968
13 0.000012991549433809848
18 0.00047449886069093585
19 0.00013212323419503196
28 0.00025332444879269114
38 0.000008702469372146433
39 0.000013901335368914586
40 0.000012008345186710319
41 0.000007426561074872202
42 0.00010288760611871043
43 0.000020607687896278735
46 0.00004585769932672265
47 0.00004514127961646484
51 0.00009373554768150506
52 0.00014497369525357328
63 0.00000567829780156086
65 0.00001773141897136357
66 0.0004657014924360244
67 0.00008407569284796038
72 0.0005292793176981127
73 0.00019291377466338104
76 0.0004007527960775733
81 0.0005472212755932213
87 0.000378312535575597
97 0.00023454039050719067
124 0.0001988555649537063
144 0.0003382847440033342
171 0.0001368611790876869
177 0.00015160120460271228
180 0.00005682431219851005
183 0.000416258063524805
196 0.0001675808341520189
264 0.00021085919057695548
304 0.00026056072380914035
310 0.0009736018662455675
401 0.001629906576195465
438 0.0021573022186119075
452 0.0002764565099464942
487 0.0008609827766498793
494 0.00019532208520319432
496 0.0002464916487181342
497 0.0007073763420358005
514 0.00043049138832493966
520 0.00016189608767124534
537 0.0003960586369806884
613 0.0002597352724507996
803 0.0002597352724507996
851 0.00016371410424462487
873 0.00037969048392546374
879 0.0002958245228348551
897 0.0005587052342654505
1029 0.00023724943034546792
1034 0.00034065472379816113
1084 0.0007384145119945503
1162 0.0009079086694440643
1199 0.0006758309323565803
1302 0.0005411640668664958
1395 0.0001739500102896398
1495 0.0004691137279473833
1548 0.0007971722597919076
1696 0.0004887683798320584
2598 0.0005685167944117531
3055 0.0006534821266696528
3716 0.0013516618647131605
3928 0.0003753890228061612
4146 0.0006037805934374678
6491 0.0023644469764792122
6492 0.0023644469764792122
6493 0.0007384474589275524
6494 0.0007881489921597373