9 0.00017041626586836213
13 0.000012991549433809848
19 0.00066061617097516
22 0.0001341735889149772
26 0.00012343399523364164
28 0.00025332444879269114
33 0.00011331060825040136
34 0.000043438765255019996
37 0.00020975981940966445
38 0.000005801646248097621
39 0.000013901335368914586
40 0.000015010431483387899
41 0.000014853122149744404
42 0.00010288760611871043
43 0.00001236461273776724
44 0.00020453330306294742
46 0.00027514619596033594
47 0.00027084767769878907
48 0.0002630873261503125
51 0.00004686777384075253
55 0.00029101427140428715
56 0.00006477729821638932
57 0.0001250684069607151
63 0.0000037855318677072396
65 0.00001773141897136357
66 0.00018628059697440975
67 0.00008407569284796038
72 0.0014114115138616338
73 0.00019291377466338104
76 0.0002671685307183822
87 0.0001891562677877985
102 0.0005066488975853823
124 0.00009942778247685315
136 0.0002925555540824451
144 0.0008457118600083356
171 0.0002737223581753738
210 0.0006403547810939524
245 0.000181970089392662
265 0.0004120699366150429
304 0.0007816821714274212
310 0.00032453395541518913
441 0.0003438806748054391
480 0.0003672140565768559
497 0.00017684408550895013
646 0.0003712334023506965
669 0.00012589385831905585
753 0.0002783569986123394
776 0.0005121877518304292
851 0.00008185705212231243
1162 0.00030263622314802144
1178 0.0008676998578433372
1198 0.00044451570202655086
1280 0.00032568748957397626
1301 0.002965303411552415
1395 0.0001739500102896398
1586 0.0030201670907227577
1690 0.0005188152611795682
1788 0.002060349683075215
2001 0.0007384474589275524
2085 0.0003672140565768559
6495 0.001746228648835274
6496 0.002619342973252911
6497 0.001746228648835274
6498 0.001746228648835274
6499 0.000873114324417637
6500 0.000873114324417637
6501 0.000873114324417637