0 0.00019243773886705868
1 0.0001309668193588762
2 0.00017273030805218352
5 0.0002365665368606119
6 0.0002400196965770493
7 0.000233207996263883
8 0.00028224872431895635
12 0.0020519036403105146
13 0.00007145352188595418
26 0.00012343399523364164
28 0.00025332444879269114
33 0.00011331060825040136
36 0.00008296386270199534
38 0.000011603292496195242
39 0.000009267556912609724
40 0.000012008345186710319
41 0.000011139841612308305
43 0.000008243075158511493
45 0.00025964242459217314
46 0.0003668615946137812
51 0.00009373554768150506
52 0.00014497369525357328
55 0.00019400951426952473
56 0.00006477729821638932
57 0.0001250684069607151
63 0.00000567829780156086
64 0.00018731984297588175
65 0.00001773141897136357
68 0.0002914849877710017
71 0.00012561808978093188
79 0.001099242296882526
84 0.0002130879622223576
105 0.0003314569809760339
138 0.0003775208863403447
143 0.0029699005562395103
158 0.00028424192373937554
177 0.00015160120460271228
180 0.00005682431219851005
196 0.0001675808341520189
197 0.0005808473810965232
210 0.0003201773905469762
245 0.000363940178785324
250 0.0003712334023506965
261 0.0002338723830583595
269 0.0015762979843194746
270 0.0035955036976865126
271 0.0005983661268631681
272 0.0009474798040151018
273 0.000549621148441263
274 0.0008681145098558444
275 0.0004120699366150429
276 0.0005332529953860384
277 0.0006975531579563571
278 0.002265125318042068
279 0.0004585911327659849
280 0.002619342973252911
281 0.002619342973252911
282 0.003818991754555788
283 0.00041790813825628515
284 0.0007384474589275524
285 0.000873114324417637
286 0.0003975504898392634
287 0.0005162017214474523
288 0.0018241495167386093
289 0.000742466804701393
290 0.0006345864806991627
291 0.0003887745697496512
292 0.0002914849877710017
293 0.0003285382939579267
294 0.0003985861298959538
295 0.0007384474589275524
296 0.0009775367596641168
297 0.00034888459666376895
298 0.0005908656000986806
299 0.0004737399020075509
300 0.0004120699366150429
301 0.000873114324417637
302 0.000873114324417637
303 0.0004887683798320584
304 0.00026056072380914035
305 0.0007031836599018376
306 0.00043049138832493966
307 0.00045100831818119485
308 0.0005258216860189834
309 0.0003003233420124021
310 0.00048680093312278375
311 0.0004887683798320584
312 0.000873114324417637
313 0.0004338499289216686
314 0.000618218327643938
315 0.0004785475402955236
316 0.0005411640668664958
317 0.000873114324417637
318 0.0005908656000986806
319 0.00045619873460859607