13 0.000025983098867619697
14 0.00025254616640991854
33 0.00011331060825040136
36 0.00004148193135099767
38 0.000008702469372146433
39 0.00002316889228152431
40 0.000024016690373420637
41 0.000014853122149744404
42 0.00010288760611871043
43 0.00001236461273776724
46 0.00027514619596033594
47 0.00040627151654818366
49 0.00012486202181727967
52 0.00014497369525357328
55 0.00009700475713476236
61 0.00035285287846540845
63 0.00000567829780156086
64 0.00018731984297588175
66 0.00009314029848720488
67 0.00004203784642398019
84 0.0008523518488894304
89 0.00009505729945367397
98 0.000505900267840781
134 0.0003672140565768559
176 0.00033751149866781817
177 0.0006064048184108491
180 0.0001136486243970201
193 0.0002936355528176933
214 0.00054731981622391
245 0.000181970089392662
250 0.0003712334023506965
255 0.00017273030805218352
277 0.001096154962502847
286 0.0001987752449196317
288 0.001368112137553957
304 0.00026056072380914035
310 0.0021094707101987297
320 0.0005894503033351281
327 0.0011881759109420651
360 0.00038678333270887957
368 0.00037373000725685404
374 0.0015177008035223431
375 0.00025891534254753946
379 0.0003438806748054391
412 0.00028729384230050906
413 0.00048285733368504623
431 0.00037969048392546374
437 0.0009645956073555347
455 0.00041790813825628515
457 0.0002936355528176933
520 0.0003237921753424907
556 0.000505900267840781
589 0.0004737399020075509
590 0.0003672140565768559
591 0.00044451570202655086
622 0.0011734644615866965
649 0.0003960586369806884
654 0.002204281768805419
662 0.0004408563537610837
666 0.00032568748957397626
718 0.0006345864806991627
751 0.0009207087101281216
778 0.009599816966058182
920 0.0016598171318047137
996 0.0011370335888235062
1086 0.0005258216860189834
1112 0.004406568678922271
1120 0.0011789006066702562
1315 0.0026897259787688325
1653 0.007576828840491865
1654 0.0011817312001973612
1655 0.0005791825675166354
1656 0.002027492797069741
1657 0.000873114324417637
1658 0.001746228648835274
1659 0.0013516618647131605
1660 0.000873114324417637
1661 0.000873114324417637
1662 0.0005587052342654505
1663 0.000873114324417637
1664 0.000873114324417637
1665 0.000873114324417637
1666 0.0005791825675166354