9 0.00023858277221570697
13 0.000045470423018334476
19 0.00039636970258509594
26 0.00012343399523364164
33 0.00011331060825040136
34 0.000043438765255019996
38 0.000005801646248097621
39 0.000013901335368914586
40 0.000015010431483387899
41 0.000018566402687180508
42 0.00010288760611871043
43 0.000020607687896278735
44 0.00020453330306294742
46 0.0003668615946137812
47 0.00036113023693171874
48 0.0002630873261503125
51 0.00009373554768150506
55 0.00019400951426952473
56 0.00019433189464916796
57 0.0002501368139214302
63 0.0000037855318677072396
65 0.00003546283794272714
67 0.00008407569284796038
72 0.0019406908315597465
73 0.00019291377466338104
76 0.0002671685307183822
87 0.000378312535575597
89 0.00009505729945367397
123 0.000188234616351904
124 0.00009942778247685315
138 0.0003775208863403447
177 0.00030320240920542457
180 0.00005682431219851005
183 0.00083251612704961
186 0.00025254616640991854
263 0.000467744766116719
264 0.00021085919057695548
304 0.00026056072380914035
310 0.00016226697770759457
410 0.0005685167944117531
442 0.0003242865707429365
496 0.0002464916487181342
544 0.0004785475402955236
551 0.0002832412727662006
590 0.0003672140565768559
669 0.00012589385831905585
851 0.00008185705212231243
1029 0.00023724943034546792
1301 0.0004942172352587358
1395 0.0003479000205792796
1403 0.00034552605606704003
1618 0.0008076060951483175
1785 0.00030499358548289365
1895 0.0007384474589275524
2909 0.0006534821266696528
4499 0.0007881489921597373
6502 0.004365571622088185
6503 0.002619342973252911
6504 0.000873114324417637
6505 0.000873114324417637
6506 0.001746228648835274