9 0.00017041626586836213
13 0.000025983098867619697
14 0.0005050923328198371
15 0.0005129759100776286
17 0.002641724061956775
18 0.0009489977213818717
19 0.0002642464683900639
26 0.00012343399523364164
28 0.00025332444879269114
33 0.00033993182475120415
34 0.000043438765255019996
36 0.00008296386270199534
38 0.000005801646248097621
39 0.000018535113825219447
40 0.000015010431483387899
41 0.000014853122149744404
42 0.00010288760611871043
43 0.000008243075158511493
44 0.00020453330306294742
46 0.00045857699326722653
47 0.00045141279616464847
48 0.0002630873261503125
51 0.00004686777384075253
55 0.00009700475713476236
56 0.00012955459643277864
57 0.0001250684069607151
63 0.0000037855318677072396
65 0.00003546283794272714
66 0.00018628059697440975
67 0.00008407569284796038
71 0.00012561808978093188
88 0.00024872719512041187
123 0.000188234616351904
124 0.00009942778247685315
140 0.0004603543550640608
149 0.0003732936031739842
150 0.00035621126149020904
162 0.0004149542829511784
171 0.00041058353726306076
177 0.00015160120460271228
180 0.00005682431219851005
230 0.0008874735685045654
236 0.004609689766473864
259 0.0020713227403803157
273 0.000549621148441263
277 0.00029895135340986733
292 0.0002914849877710017
304 0.00026056072380914035
335 0.000505900267840781
375 0.00025891534254753946
440 0.0024177573107692675
442 0.0003242865707429365
449 0.001291474164974819
497 0.0007073763420358005
669 0.00012589385831905585
698 0.00044451570202655086
703 0.0002862680700927968
741 0.0010570132691406192
753 0.0002783569986123394
851 0.000040928526061156217
858 0.0002457554359134993
1120 0.0017683509100053845
1178 0.0008676998578433372
1322 0.0018949596080302035
1390 0.005028347108389055
1396 0.00036920725599727517
1785 0.00030499358548289365
2005 0.0006534821266696528
2033 0.0005908656000986806
3565 0.0007384474589275524
3889 0.0028127346396073505
4155 0.0006534821266696528
6507 0.001746228648835274
6508 0.001746228648835274
6509 0.0023644469764792122
6510 0.002619342973252911
6511 0.002619342973252911
6512 0.002619342973252911
6513 0.0007881489921597373
6514 0.000873114324417637
6515 0.000873114324417637
6516 0.000873114324417637
6517 0.000873114324417637
6518 0.000873114324417637
6519 0.000873114324417637