1 0.0001309668193588762
9 0.00013633301269468968
13 0.000025983098867619697
18 0.0009489977213818717
19 0.0002642464683900639
26 0.00012343399523364164
28 0.00025332444879269114
33 0.00011331060825040136
34 0.000043438765255019996
38 0.000005801646248097621
39 0.000013901335368914586
40 0.000015010431483387899
41 0.000014853122149744404
42 0.00010288760611871043
43 0.00001236461273776724
44 0.00020453330306294742
46 0.0003668615946137812
47 0.00036113023693171874
48 0.0002630873261503125
51 0.00004686777384075253
55 0.00038801902853904946
63 0.0000037855318677072396
65 0.00001773141897136357
66 0.00009314029848720488
67 0.00008407569284796038
71 0.00012561808978093188
72 0.0012349850746289296
73 0.00019291377466338104
76 0.0005343370614367644
81 0.00036481418372881415
87 0.0005674688033633956
97 0.00023454039050719067
113 0.00011133348371866765
122 0.00018417084982617462
165 0.00022550415909059743
171 0.0001368611790876869
177 0.00030320240920542457
180 0.00005682431219851005
401 0.00036220146137676994
438 0.0035955036976865126
452 0.0002764565099464942
496 0.0002464916487181342
515 0.0005258216860189834
613 0.0002597352724507996
624 0.0004887683798320584
666 0.00032568748957397626
803 0.0002597352724507996
851 0.00008185705212231243
879 0.0002958245228348551
1034 0.00034065472379816113
1037 0.0002709256892452844
1084 0.00036920725599727517
1110 0.0031995179723162304
1395 0.0001739500102896398
1781 0.0005644974486379127
2540 0.000618218327643938
2778 0.004430684753565315
6520 0.0023644469764792122
6521 0.000873114324417637
6522 0.000873114324417637