13 0.000012991549433809848
33 0.00011331060825040136
34 0.00013031629576506
36 0.00008296386270199534
38 0.000005801646248097621
39 0.00002316889228152431
40 0.000006004172593355159
41 0.000007426561074872202
42 0.000051443803059355216
43 0.000008243075158511493
44 0.00013635553537529827
46 0.00022928849663361327
47 0.00022570639808232424
51 0.00004686777384075253
55 0.00009700475713476236
63 0.0000037855318677072396
65 0.00001773141897136357
66 0.00027942089546161464
67 0.00016815138569592077
76 0.0001335842653591911
100 0.0007648540866309464
115 0.0002059878583080766
123 0.000188234616351904
124 0.00009942778247685315
160 0.00018023749427928805
171 0.0002737223581753738
177 0.00015160120460271228
180 0.00005682431219851005
183 0.0002081290317624025
255 0.00017273030805218352
277 0.00029895135340986733
292 0.0005829699755420034
304 0.00026056072380914035
399 0.0002969338431976791
442 0.0003242865707429365
495 0.0011261670684184837
590 0.0003672140565768559
665 0.0004887683798320584
690 0.0004942172352587358
768 0.0009884344705174716
845 0.00043730308863810597
851 0.00008185705212231243
1091 0.001236436655287876
1373 0.008884210729788278
1382 0.004922285619312864
2270 0.009599816966058182
6520 0.0031525959686389492
6523 0.000873114324417637
6524 0.003492457297670548
6525 0.003492457297670548
6526 0.004365571622088185