9 0.00003408325317367242
13 0.000012991549433809848
30 0.00022182651134558653
33 0.00011331060825040136
34 0.00017375506102007999
36 0.00008296386270199534
37 0.00020975981940966445
38 0.000008702469372146433
39 0.000009267556912609724
40 0.000006004172593355159
41 0.000011139841612308305
43 0.000008243075158511493
46 0.0003668615946137812
47 0.00040627151654818366
48 0.00013154366307515625
49 0.000041620673939093223
51 0.0001406033215222576
63 0.0000037855318677072396
65 0.00001773141897136357
66 0.00018628059697440975
67 0.00004203784642398019
71 0.00012561808978093188
100 0.00015297081732618925
102 0.00025332444879269114
113 0.00011133348371866765
144 0.0003382847440033342
150 0.00017810563074510452
160 0.00018023749427928805
171 0.0002737223581753738
175 0.0007507780456123224
176 0.00033751149866781817
177 0.00015160120460271228
185 0.0002656336848489608
230 0.0002958245228348551
259 0.00025891534254753946
263 0.0002338723830583595
363 0.00036332233087023905
396 0.00038392708921293077
492 0.001518761935701855
507 0.0005454834171728783
508 0.0013412556542463782
512 0.00285761271010204
573 0.000330550407711369
646 0.0003712334023506965
709 0.0005454834171728783
850 0.0011881759109420651
851 0.00008185705212231243
911 0.0004120699366150429
922 0.00043730308863810597
1095 0.0004120699366150429
1187 0.00035770704084433884
1397 0.00028028741746109395
1429 0.0006345864806991627
2148 0.00044828766312813873
2629 0.0006345864806991627
2992 0.00048355146215385347
6093 0.0006758309323565803
6527 0.0021095509797055133
6528 0.003940744960798687
6529 0.000873114324417637