9 0.00030674927856305184
13 0.00003247887358452463
19 0.00013212323419503196
21 0.001144426858675412
33 0.00022662121650080273
36 0.00012444579405299303
38 0.000008702469372146433
39 0.000004633778456304862
40 0.00000900625889003274
41 0.000007426561074872202
42 0.000051443803059355216
43 0.00001236461273776724
46 0.00027514619596033594
47 0.00027084767769878907
48 0.00013154366307515625
49 0.000041620673939093223
51 0.00004686777384075253
55 0.00009700475713476236
56 0.0002591091928655573
57 0.0001250684069607151
63 0.0000037855318677072396
65 0.00007092567588545428
72 0.0005292793176981127
74 0.0018299615128973621
89 0.00009505729945367397
113 0.00011133348371866765
123 0.000188234616351904
171 0.0001368611790876869
176 0.00033751149866781817
177 0.00030320240920542457
261 0.0002338723830583595
277 0.00019930090227324488
411 0.00044608035070850863
464 0.000393582208037624
494 0.00019532208520319432
520 0.00016189608767124534
554 0.0003985861298959538
573 0.0001652752038556845
669 0.00012589385831905585
717 0.000393582208037624
851 0.00008185705212231243
868 0.0005418513784905688
1062 0.0007743025821711785
1172 0.0004887683798320584
1271 0.0003652527497189936
1321 0.0003271046043571432
1325 0.004685258053620434
1429 0.0006345864806991627
2148 0.00044828766312813873
2989 0.001236436655287876
4482 0.0021095509797055133
5457 0.0011370335888235062
6527 0.0014063673198036752
6530 0.000873114324417637
6531 0.000873114324417637
6532 0.000873114324417637