1 0.0005238672774355048
9 0.00010224975952101728
13 0.000006495774716904924
20 0.0002464916487181342
21 0.000286106714668853
34 0.00008687753051003999
38 0.000011603292496195242
39 0.000004633778456304862
40 0.0000030020862966775796
41 0.000003713280537436101
42 0.00010288760611871043
43 0.000020607687896278735
46 0.00004585769932672265
47 0.00004514127961646484
51 0.00004686777384075253
63 0.000007571063735414479
65 0.00001773141897136357
76 0.0002671685307183822
100 0.0003059416346523785
165 0.00022550415909059743
171 0.0001368611790876869
180 0.00005682431219851005
183 0.0002081290317624025
212 0.001203500511236464
277 0.00019930090227324488
396 0.0005758906338193962
411 0.00022304017535425432
595 0.00044451570202655086
683 0.0024151223737498713
851 0.0002455711563669373
1062 0.0005162017214474523
1395 0.0003479000205792796
1827 0.00041790813825628515
2378 0.0006006466840248042
3007 0.00043049138832493966
4415 0.0005908656000986806
4921 0.00048355146215385347
6527 0.0007031836599018376
6533 0.001746228648835274
6534 0.000873114324417637
6535 0.001746228648835274