9 0.00010224975952101728
18 0.00047449886069093585
19 0.0002642464683900639
34 0.000043438765255019996
36 0.00004148193135099767
38 0.000014504115620244055
39 0.000009267556912609724
40 0.000006004172593355159
41 0.000007426561074872202
43 0.00001236461273776724
44 0.00013635553537529827
45 0.00012982121229608657
51 0.00004686777384075253
63 0.0000094638296692681
65 0.00005319425691409072
66 0.00009314029848720488
67 0.00008407569284796038
73 0.00019291377466338104
76 0.0002671685307183822
81 0.0005472212755932213
87 0.000378312535575597
100 0.00015297081732618925
123 0.000188234616351904
146 0.000264773477364449
171 0.0001368611790876869
180 0.00005682431219851005
261 0.0002338723830583595
277 0.00009965045113662244
310 0.0008113348885379729
396 0.00038392708921293077
438 0.0021573022186119075
441 0.0006877613496108782
496 0.0002464916487181342
497 0.0005305322565268504
613 0.0002597352724507996
803 0.0002597352724507996
851 0.00032742820848924973
1034 0.00034065472379816113
1120 0.0005894503033351281
1395 0.0001739500102896398
1653 0.0016837397423315253
2706 0.0007384474589275524
3538 0.0005332529953860384
3927 0.0007031836599018376
6546 0.000873114324417637
6547 0.000873114324417637
6548 0.000873114324417637