9 0.00010224975952101728
13 0.000006495774716904924
21 0.0001430533573344265
22 0.00040252076674493167
26 0.0002468679904672833
34 0.00013031629576506
36 0.00016592772540399069
38 0.000008702469372146433
39 0.000018535113825219447
40 0.000015010431483387899
41 0.000014853122149744404
43 0.000016486150317022987
44 0.00013635553537529827
45 0.00012982121229608657
49 0.000041620673939093223
51 0.00004686777384075253
56 0.00006477729821638932
63 0.00000567829780156086
65 0.00003546283794272714
67 0.00004203784642398019
69 0.00023724943034546792
71 0.00012561808978093188
74 0.00030499358548289365
113 0.0004453339348746706
123 0.000376469232703808
144 0.0005074271160050014
171 0.0001368611790876869
180 0.00005682431219851005
277 0.00029895135340986733
294 0.0007971722597919076
333 0.0008676998578433372
352 0.0002958245228348551
360 0.00019339166635443979
368 0.00018686500362842702
377 0.0003188377153162591
396 0.0007678541784258615
401 0.00036220146137676994
439 0.0023201988668322374
520 0.00016189608767124534
608 0.0006877613496108782
669 0.00012589385831905585
671 0.0002597352724507996
716 0.0003136207976380542
851 0.00016371410424462487
1037 0.0002709256892452844
1120 0.00029472515166756405
1199 0.0006758309323565803
1208 0.0007082030286839478
1290 0.00031109330472278875
1310 0.005449834963053586
1348 0.000618218327643938
1499 0.001574328832150496
2194 0.013967630856636264
2386 0.0006758309323565803
2447 0.0003985861298959538
3022 0.000499919615209078
3502 0.00036332233087023905
3717 0.0009671029243077069
3719 0.0004272224195725296
3953 0.010547754898527566
4194 0.0005908656000986806
5476 0.002027492797069741
5815 0.0031525959686389492
6538 0.0007881489921597373
6539 0.005517042945118162
6549 0.0007881489921597373
6550 0.000873114324417637
6551 0.005238685946505822