1 0.0003929004580766286
13 0.000006495774716904924
16 0.00022637494957614764
26 0.0002468679904672833
33 0.00033993182475120415
34 0.000043438765255019996
36 0.00008296386270199534
38 0.000008702469372146433
39 0.000004633778456304862
40 0.00000900625889003274
41 0.000003713280537436101
42 0.000051443803059355216
43 0.000016486150317022987
45 0.00025964242459217314
46 0.00013757309798016797
47 0.00013542383884939454
52 0.00014497369525357328
56 0.00006477729821638932
61 0.00035285287846540845
63 0.00000567829780156086
65 0.00001773141897136357
66 0.00009314029848720488
100 0.00015297081732618925
102 0.00025332444879269114
107 0.0004098622713982304
109 0.0015762979843194746
122 0.00018417084982617462
123 0.000188234616351904
128 0.0022809936730429805
138 0.0003775208863403447
145 0.003379154661782902
149 0.0003732936031739842
159 0.000533051014253833
171 0.0002737223581753738
176 0.00033751149866781817
180 0.00005682431219851005
226 0.0004098622713982304
245 0.000181970089392662
250 0.002598633816454876
253 0.0002472323099654942
277 0.00039860180454648976
282 0.0003818991754555788
310 0.00016226697770759457
321 0.00048355146215385347
393 0.0006781460730349327
412 0.00028729384230050906
413 0.0009657146673700925
520 0.00016189608767124534
546 0.0004120699366150429
549 0.0008076060951483175
622 0.0007823096410577976
667 0.00045619873460859607
766 0.0014356426208865709
770 0.0004785475402955236
811 0.0009043587776695111
852 0.0003887745697496512
879 0.0008874735685045654
1083 0.0006345864806991627
1112 0.0011016421697305678
1120 0.004420877275013462
1143 0.0005791825675166354
1409 0.0005908656000986806
1472 0.00043730308863810597
1594 0.000549621148441263
1625 0.0005332529953860384
1653 0.0008418698711657627
1667 0.008108555945232897
1668 0.0011370335888235062
1669 0.007031836599018378
1670 0.002472873310575752
1671 0.008793938375060208
1672 0.0028959128375831773
1673 0.0007384474589275524
1674 0.0004338499289216686
1675 0.003940744960798687
1676 0.0007881489921597373
1677 0.001746228648835274
1678 0.001746228648835274
1679 0.001746228648835274
1680 0.001746228648835274
1681 0.000873114324417637
1682 0.001746228648835274
1683 0.000873114324417637
1684 0.000873114324417637
1685 0.000873114324417637
1686 0.000873114324417637
1687 0.000873114324417637
1688 0.0007031836599018376