9 0.00017041626586836213
13 0.00005196619773523939
16 0.00007545831652538253
19 0.00013212323419503196
28 0.0005066488975853823
33 0.00011331060825040136
34 0.000043438765255019996
36 0.00004148193135099767
37 0.00020975981940966445
38 0.000014504115620244055
39 0.000009267556912609724
40 0.0000030020862966775796
41 0.000011139841612308305
43 0.00002472922547553448
46 0.00004585769932672265
47 0.00004514127961646484
56 0.00012955459643277864
63 0.00001135659560312172
65 0.00005319425691409072
66 0.00018628059697440975
72 0.0005292793176981127
74 0.00030499358548289365
76 0.0002671685307183822
81 0.00036481418372881415
87 0.000378312535575597
89 0.00019011459890734794
97 0.00023454039050719067
100 0.000611883269304757
114 0.00021141259586679695
122 0.00018417084982617462
123 0.000188234616351904
144 0.0001691423720016671
149 0.0003732936031739842
160 0.0003604749885585761
179 0.0006172337515594486
180 0.00005682431219851005
183 0.000416258063524805
192 0.0003242865707429365
206 0.00044451570202655086
245 0.000181970089392662
251 0.00022002825322499402
255 0.00034546061610436703
261 0.0002338723830583595
310 0.00016226697770759457
352 0.0002958245228348551
360 0.00019339166635443979
376 0.00034065472379816113
396 0.00038392708921293077
401 0.00036220146137676994
411 0.00044608035070850863
496 0.0004929832974362684
520 0.00016189608767124534
554 0.0003985861298959538
613 0.0002597352724507996
641 0.000393582208037624
648 0.0009605321716409287
771 0.0005258216860189834
803 0.0005194705449015992
851 0.00032742820848924973
1001 0.0006147943470845361
1034 0.00034065472379816113
1073 0.00046465581618336337
1120 0.0005894503033351281
1271 0.0003652527497189936
1321 0.0003271046043571432
1325 0.003435855905988318
1621 0.0004338499289216686
1702 0.001236436655287876
1803 0.0004942172352587358
1894 0.000549621148441263
3732 0.0005411640668664958
4201 0.0018764549117895333
5218 0.0023644469764792122
5965 0.0031525959686389492
6552 0.0013069642533393056
6553 0.000873114324417637
6554 0.000873114324417637