9 0.00017041626586836213
12 0.000769463865116443
13 0.000012991549433809848
22 0.0001341735889149772
23 0.00045603737918465233
34 0.000043438765255019996
36 0.00008296386270199534
38 0.000008702469372146433
39 0.000013901335368914586
40 0.00001801251778006548
41 0.000011139841612308305
43 0.000008243075158511493
44 0.00020453330306294742
46 0.00022928849663361327
47 0.00022570639808232424
49 0.00008324134787818645
55 0.00019400951426952473
56 0.00019433189464916796
57 0.0002501368139214302
63 0.000007571063735414479
65 0.00001773141897136357
76 0.0004007527960775733
78 0.0022740671776470124
89 0.00019011459890734794
97 0.00023454039050719067
122 0.00018417084982617462
150 0.00017810563074510452
165 0.00022550415909059743
171 0.0001368611790876869
180 0.00017047293659553015
183 0.000416258063524805
197 0.0002904236905482616
226 0.0002049311356991152
271 0.0008975491902947523
350 0.00849863345855433
368 0.00018686500362842702
396 0.0011517812676387924
416 0.0006221866094455775
452 0.0013822825497324712
494 0.00039064417040638865
669 0.0002517877166381117
851 0.00016371410424462487
858 0.0002457554359134993
861 0.0014212197060226527
868 0.0002709256892452844
1062 0.00025810086072372616
1084 0.00036920725599727517
1280 0.00032568748957397626
1290 0.00031109330472278875
1317 0.001236436655287876
1388 0.0007507780456123224
2152 0.0004942172352587358
2544 0.0022740671776470124
3341 0.0006345864806991627
4913 0.0015762979843194746
5169 0.0007031836599018376
6527 0.0021095509797055133
6555 0.005238685946505822
6556 0.0022153423767826575
6557 0.001746228648835274
6558 0.0007031836599018376
6559 0.000873114324417637
6560 0.001746228648835274
6561 0.001746228648835274
6562 0.001746228648835274