9 0.00017041626586836213
13 0.000012991549433809848
16 0.00007545831652538253
19 0.000924862639365224
26 0.0002468679904672833
36 0.0002074096567549884
38 0.000005801646248097621
39 0.000018535113825219447
40 0.00001801251778006548
41 0.000018566402687180508
42 0.000051443803059355216
43 0.000016486150317022987
44 0.00027271107075059654
46 0.0003668615946137812
47 0.00040627151654818366
48 0.00039463098922546877
49 0.00008324134787818645
51 0.00004686777384075253
55 0.00009700475713476236
56 0.00012955459643277864
57 0.0001250684069607151
59 0.00040158610568973463
61 0.00035285287846540845
63 0.0000037855318677072396
65 0.00001773141897136357
66 0.00018628059697440975
67 0.00004203784642398019
69 0.00023724943034546792
71 0.00012561808978093188
84 0.0004261759244447152
85 0.00024357296170002702
89 0.00019011459890734794
97 0.00046908078101438134
107 0.0006147934070973456
108 0.0038473480390888415
122 0.00018417084982617462
127 0.0008358162765125703
146 0.000264773477364449
180 0.00005682431219851005
186 0.00025254616640991854
226 0.0002049311356991152
245 0.000363940178785324
251 0.0011001412661249704
277 0.00009965045113662244
279 0.00022929556638299245
292 0.0005829699755420034
375 0.00025891534254753946
377 0.0003188377153162591
401 0.00018110073068838497
445 0.00023123617256302196
457 0.0014681777640884667
467 0.00034552605606704003
476 0.00045619873460859607
520 0.0003237921753424907
550 0.00025332444879269114
580 0.001322569061283251
613 0.0002597352724507996
669 0.00012589385831905585
772 0.0002597352724507996
851 0.00008185705212231243
858 0.0002457554359134993
881 0.0006037805934374678
908 0.0025567692480329557
917 0.0006534821266696528
1042 0.0010665059907720767
1395 0.0003479000205792796
1446 0.00035955036976865123
1479 0.00038643965984885517
1489 0.0006534821266696528
1586 0.006040334181445515
2034 0.0005258216860189834
2043 0.0005332529953860384
2992 0.0014506543864615605
3507 0.0004338499289216686
4671 0.0015762979843194746
5231 0.0014768949178551047
6563 0.000873114324417637
6564 0.000873114324417637
6565 0.004365571622088185