1 0.0001309668193588762
9 0.00020449951904203455
13 0.000025983098867619697
15 0.0005129759100776286
16 0.00015091663305076506
19 0.00013212323419503196
26 0.00012343399523364164
33 0.00011331060825040136
34 0.000043438765255019996
36 0.00012444579405299303
38 0.000005801646248097621
39 0.00002316889228152431
40 0.00001801251778006548
41 0.000025992963762052712
42 0.000051443803059355216
43 0.000020607687896278735
44 0.00027271107075059654
46 0.0003668615946137812
47 0.00036113023693171874
48 0.00039463098922546877
49 0.00008324134787818645
51 0.00009373554768150506
55 0.00009700475713476236
56 0.0002591091928655573
57 0.0001250684069607151
61 0.00035285287846540845
63 0.0000037855318677072396
65 0.00003546283794272714
67 0.00004203784642398019
69 0.00023724943034546792
71 0.00012561808978093188
72 0.0031756759061886764
76 0.001469426918951102
81 0.00018240709186440708
85 0.00024357296170002702
87 0.0009457813389389926
89 0.0003802291978146959
124 0.00009942778247685315
146 0.000529546954728898
177 0.0006064048184108491
180 0.0001136486243970201
184 0.00040649720137641123
185 0.0002656336848489608
196 0.0001675808341520189
197 0.0002904236905482616
251 0.0006600847596749821
267 0.0002783569986123394
274 0.0002893715032852814
277 0.0007972036090929795
287 0.00025810086072372616
310 0.00032453395541518913
347 0.0002479774737404859
352 0.0002958245228348551
353 0.0018769451140308064
363 0.00036332233087023905
377 0.0006376754306325182
494 0.00019532208520319432
496 0.0012324582435906714
498 0.0003558910215031841
550 0.00025332444879269114
572 0.0013562921460698654
633 0.00040649720137641123
669 0.00012589385831905585
671 0.0002597352724507996
772 0.0002597352724507996
851 0.00008185705212231243
858 0.0009830217436539973
866 0.0004272224195725296
1028 0.0007082030286839478
1037 0.0002709256892452844
1172 0.0004887683798320584
1173 0.00041790813825628515
1395 0.0005218500308689194
1446 0.0010786511093059537
1632 0.0011817312001973612
2155 0.00048355146215385347
2787 0.0007384474589275524
3139 0.0004942172352587358
3751 0.001648863445323789
4167 0.0007031836599018376
6566 0.0007384474589275524
6567 0.002619342973252911
6568 0.000873114324417637
6569 0.000873114324417637
6570 0.000873114324417637
6571 0.000873114324417637
6572 0.000873114324417637
6573 0.0007881489921597373
6574 0.0007881489921597373
6575 0.002619342973252911