1 0.0003929004580766286
2 0.00017273030805218352
9 0.00013633301269468968
13 0.000019487324150714776
16 0.00007545831652538253
26 0.00012343399523364164
30 0.00022182651134558653
34 0.0002171938262751
36 0.00008296386270199534
38 0.000005801646248097621
39 0.000013901335368914586
40 0.00001801251778006548
41 0.000025992963762052712
42 0.000051443803059355216
43 0.000020607687896278735
44 0.00027271107075059654
46 0.0003210038952870586
47 0.00036113023693171874
48 0.00039463098922546877
51 0.00004686777384075253
55 0.00009700475713476236
56 0.00012955459643277864
57 0.0001250684069607151
60 0.0005145835101134606
61 0.00017642643923270423
63 0.0000037855318677072396
65 0.00007092567588545428
66 0.00027942089546161464
67 0.00004203784642398019
68 0.0002914849877710017
72 0.0015878379530943382
76 0.0002671685307183822
81 0.0016416638267796638
85 0.00024357296170002702
86 0.0004408563537610837
87 0.001513250142302388
89 0.00028517189836102194
107 0.0002049311356991152
114 0.00021141259586679695
124 0.00009942778247685315
136 0.0005851111081648902
159 0.0001776836714179443
180 0.00005682431219851005
193 0.0002936355528176933
245 0.000181970089392662
247 0.00026056072380914035
251 0.0013201695193499642
255 0.00034546061610436703
277 0.00029895135340986733
286 0.0003975504898392634
292 0.0005829699755420034
307 0.00045100831818119485
352 0.0014791226141742757
360 0.00038678333270887957
363 0.00036332233087023905
405 0.0009884344705174716
413 0.00024142866684252312
452 0.0005529130198929884
470 0.00037969048392546374
497 0.00017684408550895013
498 0.0003558910215031841
572 0.00033907303651746636
594 0.0003438806748054391
608 0.0017194033740271957
669 0.00012589385831905585
772 0.0002597352724507996
851 0.00008185705212231243
866 0.0004272224195725296
920 0.0004149542829511784
928 0.00040116683707882124
1010 0.003585314262813005
1032 0.0005332529953860384
1081 0.000549621148441263
1343 0.0005258216860189834
1376 0.0004942172352587358
1395 0.0003479000205792796
1446 0.0007191007395373025
1486 0.00046465581618336337
1499 0.00196791104018812
1545 0.0004737399020075509
1582 0.0006037805934374678
1949 0.0004691137279473833
2085 0.0003672140565768559
3556 0.0007031836599018376
4254 0.0013069642533393056
4589 0.0005791825675166354
6566 0.0007384474589275524
6576 0.007881489921597373
6577 0.0007881489921597373
6578 0.0031525959686389492
6579 0.000873114324417637
6580 0.000873114324417637