1 0.0003929004580766286
2 0.00017273030805218352
9 0.00030674927856305184
13 0.000012991549433809848
16 0.00007545831652538253
26 0.0002468679904672833
34 0.00008687753051003999
36 0.00008296386270199534
38 0.000005801646248097621
39 0.000018535113825219447
40 0.00001801251778006548
41 0.00002227968322461661
43 0.000020607687896278735
44 0.00027271107075059654
46 0.0003210038952870586
47 0.00031598895731525394
48 0.00039463098922546877
51 0.00004686777384075253
55 0.00009700475713476236
56 0.00019433189464916796
57 0.0001250684069607151
61 0.00017642643923270423
63 0.0000037855318677072396
65 0.00007092567588545428
66 0.0003725611939488195
67 0.00008407569284796038
68 0.0002914849877710017
72 0.00017642643923270423
81 0.0029185134698305132
85 0.00048714592340005404
87 0.002648187749029179
89 0.00019011459890734794
107 0.0004098622713982304
114 0.00021141259586679695
124 0.0001988555649537063
154 0.0009943709429281018
159 0.0001776836714179443
179 0.000925850627339173
180 0.00005682431219851005
193 0.0002936355528176933
198 0.0009382274558947666
245 0.000181970089392662
251 0.0013201695193499642
255 0.00017273030805218352
264 0.00021085919057695548
277 0.00019930090227324488
286 0.0001987752449196317
307 0.00045100831818119485
352 0.0011832980913394203
360 0.00038678333270887957
363 0.00036332233087023905
367 0.0002673724241223067
379 0.0003438806748054391
401 0.00036220146137676994
405 0.0009884344705174716
413 0.00024142866684252312
452 0.0008293695298394827
470 0.00037969048392546374
480 0.0003672140565768559
497 0.00017684408550895013
555 0.0002457554359134993
572 0.00033907303651746636
594 0.0003438806748054391
608 0.0017194033740271957
646 0.0003712334023506965
669 0.00012589385831905585
772 0.0007792058173523988
826 0.0004272224195725296
851 0.00008185705212231243
866 0.0004272224195725296
873 0.001518761935701855
920 0.0004149542829511784
988 0.00041790813825628515
1032 0.0005332529953860384
1081 0.000549621148441263
1325 0.003435855905988318
1376 0.0004942172352587358
1486 0.00046465581618336337
1499 0.00196791104018812
1545 0.0004737399020075509
1582 0.0006037805934374678
1781 0.0005644974486379127
1949 0.0004691137279473833
2085 0.0003672140565768559
2128 0.0017492123545524239
2378 0.0003003233420124021
2398 0.0008965753262562775
3208 0.0006813094475963223
3315 0.00045217938883475555
3556 0.0007031836599018376
3717 0.0009671029243077069
3895 0.000549621148441263
4221 0.0004887683798320584
4589 0.0005791825675166354
4883 0.0006037805934374678
6576 0.005517042945118162
6577 0.0007881489921597373
6578 0.0031525959686389492
6581 0.0007384474589275524