9 0.00013633301269468968
13 0.000045470423018334476
16 0.00007545831652538253
21 0.000286106714668853
22 0.0002683471778299544
26 0.0002468679904672833
33 0.00011331060825040136
34 0.00013031629576506
37 0.0004195196388193289
38 0.000005801646248097621
39 0.000013901335368914586
40 0.00001801251778006548
41 0.000011139841612308305
43 0.000020607687896278735
44 0.00027271107075059654
46 0.00027514619596033594
47 0.00027084767769878907
48 0.0002630873261503125
51 0.0001874710953630101
55 0.00019400951426952473
56 0.00019433189464916796
57 0.0002501368139214302
63 0.0000037855318677072396
65 0.00001773141897136357
66 0.0003725611939488195
67 0.00004203784642398019
72 0.00017642643923270423
73 0.00019291377466338104
76 0.0001335842653591911
84 0.0002130879622223576
85 0.00024357296170002702
89 0.00028517189836102194
107 0.0002049311356991152
114 0.00021141259586679695
130 0.00027274170858643915
132 0.002790102909271677
135 0.00029805329448025724
136 0.0002925555540824451
144 0.0003382847440033342
171 0.0001368611790876869
196 0.0001675808341520189
255 0.00034546061610436703
277 0.00009965045113662244
297 0.00034888459666376895
353 0.0003753890228061612
360 0.00019339166635443979
457 0.0002936355528176933
543 0.0015842345479227535
546 0.0004120699366150429
550 0.00025332444879269114
569 0.00042093493558288133
585 0.0003911548205288988
643 0.000505900267840781
669 0.0002517877166381117
671 0.0002597352724507996
754 0.0005332529953860384
790 0.0004887683798320584
803 0.0005194705449015992
851 0.00008185705212231243
869 0.0005188152611795682
905 0.0004942172352587358
1070 0.0003541015143419739
1119 0.0006037805934374678
1182 0.00045217938883475555
1276 0.00048355146215385347
1395 0.0008697500514481991
1468 0.0028844895563053005
2191 0.0005908656000986806
2447 0.0003985861298959538
2722 0.0008358162765125703
4053 0.0066460271303479725
4204 0.00045619873460859607
4501 0.000618218327643938
6582 0.000873114324417637
6583 0.003492457297670548