2 0.00034546061610436703
9 0.00006816650634734484
12 0.000769463865116443
13 0.000006495774716904924
14 0.0005050923328198371
15 0.0002564879550388143
16 0.00022637494957614764
17 0.00018869457585405535
21 0.0001430533573344265
23 0.00022801868959232616
33 0.00033993182475120415
34 0.00013031629576506
35 0.0011663237092489538
38 0.000005801646248097621
39 0.00002316889228152431
40 0.00002101460407674306
41 0.000014853122149744404
43 0.000008243075158511493
44 0.00020453330306294742
45 0.00012982121229608657
46 0.0005502923919206719
47 0.000586836635014043
48 0.00039463098922546877
49 0.00012486202181727967
51 0.00009373554768150506
56 0.0003886637892983359
59 0.00020079305284486732
61 0.0012349850746289296
63 0.0000037855318677072396
65 0.00005319425691409072
66 0.00018628059697440975
67 0.00008407569284796038
69 0.00047449886069093585
70 0.00035233775638020634
71 0.00012561808978093188
89 0.00028517189836102194
100 0.0003059416346523785
104 0.00032827690028667443
113 0.00011133348371866765
114 0.00021141259586679695
115 0.0002059878583080766
124 0.00009942778247685315
135 0.00029805329448025724
136 0.0008776666622473353
144 0.0005074271160050014
150 0.00017810563074510452
159 0.0001776836714179443
160 0.00018023749427928805
162 0.0004149542829511784
171 0.0001368611790876869
185 0.0010625347393958431
192 0.0003242865707429365
213 0.00838057851398176
219 0.0005791825675166354
222 0.0007682967913789674
226 0.0004098622713982304
245 0.000181970089392662
255 0.00034546061610436703
259 0.00025891534254753946
264 0.00021085919057695548
274 0.004629944052564503
277 0.00029895135340986733
279 0.00022929556638299245
286 0.0001987752449196317
307 0.0006765124772717924
316 0.0005411640668664958
363 0.00036332233087023905
368 0.00037373000725685404
375 0.0005178306850950789
396 0.0005758906338193962
413 0.00024142866684252312
428 0.0004603543550640608
430 0.00022365154352182467
550 0.00025332444879269114
572 0.00033907303651746636
576 0.0003086168757797243
613 0.0018181469071555975
628 0.00048355146215385347
638 0.00040116683707882124
649 0.0003960586369806884
703 0.0002862680700927968
709 0.0005454834171728783
712 0.0007031836599018376
715 0.0004092519030008361
719 0.00048355146215385347
753 0.0005567139972246788
772 0.0007792058173523988
810 0.00043730308863810597
851 0.00008185705212231243
854 0.0031549301161139004
862 0.0005908656000986806
870 0.0008965753262562775
908 0.0014610109988759743
911 0.0004120699366150429
922 0.00043730308863810597
987 0.003411100766470519
1068 0.0004887683798320584
1093 0.0007384145119945503
1290 0.0009332799141683663
1320 0.000549621148441263
1328 0.0007082030286839478
1372 0.0007031836599018376
1425 0.0004691137279473833
1446 0.0021573022186119075
1495 0.0004691137279473833
1519 0.0018586232647334535
1529 0.0003818991754555788
1551 0.0025609387591521465
1718 0.0015762979843194746
1773 0.000499919615209078
1785 0.00030499358548289365
1803 0.0004942172352587358
1942 0.0011370335888235062
1953 0.0005411640668664958
2012 0.000549621148441263
2013 0.0005908656000986806
2497 0.000424038368775366
2720 0.0007384474589275524
3502 0.00036332233087023905
4137 0.00048355146215385347
4185 0.0006345864806991627
4280 0.0004338499289216686
5892 0.0029537898357102094
6043 0.0013069642533393056
6081 0.0015762979843194746
6584 0.0031525959686389492
6585 0.018335400812770377
6586 0.0007881489921597373
6587 0.000873114324417637
6588 0.0015762979843194746
6589 0.000873114324417637
6590 0.001746228648835274
6591 0.000873114324417637