13 0.000006495774716904924
16 0.00007545831652538253
17 0.0022643349102486644
18 0.0014234965820728077
19 0.0002642464683900639
33 0.00022662121650080273
34 0.00008687753051003999
36 0.00029037351945698374
38 0.000005801646248097621
39 0.000009267556912609724
40 0.00000900625889003274
41 0.000007426561074872202
43 0.000004121537579255747
44 0.00020453330306294742
46 0.0001834307973068906
47 0.00022570639808232424
49 0.000041620673939093223
51 0.00009373554768150506
63 0.0000018927659338536198
65 0.00007092567588545428
66 0.00009314029848720488
67 0.00004203784642398019
81 0.00036481418372881415
89 0.00028517189836102194
99 0.0006542092087142864
104 0.00016413845014333722
113 0.00011133348371866765
114 0.00021141259586679695
115 0.0002059878583080766
122 0.00018417084982617462
171 0.0001368611790876869
185 0.0010625347393958431
255 0.0008636515402609177
258 0.0003960586369806884
259 0.0028480687680229344
277 0.00009965045113662244
279 0.00022929556638299245
291 0.0003887745697496512
307 0.00022550415909059743
363 0.00036332233087023905
367 0.0002673724241223067
368 0.00018686500362842702
376 0.00034065472379816113
452 0.0002764565099464942
457 0.0005872711056353866
469 0.0005332529953860384
497 0.00035368817101790026
550 0.0005066488975853823
613 0.0002597352724507996
649 0.0003960586369806884
703 0.0005725361401855936
716 0.0003136207976380542
772 0.0005194705449015992
851 0.00008185705212231243
1085 0.000393582208037624
1091 0.000618218327643938
1093 0.00036920725599727517
1214 0.000424038368775366
1271 0.0007305054994379872
1283 0.0023735112556222647
1322 0.0009474798040151018
1390 0.0033522314055927033
1534 0.0012075611868749357
1949 0.00140734118384215
2497 0.000424038368775366
4280 0.0004338499289216686
4670 0.001236436655287876
6584 0.0023644469764792122
6595 0.000873114324417637
6596 0.000873114324417637
6597 0.000873114324417637
6598 0.000873114324417637