0 0.00019243773886705868
1 0.0001309668193588762
2 0.00017273030805218352
5 0.0002365665368606119
6 0.0002400196965770493
7 0.000233207996263883
13 0.000025983098867619697
16 0.00007545831652538253
30 0.00022182651134558653
33 0.00011331060825040136
34 0.00008687753051003999
36 0.00008296386270199534
38 0.000008702469372146433
39 0.000013901335368914586
40 0.000015010431483387899
41 0.000018566402687180508
42 0.000051443803059355216
43 0.000020607687896278735
45 0.00025964242459217314
46 0.0001834307973068906
47 0.00027084767769878907
49 0.000041620673939093223
52 0.00014497369525357328
58 0.0005491700750215032
59 0.000602379158534602
61 0.00035285287846540845
63 0.00000567829780156086
64 0.00018731984297588175
65 0.00003546283794272714
66 0.00027942089546161464
82 0.0005664825455324013
94 0.0004785475402955236
95 0.0017088896782901184
97 0.00023454039050719067
110 0.000505900267840781
114 0.00021141259586679695
117 0.0004338499289216686
122 0.00018417084982617462
150 0.00017810563074510452
151 0.0003359696033249817
154 0.0003314569809760339
159 0.0001776836714179443
160 0.00018023749427928805
230 0.0002958245228348551
259 0.006731798906236026
261 0.0002338723830583595
275 0.0004120699366150429
277 0.00009965045113662244
278 0.0007550417726806894
287 0.00025810086072372616
348 0.0004272224195725296
367 0.0010694896964892268
368 0.00018686500362842702
375 0.0005178306850950789
376 0.00034065472379816113
396 0.00019196354460646538
405 0.0009884344705174716
465 0.000618218327643938
494 0.0009766104260159718
520 0.0006475843506849814
537 0.0003960586369806884
559 0.0006345864806991627
639 0.001117410468530901
662 0.0004408563537610837
852 0.0003887745697496512
873 0.00037969048392546374
1010 0.0066584407737955795
1029 0.00023724943034546792
1183 0.0007881489921597373
1196 0.0007682967913789674
1321 0.0003271046043571432
1336 0.0006758309323565803
1528 0.005684940152295378
1603 0.002407001022472928
1621 0.0004338499289216686
1689 0.000873114324417637
1690 0.0005188152611795682
1691 0.0006758309323565803
1692 0.0007881489921597373
1693 0.0005908656000986806
1694 0.0007031836599018376
1695 0.000873114324417637
1696 0.0009775367596641168
1697 0.0007881489921597373
1698 0.0014768949178551047
1699 0.0007881489921597373
1700 0.0006534821266696528