0 0.00019243773886705868
1 0.0005238672774355048
9 0.00023858277221570697
13 0.000045470423018334476
16 0.00007545831652538253
20 0.0007394749461544028
22 0.0002683471778299544
26 0.0002468679904672833
30 0.0008873060453823461
33 0.00011331060825040136
34 0.00013031629576506
36 0.00008296386270199534
38 0.000005801646248097621
39 0.000009267556912609724
40 0.000006004172593355159
41 0.000011139841612308305
43 0.000008243075158511493
46 0.0001834307973068906
47 0.00009028255923292969
56 0.00006477729821638932
61 0.00035285287846540845
63 0.00001135659560312172
65 0.00005319425691409072
66 0.00018628059697440975
67 0.00004203784642398019
89 0.00009505729945367397
100 0.00015297081732618925
105 0.0006629139619520678
113 0.0002226669674373353
122 0.0005525125494785239
154 0.0013258279239041356
165 0.00022550415909059743
177 0.00030320240920542457
180 0.0001136486243970201
214 0.00273659908111955
261 0.0002338723830583595
272 0.0009474798040151018
277 0.00019930090227324488
279 0.00022929556638299245
288 0.00022801868959232616
291 0.0003887745697496512
292 0.0002914849877710017
293 0.0006570765879158534
307 0.00022550415909059743
313 0.0017353997156866743
315 0.0004785475402955236
320 0.0017683509100053845
327 0.005940879554710327
360 0.00019339166635443979
441 0.0003438806748054391
445 0.00023123617256302196
497 0.00017684408550895013
540 0.0006943876483085783
558 0.0003775208863403447
669 0.0003776815749571676
688 0.000549621148441263
759 0.002146242245066033
805 0.0037529098235790665
851 0.00008185705212231243
852 0.0003887745697496512
899 0.00044828766312813873
906 0.0005908656000986806
915 0.00032290148184198857
920 0.0037345885465606067
1024 0.000505900267840781
1093 0.00036920725599727517
1283 0.002712584292139731
1305 0.0004691137279473833
1330 0.0007921172739613768
1354 0.001117410468530901
1395 0.0001739500102896398
1494 0.0005188152611795682
1510 0.007615037768389952
1629 0.00043049138832493966
1834 0.01158365135033271
1837 0.000499919615209078
2027 0.00046465581618336337
2398 0.0008965753262562775
2464 0.0005908656000986806
2697 0.00040116683707882124
2700 0.00040380304757415875
3159 0.0006345864806991627
3226 0.0005188152611795682
3262 0.0014063673198036752
3294 0.0007031836599018376
3450 0.0007384474589275524
6599 0.001746228648835274
6600 0.0007881489921597373