9 0.00020449951904203455
13 0.000025983098867619697
14 0.0005050923328198371
22 0.0006708679445748862
26 0.00012343399523364164
34 0.000043438765255019996
36 0.00004148193135099767
38 0.000011603292496195242
39 0.000009267556912609724
40 0.00000900625889003274
41 0.000007426561074872202
43 0.00001236461273776724
49 0.000041620673939093223
51 0.00004686777384075253
55 0.00009700475713476236
56 0.00019433189464916796
61 0.00017642643923270423
63 0.0000037855318677072396
65 0.00001773141897136357
84 0.0004261759244447152
100 0.00015297081732618925
113 0.00011133348371866765
122 0.002578391897566445
131 0.0012277557090025085
139 0.0005644974486379127
150 0.00035621126149020904
177 0.0006064048184108491
180 0.00005682431219851005
184 0.00040649720137641123
210 0.0003201773905469762
260 0.0007637983509111575
267 0.0002783569986123394
277 0.0014947567670493367
307 0.00022550415909059743
352 0.0002958245228348551
389 0.0008890314040531017
393 0.001695365182587332
496 0.0002464916487181342
540 0.0024303567690800248
545 0.0003985861298959538
550 0.00025332444879269114
558 0.0003775208863403447
576 0.0003086168757797243
633 0.0008129944027528225
665 0.0004887683798320584
667 0.007755378488346135
669 0.00012589385831905585
670 0.0003329428059983855
671 0.0002597352724507996
746 0.0007344281131537118
794 0.006932288940018499
795 0.0006037805934374678
825 0.000505900267840781
851 0.00008185705212231243
1133 0.00048355146215385347
1299 0.0006758309323565803
1442 0.0026030995735300115
1468 0.0008241398732300858
1650 0.0012537244147688554
1655 0.0005791825675166354
1674 0.0013015497867650057
1822 0.0012075611868749357
1886 0.0004785475402955236
2178 0.0013069642533393056
2464 0.0005908656000986806
2946 0.003940744960798687
3321 0.0025383459227966507
3810 0.0014768949178551047
4064 0.016245844096406153
4216 0.000499919615209078
4866 0.0007384474589275524
6616 0.006984914595341096
6617 0.003492457297670548
6618 0.001746228648835274
6619 0.001746228648835274
6620 0.0014063673198036752
6621 0.000873114324417637
6622 0.000873114324417637
6623 0.0007881489921597373