0 0.00019243773886705868
1 0.0002619336387177524
13 0.000006495774716904924
26 0.00012343399523364164
29 0.00026649997158873667
38 0.0000029008231240488105
40 0.000006004172593355159
42 0.000051443803059355216
43 0.00001236461273776724
46 0.00004585769932672265
51 0.0001406033215222576
56 0.00006477729821638932
57 0.0001250684069607151
59 0.00040158610568973463
60 0.0002572917550567303
63 0.00001135659560312172
65 0.00003546283794272714
89 0.00019011459890734794
107 0.0002049311356991152
124 0.0001988555649537063
158 0.00028424192373937554
160 0.00018023749427928805
165 0.00022550415909059743
175 0.0011261670684184837
180 0.0001136486243970201
251 0.00022002825322499402
283 0.00041790813825628515
291 0.0003887745697496512
293 0.0009856148818737803
310 0.00032453395541518913
319 0.00045619873460859607
475 0.001717608420556781
493 0.00023454039050719067
538 0.0002852508106156339
550 0.00025332444879269114
575 0.000505900267840781
590 0.0007344281131537118
689 0.00043049138832493966
696 0.0006534821266696528
703 0.0002862680700927968
747 0.0031128915670774093
760 0.000848076737550732
772 0.0002597352724507996
780 0.0003775208863403447
851 0.00008185705212231243
866 0.0004272224195725296
894 0.0005121877518304292
896 0.0005791825675166354
898 0.0003014743275909555
908 0.0007305054994379872
926 0.0006758309323565803
987 0.0005685167944117531
1029 0.00023724943034546792
1112 0.0003672140565768559
1142 0.0005188152611795682
1154 0.0003960586369806884
1182 0.00045217938883475555
1767 0.0013069642533393056
1892 0.0005258216860189834
2091 0.000618218327643938
2199 0.0004785475402955236
2213 0.00044451570202655086
2464 0.0005908656000986806
2487 0.0007384474589275524
2697 0.0020058341853941065
2700 0.00040380304757415875
3053 0.002234820937061802
4172 0.0005258216860189834
4456 0.0013565381665042668
6624 0.0047288939529584245
6625 0.0023644469764792122
6626 0.002619342973252911
6627 0.000873114324417637
6628 0.000873114324417637
6629 0.001746228648835274
6630 0.002619342973252911
6631 0.002619342973252911
6632 0.0007881489921597373
6633 0.000873114324417637