1 0.0001309668193588762
2 0.00017273030805218352
16 0.00015091663305076506
17 0.00018869457585405535
19 0.00013212323419503196
20 0.0002464916487181342
23 0.00045603737918465233
28 0.00025332444879269114
33 0.00011331060825040136
36 0.00004148193135099767
38 0.00002030576186834168
40 0.000006004172593355159
41 0.000003713280537436101
42 0.00010288760611871043
43 0.000004121537579255747
44 0.00040906660612589484
46 0.00004585769932672265
49 0.000041620673939093223
51 0.00004686777384075253
63 0.00001135659560312172
65 0.00003546283794272714
105 0.0003314569809760339
123 0.000188234616351904
146 0.000794320432093347
184 0.00040649720137641123
293 0.0006570765879158534
304 0.00026056072380914035
307 0.00022550415909059743
313 0.0004338499289216686
389 0.00044451570202655086
416 0.003733119656673465
437 0.00032153186911851154
484 0.004304913883249397
520 0.001780856964383699
545 0.0003985861298959538
642 0.0003887745697496512
771 0.0010516433720379667
772 0.0002597352724507996
790 0.0004887683798320584
851 0.0004092852606115622
852 0.0003887745697496512
1120 0.0008841754550026923
1182 0.0009043587776695111
1981 0.0004942172352587358
1990 0.0007384474589275524
2319 0.000549621148441263
2414 0.0005411640668664958
3909 0.0013516618647131605
6149 0.0007384474589275524
6634 0.001746228648835274
6635 0.003492457297670548
6636 0.000873114324417637
6637 0.00611180027092346
6638 0.000873114324417637
6639 0.001746228648835274
6640 0.000873114324417637
6641 0.000873114324417637