9 0.00017041626586836213
13 0.00005846197245214433
14 0.0005050923328198371
21 0.0001430533573344265
22 0.00040252076674493167
27 0.00033751149866781817
28 0.0005066488975853823
30 0.0008873060453823461
35 0.0011663237092489538
36 0.00004148193135099767
38 0.000011603292496195242
39 0.000013901335368914586
40 0.000006004172593355159
41 0.000007426561074872202
43 0.000004121537579255747
49 0.000041620673939093223
51 0.00004686777384075253
56 0.00019433189464916796
57 0.0001250684069607151
63 0.0000037855318677072396
65 0.00003546283794272714
66 0.00009314029848720488
67 0.00004203784642398019
76 0.0002671685307183822
89 0.00009505729945367397
115 0.0002059878583080766
123 0.000188234616351904
124 0.0001988555649537063
144 0.0005074271160050014
149 0.0003732936031739842
165 0.00022550415909059743
171 0.00041058353726306076
177 0.00015160120460271228
180 0.00005682431219851005
183 0.0002081290317624025
187 0.0005332529953860384
192 0.0003242865707429365
214 0.0008209797243358649
264 0.00021085919057695548
275 0.0004120699366150429
277 0.00009965045113662244
304 0.00026056072380914035
340 0.0005587052342654505
396 0.00019196354460646538
401 0.00018110073068838497
467 0.00034552605606704003
543 0.0015842345479227535
551 0.0002832412727662006
563 0.0005685167944117531
590 0.0003672140565768559
591 0.00044451570202655086
596 0.00043049138832493966
691 0.0003038092374917516
750 0.0003344468624572988
752 0.00048355146215385347
759 0.0014308281633773554
760 0.003392306950202928
794 0.0010665059907720767
803 0.0002597352724507996
826 0.0004272224195725296
851 0.00008185705212231243
869 0.0005188152611795682
920 0.0016598171318047137
966 0.004469641874123604
1104 0.0013516618647131605
1120 0.0008841754550026923
1141 0.0008358162765125703
1395 0.0003479000205792796
1442 0.0008676998578433372
1622 0.006026879436549156
1662 0.0005587052342654505
1781 0.00028224872431895635
1837 0.000499919615209078
1916 0.0014768949178551047
2202 0.00046465581618336337
2342 0.0005587052342654505
2398 0.0013448629893844162
2416 0.0006534821266696528
2618 0.0006345864806991627
2654 0.0014356426208865709
2722 0.00041790813825628515
3033 0.0004737399020075509
3427 0.000618218327643938
3502 0.00036332233087023905
4192 0.0005258216860189834
4279 0.003515918299509189
6642 0.001746228648835274
6643 0.001746228648835274
6644 0.000873114324417637
6645 0.001746228648835274
6646 0.000873114324417637
6647 0.000873114324417637