9 0.00010224975952101728
13 0.000006495774716904924
16 0.00007545831652538253
29 0.0013324998579436836
34 0.00008687753051003999
38 0.000014504115620244055
39 0.000004633778456304862
40 0.000012008345186710319
41 0.000014853122149744404
42 0.000051443803059355216
43 0.000008243075158511493
63 0.000007571063735414479
65 0.00003546283794272714
88 0.00024872719512041187
89 0.00009505729945367397
113 0.00011133348371866765
122 0.00036834169965234924
154 0.0003314569809760339
156 0.0004338499289216686
160 0.00018023749427928805
173 0.0016234922005994874
180 0.00005682431219851005
219 0.0017375477025499064
307 0.00022550415909059743
367 0.0002673724241223067
377 0.0003188377153162591
401 0.00018110073068838497
437 0.00032153186911851154
467 0.00034552605606704003
520 0.00016189608767124534
546 0.0008241398732300858
550 0.00025332444879269114
556 0.000505900267840781
576 0.0003086168757797243
590 0.0003672140565768559
591 0.00044451570202655086
658 0.0003841483956894837
688 0.000549621148441263
694 0.0009775367596641168
709 0.0008182251257593176
724 0.0005908656000986806
851 0.00016371410424462487
861 0.0004737399020075509
897 0.0005587052342654505
908 0.0003652527497189936
1177 0.0005188152611795682
1236 0.001099242296882526
1305 0.0004691137279473833
1315 0.0008965753262562775
1321 0.0003271046043571432
1529 0.001527596701822315
1560 0.0015762979843194746
1637 0.0005332529953860384
1662 0.0005587052342654505
1741 0.0005908656000986806
1781 0.00028224872431895635
1849 0.0006758309323565803
1900 0.003807518884194976
2014 0.0003438806748054391
2034 0.0015774650580569502
2143 0.0013516618647131605
2478 0.0021095509797055133
2489 0.0007384474589275524
2665 0.0019604463800089586
3180 0.0006534821266696528
3189 0.001772596800296042
3208 0.00034065472379816113
3912 0.0007881489921597373
4798 0.0015762979843194746
4807 0.0007031836599018376
5092 0.0007881489921597373
6648 0.000873114324417637
6649 0.001746228648835274
6650 0.000873114324417637
6651 0.001746228648835274