13 0.000025983098867619697
26 0.0002468679904672833
34 0.00017375506102007999
36 0.00012444579405299303
38 0.000011603292496195242
39 0.000009267556912609724
40 0.00000900625889003274
41 0.000007426561074872202
43 0.000008243075158511493
44 0.00020453330306294742
46 0.00027514619596033594
48 0.00013154366307515625
61 0.00017642643923270423
63 0.00000567829780156086
65 0.00001773141897136357
67 0.00008407569284796038
69 0.00023724943034546792
71 0.00012561808978093188
100 0.00015297081732618925
122 0.00036834169965234924
154 0.0006629139619520678
159 0.0001776836714179443
179 0.0021603181304580706
180 0.00005682431219851005
196 0.0015082275073681705
217 0.001291474164974819
243 0.000529546954728898
245 0.000181970089392662
253 0.003214020029551425
304 0.00026056072380914035
307 0.00022550415909059743
352 0.0002958245228348551
360 0.00019339166635443979
377 0.0003188377153162591
413 0.00024142866684252312
490 0.0004338499289216686
491 0.001244373218891155
493 0.0025799442955790975
497 0.00017684408550895013
549 0.00040380304757415875
555 0.0002457554359134993
572 0.001695365182587332
669 0.00012589385831905585
769 0.00045619873460859607
851 0.00008185705212231243
1001 0.00030739717354226806
1007 0.001180746624112872
1037 0.0002709256892452844
1078 0.0004408563537610837
1109 0.000618218327643938
1110 0.0015997589861581152
1596 0.0004603543550640608
1713 0.0016482797464601716
1773 0.0014997588456272344
1910 0.0005188152611795682
2206 0.0006534821266696528
2447 0.0035872751690635848
3552 0.005881339140026876
6652 0.000873114324417637
6653 0.000873114324417637
6654 0.000873114324417637