0 0.00019243773886705868
1 0.0001309668193588762
2 0.00017273030805218352
3 0.00037969048392546374
4 0.00035233775638020634
5 0.0002365665368606119
6 0.0002400196965770493
7 0.000233207996263883
8 0.00028224872431895635
9 0.00017041626586836213
13 0.00005846197245214433
19 0.0005284929367801278
20 0.0009859665948725369
21 0.0007152667866721326
22 0.0002683471778299544
34 0.00013031629576506
35 0.0003887745697496512
36 0.00012444579405299303
38 0.000011603292496195242
39 0.000009267556912609724
40 0.00007205007112026192
41 0.000018566402687180508
42 0.00010288760611871043
43 0.000020607687896278735
44 0.00013635553537529827
45 0.00012982121229608657
46 0.00013757309798016797
47 0.00022570639808232424
48 0.00013154366307515625
49 0.00008324134787818645
51 0.00004686777384075253
52 0.00028994739050714656
58 0.0010983401500430064
59 0.0008031722113794693
60 0.0002572917550567303
61 0.00035285287846540845
63 0.0000018927659338536198
64 0.00018731984297588175
65 0.00003546283794272714
66 0.00018628059697440975
74 0.00030499358548289365
84 0.0006392638866670728
85 0.0007307188851000811
97 0.00023454039050719067
105 0.0003314569809760339
107 0.0002049311356991152
113 0.00011133348371866765
123 0.000188234616351904
124 0.00009942778247685315
125 0.0002682511308492756
144 0.0001691423720016671
150 0.00017810563074510452
154 0.0006629139619520678
159 0.0003553673428358886
160 0.0007209499771171522
171 0.00041058353726306076
205 0.0007384474589275524
210 0.0003201773905469762
230 0.0002958245228348551
255 0.00017273030805218352
261 0.0002338723830583595
286 0.0001987752449196317
304 0.0005211214476182807
307 0.00022550415909059743
321 0.00048355146215385347
367 0.0002673724241223067
375 0.00025891534254753946
377 0.0003188377153162591
397 0.0006345864806991627
399 0.0014846692159883957
439 0.0016572849048801697
461 0.0007971722597919076
466 0.000549621148441263
486 0.0008746061772762119
552 0.00048355146215385347
558 0.0003775208863403447
595 0.00044451570202655086
613 0.0005194705449015992
625 0.00048355146215385347
718 0.0006345864806991627
771 0.0005258216860189834
836 0.000549621148441263
859 0.004726924800789445
862 0.0005908656000986806
863 0.00036920725599727517
908 0.0003652527497189936
917 0.0006534821266696528
980 0.0007266446617404781
1214 0.000848076737550732
1272 0.0005685167944117531
1340 0.0006345864806991627
1390 0.005587052342654506
1395 0.0001739500102896398
1403 0.00034552605606704003
1412 0.0010376305223591363
1551 0.0010243755036608584
1617 0.0006345864806991627
1654 0.0029543280004934035
1701 0.000505900267840781
1702 0.000618218327643938
1703 0.0015762979843194746
1704 0.003492457297670548
1705 0.0004149542829511784
1706 0.0006534821266696528
1707 0.001746228648835274
1708 0.000873114324417637
1709 0.0007881489921597373
1710 0.0007384474589275524
1711 0.0015762979843194746
1712 0.0007881489921597373
1713 0.0004120699366150429
1714 0.0007384474589275524
1715 0.000873114324417637
1716 0.006182183276439381
1717 0.006984914595341096
1718 0.0015762979843194746
1719 0.0007031836599018376
1720 0.000873114324417637
1721 0.001746228648835274
1722 0.0007031836599018376
1723 0.0007384474589275524
1724 0.0007881489921597373
1725 0.0004408563537610837
1726 0.000873114324417637
1727 0.000873114324417637
1728 0.000873114324417637
1729 0.0007881489921597373
1730 0.000873114324417637
1731 0.000873114324417637
1732 0.000873114324417637
1733 0.000873114324417637
1734 0.0007881489921597373
1735 0.000873114324417637
1736 0.000873114324417637
1737 0.0007881489921597373
1738 0.0013516618647131605