9 0.00013633301269468968
13 0.000025983098867619697
16 0.00015091663305076506
17 0.00018869457585405535
23 0.00022801868959232616
26 0.00012343399523364164
33 0.00022662121650080273
34 0.0002171938262751
36 0.00016592772540399069
38 0.000008702469372146433
39 0.000004633778456304862
40 0.000012008345186710319
41 0.000007426561074872202
42 0.000051443803059355216
43 0.000008243075158511493
48 0.00013154366307515625
51 0.00009373554768150506
56 0.00006477729821638932
63 0.00000567829780156086
65 0.00003546283794272714
89 0.00009505729945367397
124 0.00009942778247685315
159 0.0001776836714179443
160 0.00018023749427928805
196 0.0001675808341520189
223 0.0017780628081062034
230 0.0002958245228348551
234 0.0015997589861581152
279 0.00022929556638299245
283 0.00041790813825628515
288 0.00022801868959232616
321 0.00048355146215385347
357 0.0003438806748054391
396 0.000959817723032327
430 0.00022365154352182467
475 0.0014313403504639844
505 0.001007908809974945
506 0.0008975491902947523
507 0.0008182251257593176
520 0.0003237921753424907
555 0.0002457554359134993
556 0.000505900267840781
572 0.00033907303651746636
669 0.00012589385831905585
746 0.0003672140565768559
747 0.0015564457835387047
748 0.0006037805934374678
851 0.00016371410424462487
858 0.0002457554359134993
891 0.0009570950805910472
899 0.00044828766312813873
901 0.0005685167944117531
1115 0.0008746061772762119
1154 0.0003960586369806884
1157 0.0005908656000986806
1188 0.002234820937061802
1196 0.0003841483956894837
1235 0.0005258216860189834
1283 0.00033907303651746636
1398 0.00040380304757415875
1411 0.0010243755036608584
1445 0.0022740671776470124
1593 0.0006758309323565803
1761 0.0007384474589275524
1809 0.010813294917705284
1959 0.0006758309323565803
2063 0.00040116683707882124
2125 0.007031836599018378
2273 0.004469641874123604
2439 0.0007031836599018376
2447 0.0003985861298959538
2491 0.0005332529953860384
2632 0.0012691729613983254
2718 0.0007881489921597373
2722 0.00041790813825628515
2973 0.0006534821266696528
3588 0.0007384474589275524
5840 0.0007031836599018376
6374 0.0007881489921597373
6669 0.000873114324417637
6670 0.001746228648835274