9 0.00006816650634734484
12 0.0005129759100776286
13 0.000012991549433809848
14 0.0005050923328198371
15 0.0005129759100776286
16 0.00007545831652538253
17 0.0007547783034162214
23 0.001140093447961631
26 0.0002468679904672833
33 0.00033993182475120415
34 0.000043438765255019996
38 0.000005801646248097621
39 0.000004633778456304862
40 0.000012008345186710319
41 0.000007426561074872202
42 0.00010288760611871043
43 0.000004121537579255747
49 0.000041620673939093223
51 0.0001406033215222576
56 0.00019433189464916796
63 0.000007571063735414479
65 0.00001773141897136357
81 0.00036481418372881415
100 0.00015297081732618925
104 0.0004924153504300117
107 0.0002049311356991152
113 0.00011133348371866765
122 0.00018417084982617462
144 0.0003382847440033342
158 0.00028424192373937554
159 0.0001776836714179443
196 0.0001675808341520189
197 0.0005808473810965232
213 0.003910936639858155
214 0.000273659908111955
222 0.001152445187068451
245 0.000181970089392662
251 0.00022002825322499402
259 0.0005178306850950789
264 0.00021085919057695548
271 0.00029918306343158405
274 0.0002893715032852814
277 0.00009965045113662244
279 0.00022929556638299245
283 0.0008358162765125703
287 0.00025810086072372616
288 0.0006840560687769785
307 0.00022550415909059743
320 0.0008841754550026923
327 0.0011881759109420651
338 0.000549621148441263
353 0.0015015560912246448
360 0.00019339166635443979
368 0.00018686500362842702
396 0.00038392708921293077
401 0.00036220146137676994
443 0.0014768949178551047
445 0.00023123617256302196
449 0.00043049138832493966
457 0.0008809066584530799
507 0.0005454834171728783
520 0.00016189608767124534
550 0.00025332444879269114
555 0.0002457554359134993
741 0.00035233775638020634
772 0.0002597352724507996
851 0.0002455711563669373
942 0.0008746061772762119
980 0.0007266446617404781
988 0.00041790813825628515
1085 0.000393582208037624
1290 0.0009332799141683663
1321 0.0006542092087142864
1397 0.00028028741746109395
1413 0.0016598171318047137
1503 0.0010665059907720767
1997 0.0005587052342654505
2012 0.000549621148441263
2055 0.011746148225234824
2155 0.0014506543864615605
2447 0.0003985861298959538
2479 0.0023644469764792122
2627 0.0010823281337329915
3293 0.0005908656000986806
5732 0.0007881489921597373
6671 0.002619342973252911
6672 0.0007881489921597373
6673 0.001746228648835274
6674 0.000873114324417637
6675 0.0015762979843194746
6676 0.000873114324417637
6677 0.000873114324417637