1 0.0001309668193588762
13 0.000025983098867619697
19 0.00013212323419503196
20 0.0002464916487181342
21 0.0001430533573344265
22 0.0001341735889149772
26 0.0004937359809345666
27 0.00033751149866781817
30 0.0008873060453823461
34 0.0002171938262751
36 0.00016592772540399069
38 0.000008702469372146433
39 0.000013901335368914586
40 0.00002701877667009822
41 0.000025992963762052712
43 0.000016486150317022987
46 0.00013757309798016797
49 0.00008324134787818645
52 0.00028994739050714656
55 0.00009700475713476236
56 0.0004534410875147253
57 0.0005002736278428604
63 0.0000189276593385362
65 0.00005319425691409072
74 0.010369781906418386
81 0.00018240709186440708
84 0.0008523518488894304
88 0.0004974543902408237
97 0.00046908078101438134
100 0.0007648540866309464
107 0.0008197245427964607
113 0.0006680009023120059
114 0.0019027133628011729
120 0.0006345864806991627
158 0.002842419237393756
159 0.0001776836714179443
160 0.00018023749427928805
161 0.003910147038656467
169 0.0006758309323565803
173 0.0005411640668664958
174 0.0029543280004934035
175 0.0037538902280616127
177 0.00015160120460271228
180 0.00017047293659553015
184 0.00040649720137641123
196 0.0001675808341520189
197 0.0002904236905482616
212 0.001203500511236464
237 0.0010676730645095523
247 0.0005211214476182807
251 0.00022002825322499402
255 0.00017273030805218352
267 0.0002783569986123394
277 0.00029895135340986733
282 0.00305519340364463
297 0.002442192176646383
309 0.0003003233420124021
310 0.00032453395541518913
315 0.0009570950805910472
333 0.0004338499289216686
348 0.0004272224195725296
357 0.0003438806748054391
359 0.0005258216860189834
360 0.00019339166635443979
376 0.0006813094475963223
406 0.000505900267840781
412 0.0005745876846010181
413 0.00024142866684252312
427 0.00044451570202655086
428 0.0009207087101281216
442 0.0003242865707429365
467 0.00034552605606704003
492 0.02050328613197504
493 0.00023454039050719067
495 0.0003753890228061612
498 0.0003558910215031841
500 0.0006345864806991627
507 0.001363708542932196
508 0.011803049757368128
520 0.00016189608767124534
524 0.006345864806991628
530 0.004327528293507567
550 0.00025332444879269114
551 0.0002832412727662006
558 0.001132562659021034
559 0.0012691729613983254
573 0.000661100815422738
638 0.0008023336741576425
643 0.000505900267840781
645 0.0005908656000986806
666 0.00032568748957397626
669 0.00012589385831905585
684 0.0036807518021328843
688 0.000549621148441263
703 0.0002862680700927968
729 0.0009382274558947666
759 0.0014308281633773554
768 0.0009884344705174716
803 0.0005194705449015992
827 0.008785802120635544
851 0.00008185705212231243
857 0.0060824783912092235
873 0.00037969048392546374
898 0.0003014743275909555
902 0.0003753890228061612
911 0.0004120699366150429
942 0.0017492123545524239
1001 0.0006147943470845361
1027 0.0005332529953860384
1029 0.0007117482910364039
1037 0.0010837027569811377
1084 0.00036920725599727517
1114 0.0005791825675166354
1139 0.0005908656000986806
1142 0.0015564457835387047
1182 0.00045217938883475555
1187 0.00035770704084433884
1210 0.001117410468530901
1269 0.0006758309323565803
1284 0.03243988475311586
1318 0.0063051919372778984
1330 0.002772410458864819
1339 0.0005188152611795682
1354 0.005028347108389055
1397 0.0033634490095331275
1412 0.0010376305223591363
1417 0.0003911548205288988
1486 0.00046465581618336337
1494 0.0005188152611795682
1497 0.0006534821266696528
1514 0.0036226835606248072
1534 0.0006037805934374678
1572 0.0047288939529584245
1580 0.0017055503832352594
1629 0.0017219655532997587
1631 0.0006758309323565803
1644 0.0006345864806991627
1738 0.0006758309323565803
1785 0.00030499358548289365
1793 0.0021095509797055133
1798 0.0021032867440759335
2016 0.000505900267840781
2026 0.000618218327643938
2184 0.0006758309323565803
2346 0.00044828766312813873
2414 0.0005411640668664958
2443 0.001236436655287876
2513 0.0006345864806991627
2598 0.0005685167944117531
2637 0.00043049138832493966
2670 0.0014768949178551047
2739 0.0007384474589275524
2803 0.0022153423767826575
2932 0.005028347108389055
3007 0.00043049138832493966
3055 0.0006534821266696528
3159 0.0006345864806991627
3180 0.0006534821266696528
3277 0.0060824783912092235
3353 0.0005332529953860384
3570 0.0022153423767826575
4128 0.0005587052342654505
4170 0.0005791825675166354
4194 0.0005908656000986806
4383 0.0006345864806991627
4773 0.0005258216860189834
5314 0.0006758309323565803
5514 0.0005791825675166354
5707 0.0007384474589275524
5806 0.0005908656000986806
6043 0.0013069642533393056
6255 0.0007881489921597373
6263 0.0006534821266696528
6307 0.0007384474589275524
6391 0.0007031836599018376
6678 0.001746228648835274
6679 0.000873114324417637
6680 0.000873114324417637
6681 0.001746228648835274
6682 0.000873114324417637
6683 0.000873114324417637
6684 0.0007881489921597373
6685 0.000873114324417637
6686 0.002619342973252911
6687 0.003492457297670548
6688 0.018335400812770377
6689 0.002619342973252911
6690 0.001746228648835274
6691 0.004365571622088185
6692 0.004365571622088185
6693 0.000873114324417637
6694 0.003492457297670548
6695 0.001746228648835274
6696 0.001746228648835274
6697 0.001746228648835274
6698 0.000873114324417637
6699 0.000873114324417637
6700 0.000873114324417637