9 0.00003408325317367242
13 0.000019487324150714776
16 0.00007545831652538253
29 0.00026649997158873667
30 0.00044365302269117307
34 0.00008687753051003999
36 0.00004148193135099767
38 0.000008702469372146433
39 0.000013901335368914586
40 0.000006004172593355159
41 0.000007426561074872202
43 0.00001236461273776724
45 0.00025964242459217314
49 0.00008324134787818645
63 0.0000094638296692681
65 0.00003546283794272714
66 0.00027942089546161464
67 0.00008407569284796038
74 0.00030499358548289365
76 0.0002671685307183822
89 0.00009505729945367397
115 0.0002059878583080766
136 0.0002925555540824451
144 0.0006765694880066684
146 0.000264773477364449
171 0.0001368611790876869
177 0.00015160120460271228
180 0.00005682431219851005
217 0.00043049138832493966
270 0.0010786511093059537
274 0.0014468575164264075
392 0.0002969338431976791
396 0.00019196354460646538
399 0.0002969338431976791
411 0.00044608035070850863
520 0.00016189608767124534
639 0.0016761157027963517
716 0.0003136207976380542
750 0.0003344468624572988
851 0.00016371410424462487
942 0.00043730308863810597
1001 0.00030739717354226806
1024 0.000505900267840781
1290 0.0006221866094455775
1328 0.002478710600393818
2042 0.0005332529953860384
2064 0.0005685167944117531
2152 0.0004942172352587358
2492 0.000618218327643938
2720 0.0014768949178551047
2721 0.0007881489921597373
3341 0.004442105364894139
3889 0.0014063673198036752
4177 0.002027492797069741
4354 0.0007031836599018376
5448 0.000618218327643938
6460 0.0007881489921597373
6509 0.0007881489921597373
6701 0.0006345864806991627
6705 0.003492457297670548
6706 0.0015762979843194746
6707 0.000873114324417637
6708 0.000873114324417637
6709 0.000873114324417637
6710 0.000873114324417637
6711 0.001746228648835274
6712 0.000873114324417637
6713 0.000873114324417637
6714 0.000873114324417637
6715 0.000873114324417637
6716 0.000873114324417637
6717 0.0007881489921597373
6718 0.000873114324417637
6719 0.000873114324417637
6720 0.000873114324417637
6721 0.000873114324417637
6722 0.000873114324417637
6723 0.000873114324417637