9 0.00006816650634734484
12 0.0005129759100776286
13 0.000006495774716904924
14 0.00025254616640991854
15 0.0002564879550388143
22 0.00040252076674493167
26 0.0006171699761682083
38 0.000008702469372146433
39 0.00002316889228152431
40 0.00000900625889003274
41 0.000014853122149744404
43 0.00002885076305479023
45 0.00025964242459217314
49 0.00008324134787818645
63 0.000007571063735414479
65 0.00003546283794272714
67 0.00004203784642398019
71 0.00012561808978093188
76 0.0001335842653591911
97 0.00023454039050719067
104 0.00032827690028667443
107 0.0002049311356991152
115 0.0002059878583080766
144 0.0008457118600083356
160 0.00018023749427928805
180 0.0001136486243970201
196 0.0001675808341520189
237 0.0010676730645095523
251 0.00044005650644998804
270 0.001438201479074605
271 0.0014959153171579206
274 0.0017362290197116888
277 0.0013951063159127143
286 0.0001987752449196317
287 0.00025810086072372616
288 0.0009120747583693047
320 0.00029472515166756405
396 0.00038392708921293077
430 0.00022365154352182467
550 0.00025332444879269114
555 0.0002457554359134993
715 0.0008185038060016722
851 0.00016371410424462487
858 0.0004915108718269986
954 0.00945384960157889
1062 0.00025810086072372616
1148 0.0050766918455933015
1290 0.0006221866094455775
1395 0.0001739500102896398
1550 0.000499919615209078
2064 0.002842583972058766
2155 0.00048355146215385347
2722 0.0012537244147688554
3208 0.0017032736189908058
4291 0.0007384474589275524
4436 0.003515918299509189
4532 0.0007384474589275524
4589 0.0011583651350332708
5325 0.0006758309323565803
6701 0.003172932403495814
6724 0.001746228648835274
6725 0.0014768949178551047