9 0.00023858277221570697
13 0.000019487324150714776
16 0.00015091663305076506
20 0.0002464916487181342
22 0.0002683471778299544
26 0.0002468679904672833
28 0.0005066488975853823
29 0.0005329999431774733
30 0.00022182651134558653
34 0.00013031629576506
38 0.000005801646248097621
39 0.000009267556912609724
40 0.000015010431483387899
41 0.000018566402687180508
43 0.000016486150317022987
45 0.00012982121229608657
49 0.00008324134787818645
55 0.00019400951426952473
63 0.00000567829780156086
65 0.00001773141897136357
66 0.00009314029848720488
67 0.00008407569284796038
71 0.00012561808978093188
73 0.00019291377466338104
84 0.0002130879622223576
122 0.00036834169965234924
123 0.000376469232703808
124 0.00009942778247685315
150 0.00035621126149020904
180 0.00005682431219851005
264 0.00021085919057695548
286 0.0001987752449196317
307 0.00022550415909059743
310 0.00016226697770759457
391 0.0011096122844998333
399 0.0005938676863953582
401 0.00018110073068838497
416 0.0006221866094455775
437 0.0028937868220666046
475 0.002576412630835172
491 0.0006221866094455775
505 0.0003359696033249817
506 0.00029918306343158405
507 0.0005454834171728783
508 0.0002682511308492756
538 0.0002852508106156339
546 0.0004120699366150429
560 0.0028127346396073505
590 0.0003672140565768559
671 0.0002597352724507996
684 0.0026291084300949174
694 0.0004887683798320584
722 0.006145757576919956
730 0.00044828766312813873
749 0.0004603543550640608
777 0.00830104417887309
803 0.0002597352724507996
851 0.00008185705212231243
856 0.0007881489921597373
858 0.000737266307740498
993 0.0008609827766498793
1110 0.0005332529953860384
1144 0.0007031836599018376
1374 0.0016234922005994874
1395 0.0003479000205792796
1398 0.00040380304757415875
1613 0.0010665059907720767
1753 0.00043730308863810597
1763 0.0006758309323565803
1781 0.00028224872431895635
2063 0.001203500511236464
2214 0.0021330119815441534
2378 0.0003003233420124021
2987 0.0012075611868749357
3601 0.0003672140565768559
3681 0.0007881489921597373
3826 0.0010376305223591363
4169 0.000424038368775366
4216 0.000499919615209078
4613 0.0007031836599018376
4657 0.0007881489921597373
4790 0.0021095509797055133
5111 0.004219101959411027
5840 0.0007031836599018376
6227 0.0007384474589275524
6462 0.0007384474589275524
6701 0.0025383459227966507
6726 0.001746228648835274
6727 0.000873114324417637
6728 0.003492457297670548
6729 0.005238685946505822
6730 0.000873114324417637
6731 0.000873114324417637
6732 0.000873114324417637
6733 0.000873114324417637
6734 0.000873114324417637
6735 0.000873114324417637