9 0.00010224975952101728
13 0.000012991549433809848
17 0.0013208620309783875
18 0.00047449886069093585
19 0.0005284929367801278
23 0.0009120747583693047
30 0.00022182651134558653
34 0.000043438765255019996
36 0.00004148193135099767
38 0.000005801646248097621
39 0.000004633778456304862
40 0.00000900625889003274
41 0.000011139841612308305
42 0.000051443803059355216
43 0.000016486150317022987
44 0.00013635553537529827
45 0.00012982121229608657
49 0.000041620673939093223
56 0.00006477729821638932
63 0.00000567829780156086
65 0.00001773141897136357
67 0.00004203784642398019
71 0.00012561808978093188
76 0.00120225838823272
87 0.000378312535575597
100 0.00015297081732618925
113 0.0002226669674373353
122 0.00018417084982617462
124 0.00009942778247685315
139 0.00028224872431895635
144 0.0018605660920183382
150 0.00017810563074510452
165 0.00022550415909059743
171 0.0002737223581753738
179 0.0003086168757797243
180 0.00005682431219851005
183 0.0012487741905744152
196 0.0001675808341520189
216 0.001117410468530901
249 0.0007728793196977103
251 0.00022002825322499402
255 0.0008636515402609177
277 0.00009965045113662244
292 0.0002914849877710017
310 0.00016226697770759457
347 0.0002479774737404859
352 0.0002958245228348551
391 0.0002774030711249583
396 0.0005758906338193962
430 0.00022365154352182467
480 0.0003672140565768559
542 0.000499919615209078
613 0.0002597352724507996
841 0.0004338499289216686
851 0.00008185705212231243
858 0.0012287771795674966
1007 0.00196791104018812
1034 0.00034065472379816113
1070 0.0003541015143419739
1198 0.00044451570202655086
1290 0.00031109330472278875
1322 0.0018949596080302035
1368 0.00045217938883475555
1845 0.0007384474589275524
1935 0.000505900267840781
2064 0.0017055503832352594
2156 0.0005332529953860384
3538 0.0010665059907720767
4197 0.0007384474589275524
5388 0.0006758309323565803
6174 0.0007881489921597373
6701 0.001903759442097488
6736 0.000873114324417637
6737 0.002619342973252911