0 0.00019243773886705868
1 0.0001309668193588762
2 0.00017273030805218352
5 0.0002365665368606119
6 0.0002400196965770493
7 0.000233207996263883
13 0.000025983098867619697
29 0.00026649997158873667
33 0.00011331060825040136
38 0.000005801646248097621
39 0.000004633778456304862
40 0.00000900625889003274
41 0.000007426561074872202
42 0.00010288760611871043
43 0.00003297230063404597
45 0.00025964242459217314
49 0.000041620673939093223
51 0.00004686777384075253
52 0.00014497369525357328
56 0.00019433189464916796
58 0.0010983401500430064
59 0.000602379158534602
63 0.0000037855318677072396
65 0.00003546283794272714
67 0.00004203784642398019
68 0.0002914849877710017
81 0.002371292194237292
82 0.0005664825455324013
85 0.00024357296170002702
88 0.00024872719512041187
89 0.00009505729945367397
97 0.00023454039050719067
103 0.0009043587776695111
104 0.0004924153504300117
114 0.0004228251917335939
118 0.0006052724462960429
123 0.000188234616351904
146 0.000264773477364449
159 0.0003553673428358886
165 0.00022550415909059743
171 0.0001368611790876869
187 0.006399035944632461
347 0.0004959549474809718
411 0.00022304017535425432
416 0.0018665598283367326
438 0.0007191007395373025
452 0.0002764565099464942
669 0.00012589385831905585
671 0.0005194705449015992
686 0.004669337350616114
746 0.0003672140565768559
841 0.0004338499289216686
898 0.0003014743275909555
1037 0.0002709256892452844
1075 0.0006037805934374678
1241 0.0006534821266696528
1436 0.0014506543864615605
1739 0.0006534821266696528
1740 0.000873114324417637
1741 0.0005908656000986806
1742 0.0014997588456272344
1743 0.007858028919758734
1744 0.0006534821266696528
1745 0.0007881489921597373