9 0.00013633301269468968
30 0.00022182651134558653
38 0.000005801646248097621
39 0.000004633778456304862
40 0.000006004172593355159
41 0.000007426561074872202
43 0.000020607687896278735
45 0.0003894636368882597
55 0.00009700475713476236
63 0.000007571063735414479
65 0.00001773141897136357
67 0.00004203784642398019
72 0.00035285287846540845
73 0.00019291377466338104
76 0.0006679213267959556
84 0.0002130879622223576
123 0.000188234616351904
124 0.00009942778247685315
136 0.0002925555540824451
310 0.0006490679108303783
367 0.0002673724241223067
401 0.00018110073068838497
411 0.00044608035070850863
851 0.00008185705212231243
1029 0.00023724943034546792
1377 0.0025383459227966507
1395 0.0001739500102896398
1781 0.00028224872431895635
2064 0.0011370335888235062
2085 0.0003672140565768559
2202 0.00046465581618336337
2203 0.0004603543550640608
2204 0.0005258216860189834
5643 0.000618218327643938
6701 0.0012691729613983254
6738 0.000873114324417637
6739 0.000873114324417637