9 0.00023858277221570697
13 0.000025983098867619697
16 0.00007545831652538253
17 0.002641724061956775
18 0.0023724943034546795
19 0.0002642464683900639
21 0.0001430533573344265
23 0.00296424296470024
33 0.00033993182475120415
34 0.000043438765255019996
36 0.00012444579405299303
38 0.000008702469372146433
39 0.000009267556912609724
40 0.000015010431483387899
41 0.000014853122149744404
43 0.00001236461273776724
44 0.00013635553537529827
46 0.0001834307973068906
47 0.00018056511846585937
49 0.000041620673939093223
51 0.00004686777384075253
52 0.0007248684762678665
55 0.00009700475713476236
56 0.00019433189464916796
57 0.0001250684069607151
60 0.0002572917550567303
63 0.0000037855318677072396
65 0.00003546283794272714
66 0.00018628059697440975
67 0.00004203784642398019
71 0.00012561808978093188
76 0.0009350898575143378
81 0.0012768496430508498
87 0.000378312535575597
102 0.0007599733463780734
114 0.0004228251917335939
115 0.0002059878583080766
122 0.00018417084982617462
150 0.00035621126149020904
160 0.00018023749427928805
177 0.00015160120460271228
187 0.005332529953860385
196 0.0001675808341520189
230 0.0002958245228348551
255 0.00034546061610436703
279 0.0009171822655319698
286 0.0001987752449196317
379 0.0003438806748054391
493 0.00023454039050719067
494 0.00019532208520319432
550 0.00025332444879269114
703 0.0002862680700927968
717 0.000393582208037624
851 0.00008185705212231243
858 0.000737266307740498
1007 0.000393582208037624
1010 0.0005121877518304292
1028 0.0007082030286839478
1029 0.00023724943034546792
1037 0.0002709256892452844
1156 0.0005188152611795682
1358 0.0004942172352587358
1395 0.0001739500102896398
1436 0.0009671029243077069
1468 0.0008241398732300858
1522 0.0005188152611795682
1523 0.0005188152611795682
1528 0.00043730308863810597
1742 0.000999839230418156
1886 0.0009570950805910472
2574 0.0017375477025499064
4850 0.0015762979843194746
6752 0.000873114324417637