9 0.00013633301269468968
13 0.000019487324150714776
17 0.0024530294861027195
18 0.00023724943034546792
19 0.00039636970258509594
22 0.0001341735889149772
23 0.00022801868959232616
26 0.0002468679904672833
30 0.0019964386021102793
33 0.00011331060825040136
34 0.000043438765255019996
36 0.00008296386270199534
38 0.000005801646248097621
39 0.000013901335368914586
40 0.000015010431483387899
41 0.000018566402687180508
42 0.000051443803059355216
43 0.000016486150317022987
44 0.00020453330306294742
46 0.00045857699326722653
47 0.00040627151654818366
48 0.0002630873261503125
49 0.000041620673939093223
51 0.0001406033215222576
56 0.0002591091928655573
57 0.0001250684069607151
63 0.0000037855318677072396
65 0.00003546283794272714
66 0.00018628059697440975
67 0.00004203784642398019
84 0.0002130879622223576
85 0.00024357296170002702
124 0.00009942778247685315
144 0.0013531389760133368
165 0.00022550415909059743
177 0.0004548036138081369
180 0.00005682431219851005
186 0.00025254616640991854
226 0.0006147934070973456
245 0.000181970089392662
246 0.00040649720137641123
258 0.0003960586369806884
259 0.00025891534254753946
263 0.0002338723830583595
268 0.0009671029243077069
310 0.00048680093312278375
375 0.00025891534254753946
396 0.00019196354460646538
520 0.00016189608767124534
569 0.00042093493558288133
573 0.0001652752038556845
669 0.00012589385831905585
703 0.001717608420556781
741 0.00035233775638020634
851 0.000040928526061156217
1036 0.0003732936031739842
1070 0.0007082030286839478
1260 0.001236436655287876
1263 0.0005188152611795682
1264 0.00046465581618336337
1435 0.000618218327643938
1605 0.001117410468530901
2004 0.0007384474589275524
2061 0.0011817312001973612
2139 0.0007881489921597373
2160 0.0013516618647131605
3044 0.0013069642533393056
3128 0.0014063673198036752
3601 0.0003672140565768559
4216 0.000499919615209078
4223 0.0013335471060796527
4535 0.0006758309323565803
4925 0.000499919615209078
6753 0.0022153423767826575
6759 0.016589172163935104
6760 0.000873114324417637
6761 0.0007881489921597373
6762 0.0007881489921597373
6763 0.000873114324417637
6764 0.001746228648835274
6765 0.0007881489921597373