9 0.00010224975952101728
13 0.000006495774716904924
17 0.0003773891517081107
18 0.00047449886069093585
19 0.00013212323419503196
21 0.0001430533573344265
36 0.00012444579405299303
38 0.000005801646248097621
39 0.000013901335368914586
40 0.000006004172593355159
41 0.000007426561074872202
42 0.00010288760611871043
43 0.000008243075158511493
44 0.00013635553537529827
46 0.0003668615946137812
47 0.00036113023693171874
51 0.00004686777384075253
52 0.00014497369525357328
63 0.0000037855318677072396
65 0.00003546283794272714
66 0.00009314029848720488
67 0.00008407569284796038
69 0.00023724943034546792
71 0.00012561808978093188
72 0.0005292793176981127
76 0.0006679213267959556
81 0.00018240709186440708
86 0.0008817127075221674
87 0.0001891562677877985
115 0.0002059878583080766
123 0.000188234616351904
160 0.00018023749427928805
165 0.00045100831818119485
177 0.00015160120460271228
180 0.00005682431219851005
196 0.0003351616683040378
230 0.0005916490456697102
255 0.00017273030805218352
360 0.00019339166635443979
367 0.0002673724241223067
429 0.0010516433720379667
550 0.0010132977951707645
555 0.0002457554359134993
576 0.0003086168757797243
753 0.0002783569986123394
826 0.0008544448391450592
851 0.00008185705212231243
1029 0.0011862471517273398
1032 0.0005332529953860384
1095 0.0004120699366150429
1107 0.0004272224195725296
1264 0.0023232790809168172
1468 0.0004120699366150429
1479 0.0007728793196977103
1636 0.0004603543550640608
1978 0.0015762979843194746
1996 0.0005121877518304292
2997 0.0006345864806991627
3601 0.0003672140565768559
4192 0.0015774650580569502
4289 0.0031128915670774093
4382 0.0007881489921597373
5012 0.002027492797069741
5165 0.0024151223737498713
5316 0.0005587052342654505