2 0.00017273030805218352
16 0.00007545831652538253
22 0.00040252076674493167
28 0.00025332444879269114
30 0.00022182651134558653
33 0.00045324243300160546
34 0.000043438765255019996
36 0.00029037351945698374
38 0.000011603292496195242
39 0.00002316889228152431
40 0.0000030020862966775796
41 0.000003713280537436101
43 0.000020607687896278735
49 0.00008324134787818645
51 0.0001406033215222576
63 0.000007571063735414479
65 0.00008865709485681788
66 0.00027942089546161464
68 0.0008744549633130053
71 0.00012561808978093188
76 0.0006679213267959556
89 0.00009505729945367397
113 0.0002226669674373353
124 0.00009942778247685315
144 0.0016914237200166711
160 0.00018023749427928805
177 0.00015160120460271228
180 0.00017047293659553015
184 0.00040649720137641123
197 0.0005808473810965232
206 0.00044451570202655086
214 0.00218927926489564
230 0.0002958245228348551
245 0.000181970089392662
251 0.00044005650644998804
255 0.00017273030805218352
286 0.0001987752449196317
307 0.00045100831818119485
310 0.00048680093312278375
320 0.0026525263650080773
368 0.00037373000725685404
406 0.000505900267840781
457 0.00528543995071848
470 0.001518761935701855
520 0.00016189608767124534
538 0.0005705016212312678
551 0.0002832412727662006
572 0.00033907303651746636
573 0.0001652752038556845
576 0.0012344675031188972
607 0.002027492797069741
633 0.00040649720137641123
649 0.0003960586369806884
682 0.0003753890228061612
752 0.0024177573107692675
767 0.0005791825675166354
774 0.000618218327643938
815 0.0004737399020075509
851 0.0002455711563669373
869 0.0005188152611795682
946 0.012920783587979138
966 0.00838057851398176
969 0.0006758309323565803
981 0.000618218327643938
1029 0.0014234965820728077
1037 0.0002709256892452844
1112 0.0014688562263074237
1425 0.0004691137279473833
1442 0.0004338499289216686
1486 0.00046465581618336337
1529 0.0003818991754555788
1622 0.00043049138832493966
1713 0.0004120699366150429
1773 0.001999678460836312
1827 0.00041790813825628515
1996 0.0005121877518304292
1997 0.001117410468530901
2027 0.00046465581618336337
2312 0.0014768949178551047
2342 0.0005587052342654505
2398 0.0008965753262562775
2654 0.0028712852417731418
2655 0.0040542779726164485
3944 0.0007031836599018376
4306 0.0006758309323565803
4355 0.0006758309323565803
5144 0.0007031836599018376
6777 0.0031525959686389492
6778 0.001746228648835274
6779 0.000873114324417637
6780 0.000873114324417637
6781 0.000873114324417637
6782 0.000873114324417637
6783 0.000873114324417637