0 0.00019243773886705868
1 0.0001309668193588762
2 0.00017273030805218352
5 0.0002365665368606119
6 0.0002400196965770493
7 0.000233207996263883
8 0.00028224872431895635
13 0.00003897464830142955
30 0.00044365302269117307
33 0.00011331060825040136
36 0.00004148193135099767
38 0.000008702469372146433
39 0.000009267556912609724
40 0.000012008345186710319
41 0.000014853122149744404
42 0.00010288760611871043
43 0.000016486150317022987
45 0.00025964242459217314
46 0.0001834307973068906
47 0.00027084767769878907
48 0.00013154366307515625
49 0.000041620673939093223
52 0.00028994739050714656
58 0.0010983401500430064
59 0.000602379158534602
60 0.0002572917550567303
61 0.00035285287846540845
63 0.0000037855318677072396
64 0.00018731984297588175
65 0.00003546283794272714
66 0.00009314029848720488
67 0.00004203784642398019
72 0.00035285287846540845
75 0.00045217938883475555
76 0.0002671685307183822
82 0.0002832412727662006
85 0.00024357296170002702
87 0.000378312535575597
111 0.0007031836599018376
113 0.00011133348371866765
118 0.0006052724462960429
123 0.000188234616351904
124 0.0001988555649537063
171 0.0001368611790876869
268 0.00048355146215385347
303 0.0009775367596641168
379 0.0006877613496108782
480 0.0003672140565768559
1185 0.0007031836599018376
1494 0.0005188152611795682
1499 0.000393582208037624
1586 0.001132562659021034
1746 0.0014768949178551047