9 0.00013633301269468968
13 0.00003247887358452463
22 0.0001341735889149772
26 0.00012343399523364164
29 0.0010659998863549467
30 0.0019964386021102793
34 0.000043438765255019996
36 0.00004148193135099767
38 0.000005801646248097621
39 0.000009267556912609724
40 0.00001801251778006548
41 0.00002227968322461661
42 0.000051443803059355216
43 0.000020607687896278735
44 0.00013635553537529827
46 0.00022928849663361327
47 0.00022570639808232424
48 0.00013154366307515625
51 0.00004686777384075253
55 0.00029101427140428715
57 0.0003752052208821453
59 0.0014055513699140715
63 0.0000037855318677072396
65 0.00003546283794272714
67 0.00008407569284796038
71 0.00012561808978093188
102 0.00025332444879269114
132 0.0003985861298959538
144 0.0008457118600083356
156 0.0004338499289216686
160 0.00018023749427928805
175 0.0018769451140308064
177 0.0010612084322189862
180 0.00005682431219851005
245 0.000363940178785324
246 0.00040649720137641123
261 0.0002338723830583595
263 0.0007016171491750785
270 0.00035955036976865123
279 0.00022929556638299245
347 0.0002479774737404859
396 0.0007678541784258615
498 0.0003558910215031841
538 0.0002852508106156339
543 0.002772410458864819
625 0.00048355146215385347
646 0.0003712334023506965
669 0.00012589385831905585
670 0.0009988284179951565
703 0.0002862680700927968
709 0.0010909668343457566
719 0.0019342058486154139
784 0.006345864806991628
786 0.001615212190296635
851 0.00008185705212231243
863 0.00036920725599727517
884 0.0006037805934374678
895 0.0005332529953860384
908 0.0003652527497189936
1037 0.0002709256892452844
1078 0.0004408563537610837
1208 0.0010623045430259218
1280 0.00032568748957397626
1290 0.00031109330472278875
1397 0.0011211496698443758
1413 0.0004149542829511784
1472 0.0013119092659143181
1529 0.0003818991754555788
1785 0.0009149807564486811
2021 0.000499919615209078
2146 0.0007881489921597373
2147 0.0007881489921597373
2152 0.0004942172352587358
2218 0.0018247949384343843
3141 0.003920892760017917
3208 0.0010219641713944834
3895 0.000549621148441263
3933 0.0030189029671873397
4437 0.0022153423767826575
5021 0.0006758309323565803
5250 0.0007384474589275524
5405 0.0007031836599018376
6784 0.002619342973252911
6785 0.001746228648835274
6786 0.001746228648835274
6787 0.001746228648835274
6788 0.000873114324417637
6789 0.000873114324417637
6790 0.000873114324417637
6791 0.000873114324417637
6792 0.000873114324417637