1 0.0001309668193588762
9 0.00027266602538937937
12 0.0005129759100776286
13 0.00003897464830142955
14 0.001262730832049593
22 0.0002683471778299544
32 0.0005188152611795682
34 0.00013031629576506
36 0.00016592772540399069
38 0.000005801646248097621
39 0.000032436449194134037
40 0.00000900625889003274
41 0.000011139841612308305
42 0.00010288760611871043
43 0.000020607687896278735
44 0.00013635553537529827
46 0.00022928849663361327
47 0.00022570639808232424
49 0.0001664826957563729
51 0.00009373554768150506
55 0.00009700475713476236
56 0.00012955459643277864
57 0.0001250684069607151
63 0.0000037855318677072396
64 0.00018731984297588175
65 0.00003546283794272714
66 0.00009314029848720488
67 0.00025222707854388114
72 0.00017642643923270423
73 0.00019291377466338104
74 0.00030499358548289365
89 0.00009505729945367397
107 0.0002049311356991152
114 0.00021141259586679695
130 0.00027274170858643915
132 0.0003985861298959538
149 0.00522611044443578
162 0.0004149542829511784
171 0.0001368611790876869
179 0.0024689350062377944
180 0.00005682431219851005
245 0.000181970089392662
251 0.00022002825322499402
253 0.0044501815793788965
255 0.00017273030805218352
263 0.0002338723830583595
277 0.00009965045113662244
304 0.00026056072380914035
307 0.00022550415909059743
368 0.0007474600145137081
411 0.00044608035070850863
480 0.0003672140565768559
520 0.00016189608767124534
555 0.0002457554359134993
572 0.0010172191095523992
587 0.0004942172352587358
624 0.0004887683798320584
750 0.0003344468624572988
815 0.0004737399020075509
851 0.00008185705212231243
1325 0.0021864537583562026
1339 0.00830104417887309
1380 0.0014768949178551047
1395 0.0003479000205792796
1417 0.0003911548205288988
1468 0.0004120699366150429
1472 0.00043730308863810597
1580 0.0005685167944117531
1706 0.0006534821266696528
2196 0.0005908656000986806
2534 0.003267410633348264
2885 0.0023634624003947224
3139 0.0014826517057762074
4760 0.00840169299939851
4797 0.0007031836599018376
4883 0.0006037805934374678