9 0.00013633301269468968
12 0.0002564879550388143
13 0.000012991549433809848
17 0.00018869457585405535
18 0.00023724943034546792
22 0.0006708679445748862
26 0.00012343399523364164
34 0.000043438765255019996
35 0.0003887745697496512
36 0.0002074096567549884
38 0.000005801646248097621
39 0.000018535113825219447
40 0.000015010431483387899
41 0.000011139841612308305
42 0.000051443803059355216
43 0.000008243075158511493
44 0.00013635553537529827
46 0.00013757309798016797
47 0.00013542383884939454
49 0.000041620673939093223
51 0.0001874710953630101
56 0.00006477729821638932
63 0.0000037855318677072396
65 0.00001773141897136357
66 0.00009314029848720488
67 0.00008407569284796038
87 0.0001891562677877985
89 0.00009505729945367397
102 0.00025332444879269114
113 0.00011133348371866765
115 0.0004119757166161532
136 0.0002925555540824451
162 0.0004149542829511784
171 0.0002737223581753738
177 0.00015160120460271228
185 0.0002656336848489608
198 0.0004691137279473833
214 0.000273659908111955
226 0.0002049311356991152
230 0.0005916490456697102
251 0.00022002825322499402
264 0.00021085919057695548
271 0.00029918306343158405
277 0.00029895135340986733
279 0.00022929556638299245
309 0.0003003233420124021
320 0.002063076061672949
327 0.006336938191691014
368 0.00037373000725685404
416 0.0009332799141683663
496 0.0002464916487181342
550 0.00025332444879269114
759 0.0007154140816886777
773 0.0006345864806991627
803 0.0002597352724507996
851 0.00008185705212231243
866 0.0004272224195725296
869 0.0005188152611795682
966 0.0016761157027963517
1029 0.00023724943034546792
1176 0.0009570950805910472
1280 0.001302749958295905
1315 0.001793150652512555
1468 0.0008241398732300858
1551 0.0010243755036608584
1622 0.0008609827766498793
1636 0.0004603543550640608
1996 0.0005121877518304292
2027 0.00046465581618336337
2148 0.00044828766312813873
2156 0.0005332529953860384
2625 0.0012691729613983254
2654 0.0014356426208865709
2811 0.0018113417803124036
3601 0.0007344281131537118
3888 0.0013516618647131605
5393 0.0006758309323565803
6793 0.000873114324417637