9 0.00013633301269468968
13 0.000025983098867619697
16 0.00007545831652538253
17 0.0018869457585405536
18 0.0007117482910364039
19 0.00013212323419503196
33 0.00022662121650080273
34 0.000043438765255019996
38 0.000005801646248097621
39 0.000013901335368914586
40 0.00000900625889003274
41 0.000011139841612308305
42 0.00010288760611871043
43 0.00001236461273776724
44 0.00020453330306294742
48 0.00013154366307515625
49 0.000041620673939093223
51 0.00023433886920376268
56 0.00006477729821638932
63 0.0000037855318677072396
65 0.00003546283794272714
67 0.00008407569284796038
71 0.00012561808978093188
97 0.00023454039050719067
113 0.0002226669674373353
124 0.00009942778247685315
177 0.00015160120460271228
180 0.00005682431219851005
249 0.002318637959093131
259 0.0020713227403803157
264 0.00021085919057695548
267 0.0002783569986123394
279 0.0004585911327659849
368 0.00018686500362842702
392 0.0008908015295930374
468 0.00219534558346638
495 0.0003753890228061612
573 0.0001652752038556845
686 0.0031128915670774093
711 0.0004092519030008361
716 0.0003136207976380542
851 0.000040928526061156217
988 0.00041790813825628515
1036 0.0011198808095219527
1450 0.000977062468721929
3092 0.0008676998578433372
4108 0.0007384474589275524
4432 0.0012691729613983254
5813 0.0013069642533393056
6794 0.000873114324417637
6795 0.000873114324417637
6796 0.000873114324417637
6797 0.000873114324417637
6798 0.000873114324417637