2 0.00017273030805218352
9 0.00013633301269468968
12 0.0005129759100776286
13 0.00003247887358452463
23 0.00045603737918465233
28 0.00025332444879269114
34 0.00008687753051003999
38 0.000014504115620244055
39 0.000004633778456304862
40 0.00000900625889003274
41 0.000018566402687180508
43 0.00001236461273776724
46 0.00004585769932672265
49 0.00008324134787818645
55 0.00019400951426952473
56 0.00006477729821638932
63 0.0000094638296692681
65 0.00001773141897136357
67 0.00004203784642398019
85 0.00024357296170002702
99 0.0016355230217857163
113 0.0006680009023120059
115 0.0006179635749242299
123 0.000376469232703808
124 0.00009942778247685315
171 0.0001368611790876869
180 0.00005682431219851005
185 0.0010625347393958431
264 0.0006325775717308665
270 0.0032359533279178614
271 0.0005983661268631681
274 0.003183086536138096
279 0.0004585911327659849
299 0.0004737399020075509
368 0.00018686500362842702
396 0.0007678541784258615
430 0.00044730308704364933
452 0.0002764565099464942
461 0.0003985861298959538
508 0.0005365022616985512
533 0.0004785475402955236
573 0.0001652752038556845
638 0.00040116683707882124
654 0.0008817127075221674
851 0.00032742820848924973
870 0.0031380136418969716
1050 0.0004603543550640608
1082 0.00043730308863810597
1120 0.00029472515166756405
1290 0.00031109330472278875
1413 0.0004149542829511784
1417 0.0003911548205288988
1653 0.0012628048067486442
1785 0.00030499358548289365
1889 0.0006345864806991627
5005 0.0006534821266696528
6799 0.0031525959686389492
6800 0.000873114324417637
6801 0.000873114324417637
6802 0.000873114324417637