9 0.00006816650634734484
13 0.000012991549433809848
22 0.00040252076674493167
26 0.000370301985700925
27 0.0006750229973356363
28 0.0005066488975853823
30 0.00022182651134558653
33 0.00011331060825040136
34 0.0002171938262751
36 0.00004148193135099767
38 0.000005801646248097621
39 0.000013901335368914586
40 0.000012008345186710319
41 0.000007426561074872202
42 0.000051443803059355216
43 0.00003297230063404597
51 0.00004686777384075253
63 0.0000037855318677072396
65 0.00001773141897136357
67 0.00008407569284796038
72 0.0010585586353962255
73 0.0003858275493267621
74 0.00030499358548289365
75 0.0013565381665042668
77 0.0009293116323667267
87 0.0005674688033633956
89 0.00019011459890734794
104 0.00016413845014333722
123 0.000188234616351904
139 0.00028224872431895635
160 0.00018023749427928805
180 0.00005682431219851005
226 0.0002049311356991152
247 0.00026056072380914035
264 0.00021085919057695548
353 0.0003753890228061612
391 0.000832209213374875
392 0.0005938676863953582
401 0.00018110073068838497
416 0.0009332799141683663
430 0.00022365154352182467
431 0.00037969048392546374
433 0.0011817312001973612
445 0.0004624723451260439
467 0.00034552605606704003
475 0.001717608420556781
493 0.00046908078101438134
494 0.000585966255609583
514 0.00043049138832493966
540 0.0003471938241542892
637 0.0005587052342654505
654 0.0017634254150443347
669 0.00012589385831905585
851 0.00008185705212231243
1037 0.0002709256892452844
1060 0.0002852508106156339
1120 0.0005894503033351281
1208 0.0007082030286839478
1297 0.000549621148441263
1331 0.000549621148441263
1395 0.0001739500102896398
1450 0.0006513749791479525
1653 0.002104674677914407
1781 0.0005644974486379127
1935 0.001011800535681562
2156 0.0005332529953860384
3719 0.0012816672587175888
3777 0.0004785475402955236
4147 0.0005685167944117531
4216 0.002499598076045391
4222 0.00045217938883475555
4223 0.00044451570202655086
4224 0.0005411640668664958
4436 0.0007031836599018376
4560 0.0006345864806991627
4609 0.0005332529953860384
5448 0.000618218327643938
5926 0.0006345864806991627
6803 0.000873114324417637
6804 0.000873114324417637
6805 0.000873114324417637
6806 0.000873114324417637
6807 0.000873114324417637