9 0.00013633301269468968
13 0.00005196619773523939
16 0.00007545831652538253
18 0.0009489977213818717
33 0.00011331060825040136
34 0.000043438765255019996
38 0.000008702469372146433
39 0.000009267556912609724
40 0.000006004172593355159
41 0.000007426561074872202
42 0.000051443803059355216
43 0.000020607687896278735
44 0.00013635553537529827
46 0.0003668615946137812
47 0.00036113023693171874
48 0.00013154366307515625
49 0.000041620673939093223
51 0.00004686777384075253
55 0.0007760380570780989
63 0.00000567829780156086
65 0.00001773141897136357
66 0.00018628059697440975
67 0.00004203784642398019
71 0.00012561808978093188
89 0.00009505729945367397
102 0.00025332444879269114
104 0.00032827690028667443
130 0.0005454834171728783
180 0.00005682431219851005
183 0.0002081290317624025
230 0.0005916490456697102
273 0.000549621148441263
347 0.0002479774737404859
393 0.00033907303651746636
401 0.00018110073068838497
430 0.00022365154352182467
573 0.000330550407711369
608 0.0003438806748054391
642 0.0015550982789986048
654 0.0017634254150443347
689 0.0008609827766498793
851 0.00008185705212231243
1027 0.0010665059907720767
1052 0.0005258216860189834
1241 0.0006534821266696528
1330 0.001980293184903442
1538 0.0032525907132835443
1653 0.00294654454908017
1713 0.0004120699366150429
1785 0.0006099871709657873
1885 0.0007031836599018376
3994 0.0006534821266696528
6558 0.0007031836599018376
6808 0.0007384474589275524
6809 0.000873114324417637