9 0.00017041626586836213
13 0.00003247887358452463
14 0.0010101846656396741
26 0.00012343399523364164
30 0.0006654795340367597
33 0.00011331060825040136
34 0.0002171938262751
36 0.00004148193135099767
38 0.000008702469372146433
39 0.000009267556912609724
40 0.000006004172593355159
41 0.000007426561074872202
43 0.000020607687896278735
44 0.00013635553537529827
46 0.00027514619596033594
47 0.00027084767769878907
48 0.00013154366307515625
49 0.000041620673939093223
55 0.00019400951426952473
63 0.00000567829780156086
65 0.00003546283794272714
100 0.00015297081732618925
101 0.0005791825675166354
102 0.0007599733463780734
104 0.00032827690028667443
117 0.0004338499289216686
123 0.000188234616351904
124 0.00009942778247685315
139 0.000846746172956869
148 0.0006037805934374678
165 0.00022550415909059743
180 0.0001136486243970201
246 0.00040649720137641123
251 0.00022002825322499402
265 0.0004120699366150429
271 0.003590196761179009
277 0.00029895135340986733
360 0.00019339166635443979
373 0.0029537898357102094
377 0.0003188377153162591
467 0.0006910521121340801
520 0.0003237921753424907
573 0.0001652752038556845
608 0.0027510453984435127
649 0.0003960586369806884
654 0.0017634254150443347
717 0.000393582208037624
746 0.0003672140565768559
769 0.0009123974692171921
809 0.0005791825675166354
851 0.00008185705212231243
1029 0.0011862471517273398
1114 0.0034750954050998127
1120 0.0023578012133405124
1388 0.0007507780456123224
1499 0.000393582208037624
1529 0.0003818991754555788
1534 0.0006037805934374678
1653 0.0037884144202459326
1785 0.0006099871709657873
2574 0.0005791825675166354
3909 0.0006758309323565803
5514 0.0005791825675166354
5813 0.0006534821266696528