9 0.00017041626586836213
12 0.002308391595349329
13 0.000006495774716904924
14 0.00025254616640991854
15 0.0002564879550388143
17 0.0007547783034162214
18 0.00023724943034546792
20 0.0002464916487181342
23 0.00022801868959232616
33 0.00022662121650080273
36 0.0002074096567549884
38 0.000017404938744292866
39 0.000013901335368914586
40 0.00000900625889003274
41 0.000011139841612308305
43 0.000008243075158511493
44 0.00013635553537529827
46 0.00045857699326722653
47 0.00045141279616464847
48 0.00013154366307515625
49 0.000041620673939093223
51 0.00004686777384075253
52 0.00014497369525357328
63 0.0000037855318677072396
65 0.00001773141897136357
67 0.00008407569284796038
69 0.00023724943034546792
71 0.00012561808978093188
89 0.00009505729945367397
114 0.0010570629793339849
123 0.000188234616351904
159 0.0003553673428358886
180 0.00005682431219851005
222 0.001152445187068451
226 0.0002049311356991152
255 0.00017273030805218352
270 0.003955054067455163
271 0.00029918306343158405
274 0.0002893715032852814
279 0.00022929556638299245
304 0.00026056072380914035
309 0.0003003233420124021
347 0.0004959549474809718
427 0.00044451570202655086
430 0.00022365154352182467
457 0.0002936355528176933
467 0.0017276302803352003
498 0.0014235640860127364
573 0.000330550407711369
594 0.0017194033740271957
638 0.00040116683707882124
654 0.002645138122566502
709 0.00027274170858643915
715 0.0012277557090025085
717 0.000393582208037624
719 0.00048355146215385347
772 0.0002597352724507996
832 0.00048355146215385347
851 0.00008185705212231243
927 0.000549621148441263
1042 0.0010665059907720767
1120 0.0005894503033351281
1534 0.0006037805934374678
1653 0.0025256096134972884
2042 0.0005332529953860384
2052 0.001903759442097488
2055 0.000618218327643938
6810 0.000873114324417637
6811 0.000873114324417637