0 0.00019243773886705868
1 0.0001309668193588762
2 0.00017273030805218352
3 0.00037969048392546374
4 0.00035233775638020634
5 0.0002365665368606119
6 0.0002400196965770493
7 0.000233207996263883
8 0.00028224872431895635
9 0.00020449951904203455
12 0.001538927730232886
13 0.000045470423018334476
14 0.0007576384992297557
15 0.000769463865116443
18 0.00047449886069093585
20 0.0009859665948725369
21 0.000286106714668853
22 0.0001341735889149772
23 0.00022801868959232616
29 0.00026649997158873667
30 0.00022182651134558653
34 0.000043438765255019996
36 0.00004148193135099767
37 0.00020975981940966445
38 0.000008702469372146433
39 0.000013901335368914586
40 0.00002101460407674306
41 0.000018566402687180508
42 0.00010288760611871043
43 0.000020607687896278735
45 0.0007789272737765194
46 0.00045857699326722653
49 0.00008324134787818645
51 0.00009373554768150506
52 0.00014497369525357328
55 0.00029101427140428715
63 0.0000018927659338536198
64 0.00018731984297588175
65 0.00003546283794272714
66 0.00009314029848720488
84 0.0002130879622223576
85 0.00048714592340005404
87 0.0001891562677877985
89 0.00009505729945367397
102 0.00025332444879269114
104 0.00016413845014333722
110 0.000505900267840781
114 0.0004228251917335939
122 0.00036834169965234924
123 0.000188234616351904
132 0.0003985861298959538
135 0.00029805329448025724
139 0.0005644974486379127
144 0.0001691423720016671
150 0.00035621126149020904
158 0.00028424192373937554
159 0.0012437856999256104
171 0.0002737223581753738
176 0.0006750229973356363
177 0.00015160120460271228
196 0.0001675808341520189
215 0.0007031836599018376
222 0.0007682967913789674
237 0.0010676730645095523
245 0.000363940178785324
251 0.00022002825322499402
255 0.00017273030805218352
270 0.00035955036976865123
271 0.0017950983805895045
272 0.0004737399020075509
274 0.0034724580394233776
277 0.00039860180454648976
282 0.0034370925791002093
291 0.0003887745697496512
293 0.0016426914697896338
300 0.0016482797464601716
303 0.0014663051394961752
304 0.00026056072380914035
306 0.0008609827766498793
307 0.00045100831818119485
313 0.0008676998578433372
321 0.00048355146215385347
333 0.0004338499289216686
367 0.0002673724241223067
368 0.00037373000725685404
371 0.003967707183849754
375 0.00025891534254753946
392 0.0011877353727907164
399 0.0011877353727907164
401 0.00036220146137676994
412 0.00028729384230050906
430 0.00022365154352182467
462 0.000618218327643938
493 0.00046908078101438134
495 0.0003753890228061612
506 0.00029918306343158405
540 0.0003471938241542892
573 0.0001652752038556845
578 0.0005258216860189834
636 0.009844571238625728
642 0.0003887745697496512
646 0.0003712334023506965
690 0.0004942172352587358
709 0.0005454834171728783
715 0.0008185038060016722
716 0.0003136207976380542
719 0.0009671029243077069
722 0.0005587052342654505
767 0.0028959128375831773
814 0.0007031836599018376
858 0.0002457554359134993
871 0.0003960586369806884
873 0.00037969048392546374
899 0.00044828766312813873
915 0.00032290148184198857
916 0.0004942172352587358
980 0.00036332233087023905
1060 0.0002852508106156339
1082 0.00043730308863810597
1112 0.0003672140565768559
1117 0.0005332529953860384
1141 0.00041790813825628515
1176 0.0009570950805910472
1182 0.00045217938883475555
1419 0.0007031836599018376
1448 0.0009207087101281216
1449 0.0005685167944117531
1450 0.0006513749791479525
1482 0.0014063673198036752
1579 0.0006758309323565803
1613 0.0005332529953860384
1662 0.001117410468530901
1741 0.0005908656000986806
1747 0.000873114324417637
1748 0.0015762979843194746
1749 0.0028127346396073505
1750 0.003492457297670548
1751 0.0005411640668664958
1752 0.005238685946505822
1753 0.00043730308863810597
1754 0.000873114324417637
1755 0.0007384474589275524
1756 0.000873114324417637
1757 0.0007384474589275524
1758 0.0007881489921597373
1759 0.0012075611868749357
1760 0.002619342973252911
1761 0.0022153423767826575
1762 0.001746228648835274
1763 0.0006758309323565803
1764 0.0007031836599018376
1765 0.004830244747499743
1766 0.00873114324417637
1767 0.0006534821266696528
1768 0.00457437488668757
1769 0.000499919615209078
1770 0.000873114324417637
1771 0.000873114324417637
1772 0.0007384474589275524
1773 0.000499919615209078
1774 0.0007881489921597373
1775 0.000873114324417637
1776 0.000873114324417637
1777 0.000873114324417637
1778 0.000873114324417637
1779 0.0014768949178551047
1780 0.000873114324417637
1781 0.0005644974486379127
1782 0.000873114324417637
1783 0.000873114324417637
1784 0.000873114324417637
1785 0.00030499358548289365
1786 0.0007881489921597373
1787 0.000873114324417637
1788 0.0008241398732300858
1789 0.000873114324417637
1790 0.000873114324417637
1791 0.0015762979843194746
1792 0.0007384474589275524
1793 0.0028127346396073505
1794 0.0006534821266696528
1795 0.0007881489921597373
1796 0.0006037805934374678
1797 0.000873114324417637
1798 0.0005258216860189834