9 0.00006816650634734484
13 0.000019487324150714776
16 0.00007545831652538253
19 0.001189109107755288
26 0.000370301985700925
30 0.00022182651134558653
33 0.00011331060825040136
34 0.00039094888729518
38 0.000005801646248097621
39 0.000009267556912609724
40 0.000012008345186710319
41 0.000018566402687180508
42 0.000051443803059355216
43 0.000016486150317022987
51 0.00004686777384075253
55 0.0008730428142128615
56 0.00006477729821638932
63 0.0000037855318677072396
65 0.00001773141897136357
67 0.00004203784642398019
71 0.00012561808978093188
76 0.0006679213267959556
89 0.00009505729945367397
100 0.00015297081732618925
113 0.00011133348371866765
122 0.00018417084982617462
124 0.00009942778247685315
160 0.00018023749427928805
177 0.00015160120460271228
180 0.00005682431219851005
183 0.0010406451588120126
226 0.0002049311356991152
263 0.0002338723830583595
264 0.0014760143340386885
277 0.00009965045113662244
286 0.0001987752449196317
292 0.0005829699755420034
352 0.0005916490456697102
375 0.00025891534254753946
391 0.0011096122844998333
396 0.0005758906338193962
399 0.0014846692159883957
416 0.00031109330472278875
430 0.00022365154352182467
455 0.00041790813825628515
475 0.004007752981299156
497 0.0008842204275447508
505 0.00201581761994989
506 0.0017950983805895045
507 0.00027274170858643915
508 0.0032190135701913075
512 0.00285761271010204
573 0.0001652752038556845
608 0.0003438806748054391
669 0.0005035754332762234
671 0.0007792058173523988
709 0.003818383920210149
851 0.00008185705212231243
915 0.00032290148184198857
1001 0.0006147943470845361
1034 0.0006813094475963223
1187 0.00035770704084433884
1290 0.00031109330472278875
1388 0.0018769451140308064
1397 0.003924023844455316
1446 0.0017977518488432563
1499 0.000393582208037624
1937 0.0005791825675166354
2218 0.0036495898768687685
2447 0.0007971722597919076
2631 0.0016482797464601716
2636 0.0026670942121593054
2693 0.000424038368775366
3058 0.0029543280004934035
6816 0.000873114324417637
6817 0.002619342973252911