9 0.00013633301269468968
13 0.000012991549433809848
14 0.0005050923328198371
15 0.0005129759100776286
22 0.0001341735889149772
26 0.0002468679904672833
33 0.00011331060825040136
34 0.00008687753051003999
36 0.00008296386270199534
38 0.000008702469372146433
39 0.000018535113825219447
40 0.000015010431483387899
41 0.000014853122149744404
42 0.00010288760611871043
43 0.000020607687896278735
44 0.00013635553537529827
46 0.0003668615946137812
47 0.00036113023693171874
48 0.00013154366307515625
49 0.00008324134787818645
51 0.00004686777384075253
55 0.00019400951426952473
56 0.00006477729821638932
57 0.0001250684069607151
59 0.003212688845517877
63 0.0000037855318677072396
65 0.00003546283794272714
66 0.00009314029848720488
67 0.00008407569284796038
69 0.00047449886069093585
71 0.00037685426934279566
73 0.00019291377466338104
84 0.0006392638866670728
124 0.00009942778247685315
143 0.0013199558027731154
180 0.00005682431219851005
193 0.0002936355528176933
226 0.0002049311356991152
261 0.0002338723830583595
286 0.0003975504898392634
288 0.0034202803438848927
292 0.0005829699755420034
307 0.00022550415909059743
396 0.0007678541784258615
401 0.000543302192065155
430 0.00044730308704364933
466 0.000549621148441263
495 0.0003753890228061612
573 0.0001652752038556845
669 0.00012589385831905585
782 0.0021685310532263634
851 0.00008185705212231243
908 0.0062092967452228925
1280 0.0006513749791479525
1290 0.00031109330472278875
1395 0.0003479000205792796
1479 0.00038643965984885517
1586 0.004152729749743792
1788 0.0008241398732300858
2447 0.0003985861298959538
2992 0.0019342058486154139
3826 0.0005188152611795682
4739 0.0013516618647131605
4740 0.0013516618647131605
6818 0.000873114324417637
6819 0.000873114324417637