9 0.00017041626586836213
13 0.000045470423018334476
16 0.00022637494957614764
26 0.00012343399523364164
33 0.00011331060825040136
34 0.000043438765255019996
36 0.00008296386270199534
38 0.000008702469372146433
39 0.000013901335368914586
40 0.00000900625889003274
41 0.000011139841612308305
42 0.00015433140917806565
43 0.000016486150317022987
44 0.00013635553537529827
46 0.0003668615946137812
47 0.00036113023693171874
48 0.00013154366307515625
49 0.00024972404363455934
51 0.00004686777384075253
55 0.00009700475713476236
56 0.00006477729821638932
57 0.0001250684069607151
63 0.0000037855318677072396
65 0.00001773141897136357
66 0.0004657014924360244
67 0.00004203784642398019
97 0.00046908078101438134
100 0.00015297081732618925
113 0.00011133348371866765
150 0.00017810563074510452
160 0.00018023749427928805
180 0.00005682431219851005
186 0.00025254616640991854
226 0.0002049311356991152
263 0.0002338723830583595
277 0.00019930090227324488
292 0.0008744549633130053
490 0.0030369495024516807
491 0.003733119656673465
494 0.000585966255609583
496 0.0002464916487181342
497 0.0007073763420358005
505 0.0006719392066499634
506 0.002094281444021089
507 0.0008182251257593176
508 0.0008047533925478269
512 0.0006350250466893421
573 0.0001652752038556845
580 0.0004408563537610837
594 0.0006877613496108782
608 0.0003438806748054391
669 0.0002517877166381117
671 0.0002597352724507996
709 0.0010909668343457566
788 0.0004149542829511784
851 0.00008185705212231243
868 0.0002709256892452844
915 0.0006458029636839771
1029 0.00047449886069093585
1034 0.00034065472379816113
1062 0.00025810086072372616
1078 0.0004408563537610837
1397 0.00028028741746109395
1398 0.00040380304757415875
1511 0.0008817127075221674
1910 0.0015564457835387047
2014 0.005845971471692466
2218 0.00045619873460859607
2345 0.0005908656000986806
2346 0.00044828766312813873
2722 0.003343265106050281
3130 0.0006758309323565803
3839 0.0007881489921597373
3873 0.003411100766470519
4169 0.000424038368775366
4925 0.000499919615209078
6820 0.00873114324417637
6821 0.003492457297670548