1 0.0001309668193588762
9 0.00013633301269468968
12 0.0028213675054269576
13 0.000045470423018334476
14 0.0005050923328198371
15 0.0005129759100776286
16 0.00007545831652538253
21 0.0001430533573344265
22 0.00040252076674493167
33 0.00011331060825040136
34 0.00008687753051003999
36 0.00004148193135099767
38 0.000008702469372146433
39 0.000037070227650438894
40 0.00000900625889003274
41 0.000011139841612308305
42 0.00015433140917806565
43 0.00002885076305479023
44 0.00013635553537529827
46 0.00045857699326722653
47 0.00045141279616464847
48 0.00013154366307515625
49 0.000041620673939093223
51 0.00004686777384075253
55 0.00019400951426952473
56 0.00006477729821638932
57 0.0001250684069607151
63 0.0000037855318677072396
65 0.00003546283794272714
66 0.00009314029848720488
67 0.00016815138569592077
71 0.00012561808978093188
84 0.0006392638866670728
100 0.00015297081732618925
107 0.0004098622713982304
117 0.0004338499289216686
124 0.00009942778247685315
125 0.0005365022616985512
126 0.011817312001973614
129 0.0009123974692171921
132 0.002790102909271677
133 0.0017055503832352594
134 0.0003672140565768559
135 0.00029805329448025724
146 0.000264773477364449
151 0.0003359696033249817
171 0.0002737223581753738
177 0.00015160120460271228
180 0.00005682431219851005
204 0.0005258216860189834
210 0.0016008869527348814
245 0.000363940178785324
247 0.00026056072380914035
255 0.00017273030805218352
267 0.0008350709958370184
271 0.00029918306343158405
274 0.0002893715032852814
277 0.0009965045113662244
287 0.00025810086072372616
288 0.00045603737918465233
292 0.0005829699755420034
330 0.0007031836599018376
347 0.0002479774737404859
360 0.00019339166635443979
396 0.0005758906338193962
427 0.0008890314040531017
430 0.00022365154352182467
455 0.00041790813825628515
457 0.0020554488697238534
463 0.0021095509797055133
520 0.00016189608767124534
538 0.0011410032424625355
543 0.0047527036437682605
564 0.0004942172352587358
573 0.0001652752038556845
594 0.0006877613496108782
658 0.0003841483956894837
669 0.00012589385831905585
693 0.0013565381665042668
753 0.0005567139972246788
770 0.0009570950805910472
851 0.00008185705212231243
868 0.0002709256892452844
911 0.0008241398732300858
1062 0.0005162017214474523
1120 0.00029472515166756405
1198 0.00044451570202655086
1290 0.0018665598283367326
1395 0.0005218500308689194
1647 0.0006037805934374678
1705 0.0004149542829511784
2043 0.0021330119815441534
3141 0.003920892760017917
3502 0.00036332233087023905
3601 0.0003672140565768559
3928 0.0007507780456123224
4149 0.0006534821266696528
4205 0.0005188152611795682
6093 0.0013516618647131605
6822 0.0023644469764792122
6823 0.0007881489921597373
6824 0.0007881489921597373
6825 0.0006758309323565803
6826 0.0007881489921597373