9 0.00017041626586836213
12 0.0005129759100776286
13 0.000019487324150714776
16 0.00015091663305076506
17 0.0007547783034162214
19 0.0002642464683900639
23 0.00022801868959232616
26 0.00012343399523364164
33 0.00033993182475120415
34 0.00008687753051003999
36 0.00004148193135099767
38 0.000008702469372146433
39 0.000013901335368914586
40 0.00000900625889003274
41 0.000011139841612308305
42 0.00020577521223742086
43 0.00001236461273776724
44 0.00013635553537529827
46 0.0003210038952870586
47 0.00031598895731525394
48 0.0002630873261503125
49 0.00008324134787818645
51 0.00004686777384075253
55 0.00038801902853904946
56 0.00019433189464916796
57 0.0001250684069607151
63 0.0000037855318677072396
65 0.00003546283794272714
66 0.00018628059697440975
125 0.0002682511308492756
129 0.00045619873460859607
134 0.0003672140565768559
154 0.0003314569809760339
177 0.00015160120460271228
180 0.00005682431219851005
226 0.0002049311356991152
245 0.000181970089392662
255 0.00034546061610436703
271 0.0011967322537263362
441 0.0006877613496108782
480 0.0011016421697305678
498 0.0003558910215031841
555 0.0002457554359134993
573 0.0001652752038556845
666 0.00032568748957397626
669 0.00012589385831905585
780 0.0003775208863403447
851 0.00008185705212231243
1007 0.001180746624112872
1029 0.00023724943034546792
1424 0.0020752610447182726
5420 0.0074186199317272565
6827 0.014842943515099832