13 0.000012991549433809848
16 0.00007545831652538253
17 0.0022643349102486644
18 0.0011862471517273398
19 0.00013212323419503196
23 0.0009120747583693047
33 0.00022662121650080273
36 0.00004148193135099767
38 0.000008702469372146433
39 0.000009267556912609724
40 0.0000030020862966775796
41 0.000007426561074872202
42 0.00020577521223742086
43 0.000008243075158511493
44 0.00013635553537529827
46 0.0004127192939405039
47 0.00040627151654818366
48 0.00013154366307515625
49 0.000041620673939093223
51 0.00004686777384075253
55 0.0005820285428085743
56 0.00019433189464916796
57 0.0001250684069607151
63 0.0000037855318677072396
65 0.00003546283794272714
66 0.0003725611939488195
67 0.00004203784642398019
71 0.00012561808978093188
76 0.0002671685307183822
125 0.0002682511308492756
154 0.0003314569809760339
180 0.00005682431219851005
183 0.000416258063524805
226 0.0002049311356991152
245 0.000181970089392662
249 0.002318637959093131
251 0.00022002825322499402
255 0.00017273030805218352
292 0.0014574249388550088
352 0.0002958245228348551
480 0.0011016421697305678
496 0.0004929832974362684
498 0.0003558910215031841
555 0.0002457554359134993
573 0.0001652752038556845
613 0.0002597352724507996
666 0.00032568748957397626
669 0.00012589385831905585
780 0.0003775208863403447
803 0.0005194705449015992
851 0.00008185705212231243
1007 0.001574328832150496
1034 0.00034065472379816113
1424 0.0015564457835387047
1425 0.0004691137279473833
5420 0.0037093099658636283
6828 0.000873114324417637
6829 0.000873114324417637