1 0.0001309668193588762
9 0.00010224975952101728
11 0.0004092519030008361
13 0.000019487324150714776
16 0.00007545831652538253
18 0.0007117482910364039
19 0.0002642464683900639
33 0.00011331060825040136
34 0.00008687753051003999
37 0.0004195196388193289
38 0.000008702469372146433
39 0.000013901335368914586
40 0.000006004172593355159
41 0.000007426561074872202
42 0.00015433140917806565
43 0.00002472922547553448
44 0.00013635553537529827
46 0.0004127192939405039
47 0.00040627151654818366
48 0.00013154366307515625
49 0.000041620673939093223
51 0.00004686777384075253
55 0.00019400951426952473
56 0.00006477729821638932
63 0.0000037855318677072396
65 0.00003546283794272714
66 0.00027942089546161464
67 0.00004203784642398019
71 0.00012561808978093188
72 0.0010585586353962255
77 0.00046465581618336337
87 0.000756625071151194
88 0.00024872719512041187
104 0.0004924153504300117
107 0.0002049311356991152
124 0.00009942778247685315
159 0.0001776836714179443
160 0.00018023749427928805
177 0.00015160120460271228
180 0.00005682431219851005
261 0.0002338723830583595
264 0.00021085919057695548
307 0.00022550415909059743
396 0.00019196354460646538
520 0.00016189608767124534
573 0.0001652752038556845
760 0.000424038368775366
851 0.00008185705212231243
1063 0.0010376305223591363
1070 0.0003541015143419739
2007 0.0004408563537610837
4246 0.0014768949178551047
4497 0.000618218327643938
6310 0.0007384474589275524
6830 0.004430684753565315