1 0.0001309668193588762
9 0.00013633301269468968
13 0.000006495774716904924
16 0.00007545831652538253
17 0.0024530294861027195
18 0.0009489977213818717
19 0.0002642464683900639
33 0.00011331060825040136
36 0.00016592772540399069
38 0.000005801646248097621
39 0.000018535113825219447
40 0.00000900625889003274
41 0.000018566402687180508
43 0.00001236461273776724
44 0.00013635553537529827
45 0.00012982121229608657
46 0.0004127192939405039
47 0.00036113023693171874
48 0.00013154366307515625
49 0.00012486202181727967
51 0.00004686777384075253
55 0.00009700475713476236
56 0.00012955459643277864
57 0.0001250684069607151
63 0.0000037855318677072396
65 0.00005319425691409072
67 0.00004203784642398019
76 0.0005343370614367644
81 0.00036481418372881415
89 0.00019011459890734794
100 0.00015297081732618925
104 0.0004924153504300117
115 0.0002059878583080766
123 0.000188234616351904
124 0.0001988555649537063
139 0.00028224872431895635
146 0.000264773477364449
171 0.0001368611790876869
180 0.00005682431219851005
183 0.00083251612704961
196 0.0001675808341520189
197 0.0002904236905482616
253 0.0002472323099654942
258 0.0003960586369806884
259 0.0007767460276426184
268 0.00048355146215385347
277 0.00009965045113662244
303 0.0014663051394961752
304 0.00026056072380914035
357 0.0003438806748054391
438 0.0007191007395373025
494 0.00019532208520319432
573 0.0001652752038556845
587 0.0004942172352587358
608 0.0003438806748054391
634 0.0005188152611795682
669 0.00012589385831905585
741 0.00035233775638020634
750 0.0003344468624572988
772 0.0002597352724507996
846 0.0007031836599018376
851 0.000040928526061156217
873 0.00037969048392546374
901 0.0005685167944117531
1036 0.0003732936031739842
1057 0.0004338499289216686
1064 0.000618218327643938
1070 0.0003541015143419739
1162 0.0006052724462960429
1247 0.00046465581618336337
1260 0.001236436655287876
1321 0.0003271046043571432
1347 0.0022153423767826575
1388 0.0003753890228061612
1436 0.0009671029243077069
1603 0.00040116683707882124
1605 0.0005587052342654505
1608 0.0011817312001973612
1610 0.0006758309323565803
1612 0.0006345864806991627
1690 0.0005188152611795682
2002 0.0023644469764792122
2128 0.0008746061772762119
2177 0.0007031836599018376
2491 0.0010665059907720767
2540 0.000618218327643938
2632 0.0012691729613983254
2782 0.0006758309323565803
2899 0.0006534821266696528
2922 0.0006534821266696528
2984 0.0014063673198036752
3315 0.00045217938883475555
3713 0.001117410468530901
4110 0.0014768949178551047
4300 0.0007384474589275524
5012 0.0006758309323565803
5072 0.0006758309323565803
5393 0.0006758309323565803
5943 0.0007384474589275524
6227 0.0007384474589275524
6845 0.0007881489921597373
6846 0.000873114324417637
6847 0.0007881489921597373
6848 0.0007384474589275524
6849 0.0007881489921597373
6850 0.000873114324417637
6851 0.000873114324417637
6852 0.003492457297670548
6853 0.000873114324417637
6854 0.000873114324417637
6855 0.000873114324417637
6856 0.000873114324417637
6857 0.000873114324417637
6858 0.0007881489921597373
6859 0.001746228648835274
6860 0.004365571622088185
6861 0.000873114324417637
6862 0.000873114324417637
6863 0.000873114324417637
6864 0.001746228648835274
6865 0.001746228648835274
6866 0.000873114324417637
6867 0.0013516618647131605