1 0.0002619336387177524
9 0.00023858277221570697
13 0.00009094084603666895
17 0.00018869457585405535
18 0.00023724943034546792
19 0.00013212323419503196
22 0.0002683471778299544
26 0.0002468679904672833
27 0.0013500459946712727
28 0.00025332444879269114
33 0.00011331060825040136
34 0.00008687753051003999
36 0.00012444579405299303
38 0.000005801646248097621
39 0.00002316889228152431
40 0.00001801251778006548
41 0.000018566402687180508
42 0.000051443803059355216
43 0.000016486150317022987
44 0.00013635553537529827
45 0.00012982121229608657
46 0.0005044346925939492
47 0.0004965540757811133
48 0.00013154366307515625
49 0.0001664826957563729
51 0.00004686777384075253
55 0.0009700475713476239
56 0.0004534410875147253
57 0.0002501368139214302
63 0.00000567829780156086
65 0.00001773141897136357
67 0.00012611353927194057
71 0.00012561808978093188
72 0.00017642643923270423
87 0.0001891562677877985
88 0.00024872719512041187
89 0.00009505729945367397
100 0.0003059416346523785
104 0.0004924153504300117
123 0.000188234616351904
127 0.00041790813825628515
138 0.0003775208863403447
177 0.00015160120460271228
180 0.00005682431219851005
193 0.0002936355528176933
206 0.00044451570202655086
234 0.0005332529953860384
275 0.0004120699366150429
277 0.0004982522556831122
279 0.0004585911327659849
292 0.0005829699755420034
294 0.0007971722597919076
304 0.00026056072380914035
307 0.00022550415909059743
347 0.0002479774737404859
368 0.00018686500362842702
391 0.0011096122844998333
439 0.0029831128287843055
440 0.0009671029243077069
445 0.0006937085176890659
455 0.00041790813825628515
475 0.0011450722803711872
496 0.0022184248384632087
539 0.00045217938883475555
551 0.0002832412727662006
556 0.000505900267840781
573 0.0001652752038556845
576 0.0012344675031188972
641 0.00196791104018812
669 0.00012589385831905585
703 0.0002862680700927968
716 0.0006272415952761084
750 0.0003344468624572988
753 0.0002783569986123394
766 0.0004785475402955236
839 0.000549621148441263
851 0.00008185705212231243
868 0.0005418513784905688
871 0.0003960586369806884
879 0.0002958245228348551
887 0.0060824783912092235
1036 0.0003732936031739842
1060 0.0002852508106156339
1114 0.0005791825675166354
1115 0.00043730308863810597
1205 0.0006345864806991627
1479 0.001932198299244276
1625 0.0005332529953860384
1878 0.0003841483956894837
2598 0.0005685167944117531
2722 0.00041790813825628515
3271 0.0006758309323565803
3515 0.005227857013357222
3601 0.0007344281131537118
3777 0.0004785475402955236
3928 0.0015015560912246448
4222 0.0009043587776695111
4223 0.0008890314040531017
4224 0.0005411640668664958
5153 0.0005685167944117531
5316 0.0005587052342654505
6868 0.01812742681967396
6869 0.0007881489921597373
6870 0.0047288939529584245
6871 0.0015762979843194746
6872 0.0007881489921597373
6873 0.005517042945118162
6874 0.0007881489921597373
6875 0.0007384474589275524