1 0.0002619336387177524
9 0.00020449951904203455
13 0.00003897464830142955
17 0.0009434728792702768
18 0.0007117482910364039
19 0.0002642464683900639
22 0.00040252076674493167
23 0.00045603737918465233
30 0.00044365302269117307
36 0.00029037351945698374
38 0.000005801646248097621
39 0.00002316889228152431
40 0.00000900625889003274
41 0.000014853122149744404
43 0.00002472922547553448
44 0.00020453330306294742
45 0.0005192848491843463
46 0.0003668615946137812
47 0.00031598895731525394
48 0.00013154366307515625
49 0.000041620673939093223
51 0.00009373554768150506
52 0.00014497369525357328
55 0.00009700475713476236
56 0.00006477729821638932
57 0.0001250684069607151
63 0.0000037855318677072396
65 0.00003546283794272714
67 0.00016815138569592077
69 0.00023724943034546792
70 0.00035233775638020634
71 0.00012561808978093188
100 0.00015297081732618925
104 0.00032827690028667443
115 0.0002059878583080766
123 0.000188234616351904
124 0.00009942778247685315
139 0.00028224872431895635
144 0.0001691423720016671
149 0.0003732936031739842
158 0.0005684838474787511
171 0.0001368611790876869
180 0.00005682431219851005
204 0.0005258216860189834
214 0.000273659908111955
226 0.0004098622713982304
245 0.000181970089392662
249 0.0027050776189419864
251 0.00044005650644998804
261 0.0002338723830583595
264 0.00042171838115391097
273 0.000549621148441263
279 0.00022929556638299245
318 0.0005908656000986806
338 0.000549621148441263
352 0.0005916490456697102
390 0.001236436655287876
392 0.0005938676863953582
401 0.00018110073068838497
430 0.00022365154352182467
437 0.00032153186911851154
468 0.0015681039881902713
484 0.00043049138832493966
520 0.00016189608767124534
545 0.0003985861298959538
573 0.000330550407711369
613 0.0002597352724507996
643 0.000505900267840781
669 0.0002517877166381117
689 0.00043049138832493966
750 0.0003344468624572988
760 0.000424038368775366
802 0.0019604463800089586
851 0.00008185705212231243
879 0.0002958245228348551
980 0.0007266446617404781
1001 0.00030739717354226806
1007 0.00196791104018812
1036 0.0003732936031739842
1070 0.0003541015143419739
1084 0.00036920725599727517
1109 0.000618218327643938
1376 0.0004942172352587358
1412 0.0005188152611795682
1448 0.0004603543550640608
1450 0.0006513749791479525
1788 0.0008241398732300858
1883 0.0007384474589275524
2121 0.0007031836599018376
2408 0.0014768949178551047
2590 0.0007031836599018376
2636 0.00044451570202655086
2760 0.0005908656000986806
2938 0.0023644469764792122
4402 0.0007881489921597373
4432 0.001903759442097488
4592 0.0006534821266696528
4660 0.0012075611868749357
4673 0.0014768949178551047
4785 0.0007881489921597373
4791 0.0007881489921597373
4963 0.0007881489921597373
5064 0.0006345864806991627
5412 0.0007384474589275524
5804 0.0007881489921597373
6839 0.003940744960798687
6840 0.0015762979843194746
6876 0.002619342973252911
6877 0.005238685946505822
6878 0.000873114324417637
6879 0.000873114324417637
6880 0.000873114324417637
6881 0.000873114324417637
6882 0.000873114324417637
6883 0.000873114324417637
6884 0.000873114324417637
6885 0.000873114324417637
6886 0.000873114324417637
6887 0.000873114324417637
6888 0.004365571622088185
6889 0.004365571622088185