1 0.0001309668193588762
9 0.00010224975952101728
13 0.00014290704377190836
14 0.0005050923328198371
34 0.00013031629576506
36 0.0002074096567549884
37 0.00020975981940966445
38 0.000005801646248097621
39 0.000018535113825219447
40 0.00001801251778006548
41 0.00002227968322461661
43 0.000020607687896278735
44 0.00013635553537529827
45 0.00012982121229608657
46 0.0005044346925939492
47 0.00045141279616464847
48 0.00013154366307515625
49 0.000041620673939093223
51 0.0001874710953630101
55 0.00009700475713476236
56 0.0003238864910819466
57 0.0001250684069607151
63 0.0000037855318677072396
65 0.00003546283794272714
66 0.00018628059697440975
67 0.00012611353927194057
104 0.0006565538005733489
113 0.00011133348371866765
115 0.0002059878583080766
139 0.0005644974486379127
144 0.0006765694880066684
158 0.00028424192373937554
176 0.00033751149866781817
177 0.00015160120460271228
180 0.0001136486243970201
192 0.0003242865707429365
230 0.0005916490456697102
243 0.000264773477364449
263 0.000467744766116719
279 0.00022929556638299245
439 0.0009943709429281018
496 0.0004929832974362684
515 0.0005258216860189834
545 0.0003985861298959538
551 0.0002832412727662006
573 0.000330550407711369
613 0.0007792058173523988
637 0.0005587052342654505
647 0.0037327709677022693
669 0.0003776815749571676
689 0.0008609827766498793
780 0.004152729749743792
851 0.00008185705212231243
899 0.0008965753262562775
1034 0.0017032736189908058
1241 0.0013069642533393056
1246 0.000618218327643938
1843 0.000393582208037624
1953 0.0005411640668664958
2156 0.0005332529953860384
2203 0.0009207087101281216
3384 0.0006758309323565803
6488 0.0031525959686389492
6890 0.000873114324417637
6891 0.000873114324417637
6892 0.000873114324417637
6893 0.000873114324417637
6894 0.000873114324417637