13 0.000006495774716904924
16 0.00007545831652538253
30 0.0008873060453823461
34 0.00008687753051003999
36 0.00004148193135099767
38 0.000005801646248097621
39 0.000009267556912609724
40 0.000006004172593355159
41 0.000011139841612308305
43 0.000020607687896278735
44 0.00013635553537529827
45 0.00012982121229608657
46 0.0003668615946137812
47 0.00031598895731525394
48 0.00013154366307515625
49 0.000041620673939093223
63 0.00000567829780156086
65 0.00003546283794272714
66 0.00018628059697440975
67 0.00004203784642398019
76 0.0001335842653591911
104 0.00016413845014333722
115 0.0002059878583080766
124 0.00009942778247685315
125 0.0002682511308492756
180 0.00005682431219851005
183 0.0002081290317624025
289 0.0003712334023506965
310 0.00032453395541518913
392 0.0005938676863953582
573 0.0001652752038556845
698 0.00044451570202655086
851 0.00008185705212231243
898 0.0003014743275909555
1012 0.0005685167944117531
1057 0.0008676998578433372
1172 0.0004887683798320584
1388 0.0015015560912246448
1450 0.0006513749791479525
1788 0.0008241398732300858
5457 0.0005685167944117531
6166 0.0031525959686389492
6895 0.001746228648835274
6896 0.000873114324417637