9 0.00013633301269468968
12 0.0002564879550388143
13 0.000019487324150714776
16 0.00007545831652538253
21 0.000286106714668853
22 0.0002683471778299544
26 0.00012343399523364164
38 0.000005801646248097621
39 0.000018535113825219447
40 0.00000900625889003274
41 0.000014853122149744404
42 0.00025721901529677615
43 0.00002472922547553448
44 0.00013635553537529827
46 0.0004127192939405039
47 0.00036113023693171874
48 0.00013154366307515625
49 0.00012486202181727967
51 0.00004686777384075253
55 0.00009700475713476236
56 0.00006477729821638932
57 0.0001250684069607151
63 0.0000037855318677072396
65 0.00001773141897136357
66 0.00018628059697440975
67 0.00004203784642398019
107 0.0004098622713982304
115 0.0002059878583080766
124 0.00009942778247685315
131 0.0004092519030008361
151 0.0003359696033249817
154 0.0006629139619520678
180 0.0001136486243970201
192 0.000648573141485873
193 0.0002936355528176933
196 0.0001675808341520189
197 0.0002904236905482616
251 0.00022002825322499402
255 0.00017273030805218352
277 0.00019930090227324488
286 0.0001987752449196317
310 0.00032453395541518913
320 0.0005894503033351281
327 0.0007921172739613768
328 0.0005587052342654505
366 0.0006845141746292599
520 0.0008094804383562269
555 0.0004915108718269986
558 0.0007550417726806894
564 0.003459520646811151
573 0.0001652752038556845
575 0.001011800535681562
646 0.000742466804701393
669 0.00012589385831905585
670 0.0003329428059983855
693 0.0027130763330085335
701 0.0005685167944117531
702 0.009599816966058182
707 0.0005908656000986806
851 0.00008185705212231243
1141 0.005014897659075422
1162 0.0018158173388881287
1395 0.0003479000205792796
1550 0.000499919615209078
1674 0.0004338499289216686
1800 0.0006758309323565803
1876 0.0006534821266696528
2027 0.00046465581618336337
2608 0.012691729613983255
2661 0.0074186199317272565
3044 0.010455714026714445
3714 0.0023167302700665415
5153 0.0011370335888235062
5204 0.0027481057422063153
5530 0.009457787905916849
6263 0.0006534821266696528
6744 0.0007881489921597373
6898 0.000873114324417637