1 0.0001309668193588762
9 0.00010224975952101728
13 0.00003247887358452463
16 0.00007545831652538253
33 0.00011331060825040136
34 0.000043438765255019996
36 0.00008296386270199534
38 0.000005801646248097621
39 0.000004633778456304862
40 0.00000900625889003274
41 0.000011139841612308305
43 0.000020607687896278735
44 0.00020453330306294742
46 0.0001834307973068906
47 0.00018056511846585937
49 0.000041620673939093223
52 0.00014497369525357328
56 0.00006477729821638932
63 0.00000567829780156086
65 0.00001773141897136357
97 0.00023454039050719067
100 0.0003059416346523785
113 0.0002226669674373353
124 0.00009942778247685315
144 0.0010148542320100027
150 0.00035621126149020904
242 0.0005908656000986806
260 0.0003818991754555788
296 0.0004887683798320584
401 0.000543302192065155
413 0.00024142866684252312
496 0.0002464916487181342
689 0.00043049138832493966
780 0.0003775208863403447
851 0.00008185705212231243
1085 0.000393582208037624
1101 0.00046465581618336337
1418 0.0007031836599018376
1829 0.0029537898357102094
3928 0.0003753890228061612
4236 0.0009884344705174716