0 0.00019243773886705868
1 0.0001309668193588762
2 0.00017273030805218352
3 0.00037969048392546374
4 0.00035233775638020634
5 0.0002365665368606119
6 0.0002400196965770493
7 0.000233207996263883
8 0.00028224872431895635
9 0.00006816650634734484
13 0.000025983098867619697
16 0.00007545831652538253
20 0.0002464916487181342
34 0.00008687753051003999
36 0.00004148193135099767
38 0.000008702469372146433
39 0.000009267556912609724
40 0.00000900625889003274
41 0.000011139841612308305
42 0.00010288760611871043
43 0.000020607687896278735
44 0.00013635553537529827
45 0.00012982121229608657
46 0.0001834307973068906
47 0.00018056511846585937
48 0.00013154366307515625
49 0.000041620673939093223
51 0.00004686777384075253
52 0.00028994739050714656
58 0.0002745850375107516
59 0.00040158610568973463
60 0.0002572917550567303
61 0.00035285287846540845
63 0.0000018927659338536198
73 0.00019291377466338104
81 0.00036481418372881415
85 0.00024357296170002702
87 0.000378312535575597
105 0.0003314569809760339
113 0.00011133348371866765
124 0.00009942778247685315
130 0.00027274170858643915
134 0.0003672140565768559
160 0.00018023749427928805
177 0.00015160120460271228
396 0.00038392708921293077
411 0.00044608035070850863
716 0.0003136207976380542
1619 0.0007384474589275524
1804 0.0007384474589275524
1805 0.000873114324417637