2 0.00017273030805218352
13 0.000006495774716904924
15 0.0002564879550388143
17 0.0030191132136648856
18 0.003084242594491083
19 0.0002642464683900639
33 0.00011331060825040136
34 0.000043438765255019996
36 0.00024889158810598606
38 0.000005801646248097621
39 0.000018535113825219447
40 0.000006004172593355159
41 0.000014853122149744404
43 0.000004121537579255747
44 0.0008181332122517897
46 0.00027514619596033594
47 0.00027084767769878907
49 0.00012486202181727967
51 0.00004686777384075253
55 0.00009700475713476236
57 0.0002501368139214302
63 0.000007571063735414479
65 0.00001773141897136357
66 0.00009314029848720488
67 0.00004203784642398019
81 0.00036481418372881415
89 0.00009505729945367397
102 0.00025332444879269114
114 0.00021141259586679695
122 0.00036834169965234924
124 0.00009942778247685315
158 0.00028424192373937554
159 0.0001776836714179443
177 0.00015160120460271228
180 0.0001136486243970201
197 0.0005808473810965232
258 0.0003960586369806884
259 0.002589153425475395
263 0.0007016171491750785
264 0.00021085919057695548
277 0.00019930090227324488
286 0.0005963257347588951
296 0.0009775367596641168
310 0.0006490679108303783
360 0.00038678333270887957
412 0.00028729384230050906
413 0.00048285733368504623
439 0.0013258279239041356
452 0.0011058260397859769
480 0.0003672140565768559
493 0.0009381615620287627
520 0.0006475843506849814
573 0.0001652752038556845
608 0.0003438806748054391
646 0.0003712334023506965
691 0.0015190461874587584
741 0.00035233775638020634
866 0.0004272224195725296
1034 0.00034065472379816113
1271 0.0003652527497189936
1322 0.0018949596080302035
1591 0.0004691137279473833
1603 0.00040116683707882124
1949 0.002345568639736917
1997 0.0005587052342654505
2260 0.00045619873460859607
2447 0.0003985861298959538
2466 0.0007881489921597373
4307 0.0018764549117895333
5184 0.0007881489921597373
6867 0.0006758309323565803
6900 0.000873114324417637
6901 0.0007881489921597373
6902 0.000873114324417637
6903 0.000873114324417637
6904 0.000873114324417637
6905 0.000873114324417637
6906 0.000873114324417637
6907 0.000873114324417637
6908 0.000873114324417637
6909 0.000873114324417637
6910 0.000873114324417637
6911 0.000873114324417637
6912 0.000873114324417637