9 0.00017041626586836213
13 0.00010393239547047879
15 0.0010259518201552573
16 0.00007545831652538253
33 0.00011331060825040136
34 0.000043438765255019996
36 0.00033185545080798137
38 0.000005801646248097621
39 0.000018535113825219447
40 0.00000900625889003274
41 0.000011139841612308305
43 0.000020607687896278735
44 0.00020453330306294742
46 0.00045857699326722653
47 0.00045141279616464847
49 0.00008324134787818645
56 0.00019433189464916796
63 0.00000567829780156086
65 0.00001773141897136357
67 0.00004203784642398019
69 0.00023724943034546792
70 0.00035233775638020634
71 0.00012561808978093188
89 0.0003802291978146959
95 0.0008544448391450592
102 0.00025332444879269114
113 0.00011133348371866765
114 0.00021141259586679695
122 0.00036834169965234924
131 0.0004092519030008361
144 0.0005074271160050014
150 0.00035621126149020904
160 0.00018023749427928805
177 0.0004548036138081369
180 0.0001136486243970201
196 0.0003351616683040378
245 0.000727880357570648
255 0.00017273030805218352
277 0.0006975531579563571
288 0.0006840560687769785
296 0.0014663051394961752
360 0.0007735666654177591
396 0.00019196354460646538
413 0.00024142866684252312
452 0.0002764565099464942
493 0.00046908078101438134
494 0.00039064417040638865
496 0.0004929832974362684
520 0.00016189608767124534
587 0.0004942172352587358
608 0.0013755226992217563
697 0.0004691137279473833
753 0.0002783569986123394
780 0.004530250636084136
851 0.00008185705212231243
1029 0.0018979954427637434
1034 0.0013626188951926445
1085 0.000787164416075248
1141 0.002089540691281426
1283 0.0006781460730349327
1390 0.002234820937061802
1528 0.00043730308863810597
1949 0.00140734118384215
4137 0.00048355146215385347
4185 0.0006345864806991627