1 0.0001309668193588762
11 0.0008185038060016722
13 0.0001558985932057182
16 0.00007545831652538253
33 0.00033993182475120415
36 0.00008296386270199534
38 0.000005801646248097621
39 0.000009267556912609724
40 0.00000900625889003274
41 0.000007426561074872202
42 0.000051443803059355216
43 0.00001236461273776724
44 0.00020453330306294742
46 0.0003210038952870586
47 0.00036113023693171874
49 0.000041620673939093223
51 0.00004686777384075253
61 0.00017642643923270423
63 0.0000094638296692681
65 0.00001773141897136357
67 0.00004203784642398019
71 0.00012561808978093188
76 0.0005343370614367644
95 0.0012816672587175888
107 0.0002049311356991152
113 0.0004453339348746706
132 0.002391516779375723
158 0.00028424192373937554
160 0.00018023749427928805
165 0.00022550415909059743
180 0.00005682431219851005
183 0.00083251612704961
225 0.00042093493558288133
247 0.00026056072380914035
261 0.0002338723830583595
263 0.000467744766116719
264 0.00021085919057695548
277 0.00019930090227324488
376 0.00034065472379816113
399 0.0011877353727907164
413 0.00024142866684252312
480 0.0003672140565768559
543 0.008317231376594457
548 0.0005791825675166354
573 0.0001652752038556845
594 0.0034388067480543914
658 0.0003841483956894837
703 0.0002862680700927968
743 0.000499919615209078
747 0.006744598395334387
748 0.0006037805934374678
779 0.0006052724462960429
851 0.00008185705212231243
868 0.0008127770677358534
987 0.0005685167944117531
1048 0.0007384474589275524
1091 0.000618218327643938
1107 0.0004272224195725296
1142 0.0005188152611795682
1446 0.00035955036976865123
1468 0.0012362098098451287
1522 0.0005188152611795682
1523 0.0005188152611795682
2319 0.000549621148441263
4869 0.0005587052342654505
5625 0.0006758309323565803
5806 0.0005908656000986806
6914 0.000873114324417637
6915 0.000873114324417637