13 0.000012991549433809848
33 0.00011331060825040136
36 0.00016592772540399069
38 0.000005801646248097621
39 0.000004633778456304862
40 0.00000900625889003274
41 0.000007426561074872202
43 0.00002472922547553448
44 0.00020453330306294742
46 0.0001834307973068906
47 0.00018056511846585937
49 0.000041620673939093223
63 0.000007571063735414479
65 0.00001773141897136357
81 0.00036481418372881415
87 0.0005674688033633956
104 0.00016413845014333722
107 0.0002049311356991152
138 0.0003775208863403447
144 0.0003382847440033342
251 0.00022002825322499402
263 0.0002338723830583595
401 0.00018110073068838497
413 0.00024142866684252312
642 0.0003887745697496512
670 0.0003329428059983855
689 0.00043049138832493966
780 0.0003775208863403447
851 0.00008185705212231243
868 0.0002709256892452844
1101 0.00046465581618336337
1173 0.00041790813825628515
1198 0.0008890314040531017
1396 0.00036920725599727517
1468 0.0004120699366150429
4307 0.0018764549117895333
5799 0.0007384474589275524