9 0.00017041626586836213
13 0.000012991549433809848
21 0.000286106714668853
22 0.0002683471778299544
26 0.00012343399523364164
29 0.00026649997158873667
34 0.00013031629576506
38 0.000011603292496195242
39 0.000009267556912609724
40 0.000006004172593355159
41 0.000007426561074872202
42 0.000051443803059355216
43 0.000020607687896278735
45 0.00012982121229608657
49 0.000041620673939093223
51 0.00004686777384075253
55 0.00009700475713476236
63 0.000007571063735414479
65 0.00003546283794272714
73 0.0005787413239901431
76 0.0010686741228735288
89 0.00009505729945367397
97 0.00023454039050719067
100 0.000611883269304757
114 0.00021141259586679695
124 0.00009942778247685315
130 0.00027274170858643915
159 0.0001776836714179443
160 0.00018023749427928805
171 0.0001368611790876869
180 0.00005682431219851005
264 0.00042171838115391097
360 0.00038678333270887957
396 0.00038392708921293077
411 0.00044608035070850863
467 0.00034552605606704003
609 0.0008746061772762119
851 0.0002455711563669373
868 0.0002709256892452844
922 0.00043730308863810597
1062 0.00025810086072372616
1082 0.0026238185318286362
1095 0.0004120699366150429
1120 0.00029472515166756405
1395 0.0003479000205792796
1618 0.00040380304757415875
1702 0.002472873310575752
2085 0.0003672140565768559
2202 0.00046465581618336337
2203 0.0004603543550640608
2204 0.0005258216860189834
2378 0.0006006466840248042
2407 0.0005908656000986806
2607 0.004054985594139482
3189 0.0005908656000986806
4219 0.0005685167944117531
4222 0.00045217938883475555
4223 0.00044451570202655086
4921 0.00048355146215385347
6916 0.0019604463800089586
6917 0.000873114324417637
6918 0.0007031836599018376
6919 0.0023644469764792122
6920 0.003492457297670548
6921 0.000873114324417637
6922 0.001746228648835274
6923 0.0007881489921597373