1 0.0002619336387177524
9 0.00013633301269468968
13 0.00003247887358452463
26 0.000370301985700925
27 0.00033751149866781817
34 0.00017375506102007999
36 0.00008296386270199534
37 0.0004195196388193289
38 0.000011603292496195242
39 0.000013901335368914586
40 0.000015010431483387899
41 0.000018566402687180508
43 0.000020607687896278735
49 0.000041620673939093223
51 0.00004686777384075253
52 0.00014497369525357328
56 0.00006477729821638932
63 0.000007571063735414479
65 0.00005319425691409072
67 0.00004203784642398019
89 0.00009505729945367397
100 0.00015297081732618925
160 0.00018023749427928805
165 0.00022550415909059743
171 0.0001368611790876869
180 0.00005682431219851005
186 0.00025254616640991854
196 0.0001675808341520189
286 0.0003975504898392634
379 0.0003438806748054391
396 0.0007678541784258615
492 0.0007593809678509275
505 0.001007908809974945
506 0.0008975491902947523
507 0.00027274170858643915
508 0.003755515831889859
512 0.0006350250466893421
573 0.0001652752038556845
608 0.0027510453984435127
851 0.0002455711563669373
879 0.0002958245228348551
1187 0.00035770704084433884
1398 0.002019015237870794
1499 0.001180746624112872
1522 0.0005188152611795682
1523 0.0005188152611795682
1705 0.0004149542829511784
1773 0.000999839230418156
1878 0.0003841483956894837
2007 0.0004408563537610837
2346 0.00044828766312813873
2632 0.00698045128769079
3928 0.0011261670684184837
4169 0.0012721151063260982
6916 0.003920892760017917
6918 0.0007031836599018376
6924 0.004430684753565315
6925 0.0007881489921597373