0 0.00019243773886705868
1 0.0001309668193588762
2 0.00017273030805218352
5 0.0002365665368606119
6 0.0002400196965770493
7 0.000233207996263883
13 0.000012991549433809848
16 0.00007545831652538253
26 0.00012343399523364164
38 0.000008702469372146433
39 0.000004633778456304862
40 0.0000030020862966775796
41 0.000007426561074872202
43 0.000004121537579255747
46 0.00013757309798016797
47 0.00013542383884939454
52 0.00014497369525357328
56 0.00012955459643277864
61 0.0007057057569308169
63 0.0000037855318677072396
64 0.0003746396859517635
66 0.00018628059697440975
68 0.0014574249388550088
89 0.00019011459890734794
102 0.0010132977951707645
122 0.00018417084982617462
171 0.0002737223581753738
180 0.0001136486243970201
198 0.0004691137279473833
255 0.00034546061610436703
275 0.0004120699366150429
277 0.00019930090227324488
282 0.001909495877277894
327 0.0003960586369806884
333 0.0026030995735300115
360 0.00019339166635443979
364 0.0006758309323565803
411 0.00022304017535425432
412 0.0005745876846010181
413 0.00024142866684252312
464 0.000393582208037624
516 0.0007031836599018376
520 0.00016189608767124534
608 0.0003438806748054391
622 0.0003911548205288988
685 0.0005908656000986806
707 0.0005908656000986806
759 0.0007154140816886777
805 0.0004691137279473833
813 0.0013516618647131605
875 0.0003841483956894837
898 0.0003014743275909555
946 0.0019141901611820944
954 0.0023634624003947224
1029 0.00023724943034546792
1060 0.0002852508106156339
1095 0.0008241398732300858
1478 0.000499919615209078
1806 0.0007881489921597373
1807 0.000873114324417637
1808 0.000873114324417637
1809 0.0013516618647131605
1810 0.0007881489921597373
1811 0.000873114324417637
1812 0.0007881489921597373
1813 0.000873114324417637
1814 0.0006345864806991627
1815 0.0007384474589275524
1816 0.001746228648835274
1817 0.000873114324417637
1818 0.0007031836599018376
1819 0.0007881489921597373
1820 0.0007881489921597373
1821 0.000873114324417637
1822 0.0006037805934374678
1823 0.000873114324417637
1824 0.0005258216860189834
1825 0.000873114324417637
1826 0.000873114324417637
1827 0.0008358162765125703
1828 0.000873114324417637