9 0.00013633301269468968
11 0.0004092519030008361
12 0.0005129759100776286
13 0.000012991549433809848
17 0.0003773891517081107
18 0.00023724943034546792
19 0.0002642464683900639
23 0.00022801868959232616
27 0.00033751149866781817
30 0.00044365302269117307
33 0.00011331060825040136
34 0.000043438765255019996
38 0.000005801646248097621
39 0.000013901335368914586
40 0.000015010431483387899
41 0.00002227968322461661
42 0.000051443803059355216
43 0.000008243075158511493
44 0.00013635553537529827
46 0.0003668615946137812
47 0.00031598895731525394
49 0.000041620673939093223
51 0.0001406033215222576
63 0.0000018927659338536198
65 0.00003546283794272714
66 0.00009314029848720488
67 0.00004203784642398019
89 0.00009505729945367397
99 0.0006542092087142864
114 0.00021141259586679695
117 0.0004338499289216686
127 0.00041790813825628515
139 0.00028224872431895635
146 0.000264773477364449
149 0.0003732936031739842
150 0.00017810563074510452
158 0.00028424192373937554
171 0.0002737223581753738
183 0.0002081290317624025
214 0.000273659908111955
279 0.00022929556638299245
287 0.00025810086072372616
291 0.0003887745697496512
292 0.0005829699755420034
304 0.00026056072380914035
307 0.00022550415909059743
320 0.00029472515166756405
324 0.0003753890228061612
392 0.0002969338431976791
480 0.0007344281131537118
554 0.0003985861298959538
555 0.0004915108718269986
573 0.000330550407711369
666 0.00032568748957397626
753 0.0002783569986123394
851 0.00008185705212231243
852 0.0003887745697496512
854 0.0031549301161139004
863 0.0007384145119945503
879 0.0011832980913394203
1120 0.00029472515166756405
1310 0.00036332233087023905
1328 0.0021246090860518436
1363 0.0006345864806991627
1413 0.00539440567836532
1417 0.0007823096410577976
1479 0.00038643965984885517
1847 0.0006345864806991627
2059 0.001772596800296042
2196 0.0005908656000986806
2366 0.0008358162765125703
3139 0.0004942172352587358
6916 0.002613928506678611
6928 0.0007881489921597373
6929 0.000873114324417637
6930 0.000873114324417637
6931 0.001746228648835274
6932 0.000873114324417637
6933 0.000873114324417637
6934 0.0025383459227966507
6935 0.005517042945118162
6936 0.000873114324417637
6937 0.000873114324417637
6938 0.000873114324417637
6939 0.000873114324417637