9 0.00017041626586836213
13 0.000012991549433809848
19 0.0002642464683900639
21 0.0001430533573344265
24 0.0005685167944117531
27 0.00033751149866781817
33 0.00011331060825040136
34 0.000043438765255019996
36 0.00004148193135099767
37 0.0004195196388193289
38 0.000005801646248097621
39 0.00002316889228152431
40 0.000012008345186710319
41 0.000014853122149744404
42 0.00010288760611871043
43 0.000016486150317022987
44 0.00013635553537529827
45 0.00012982121229608657
46 0.0004127192939405039
47 0.00036113023693171874
51 0.00004686777384075253
63 0.0000037855318677072396
65 0.00003546283794272714
67 0.00016815138569592077
71 0.00012561808978093188
72 0.00035285287846540845
73 0.00019291377466338104
76 0.0001335842653591911
81 0.0010944425511864426
87 0.0009457813389389926
89 0.00009505729945367397
123 0.000188234616351904
171 0.0001368611790876869
180 0.00005682431219851005
196 0.0003351616683040378
243 0.000529546954728898
287 0.00025810086072372616
292 0.0005829699755420034
310 0.0006490679108303783
324 0.0007507780456123224
493 0.00023454039050719067
494 0.0007812883408127773
497 0.00035368817101790026
514 0.00043049138832493966
573 0.0001652752038556845
596 0.00043049138832493966
691 0.0006076184749835032
769 0.0009123974692171921
836 0.000549621148441263
851 0.00008185705212231243
953 0.0005188152611795682
1007 0.000393582208037624
1028 0.0003541015143419739
1120 0.0005894503033351281
1210 0.002234820937061802
1271 0.0003652527497189936
1310 0.00036332233087023905
1395 0.0001739500102896398
1477 0.0006345864806991627
1496 0.0006758309323565803
1548 0.0007971722597919076
1713 0.0004120699366150429
1788 0.0004120699366150429
1894 0.001099242296882526
2650 0.0006037805934374678
4856 0.0006758309323565803
5560 0.0007384474589275524
6375 0.0007031836599018376
6916 0.00457437488668757
6940 0.000873114324417637
6941 0.000873114324417637
6942 0.000873114324417637