9 0.00023858277221570697
13 0.000025983098867619697
16 0.00007545831652538253
19 0.0002642464683900639
21 0.0004291600720032795
22 0.0001341735889149772
33 0.00011331060825040136
38 0.000005801646248097621
39 0.00002316889228152431
40 0.00000900625889003274
41 0.000014853122149744404
42 0.00010288760611871043
43 0.000016486150317022987
44 0.00013635553537529827
46 0.00045857699326722653
47 0.00040627151654818366
48 0.00013154366307515625
49 0.00024972404363455934
51 0.00009373554768150506
55 0.00009700475713476236
56 0.00006477729821638932
57 0.0001250684069607151
63 0.0000037855318677072396
65 0.00001773141897136357
67 0.00008407569284796038
71 0.00012561808978093188
72 0.00017642643923270423
73 0.00019291377466338104
89 0.00009505729945367397
97 0.00046908078101438134
107 0.0002049311356991152
134 0.0003672140565768559
141 0.0006534821266696528
180 0.00005682431219851005
196 0.0003351616683040378
243 0.000264773477364449
261 0.000467744766116719
263 0.0002338723830583595
277 0.0004982522556831122
278 0.0018876044317017236
310 0.00016226697770759457
360 0.00019339166635443979
368 0.00018686500362842702
437 0.00032153186911851154
455 0.00041790813825628515
520 0.0004856882630137361
573 0.0001652752038556845
669 0.00012589385831905585
753 0.0005567139972246788
779 0.00030263622314802144
781 0.0013939674485500902
851 0.00008185705212231243
858 0.000737266307740498
993 0.0008609827766498793
1153 0.0008241398732300858
1154 0.0007921172739613768
1162 0.0009079086694440643
1325 0.003748206442896347
1395 0.0003479000205792796
1545 0.0018949596080302035
1966 0.0005258216860189834
2063 0.0008023336741576425
2099 0.000618218327643938
2120 0.0006037805934374678
2354 0.008036838259371194
2378 0.0003003233420124021
2693 0.000424038368775366
3470 0.000499919615209078
4257 0.0003887745697496512
4289 0.0005188152611795682
4960 0.0014063673198036752
6620 0.0007031836599018376
6899 0.0007881489921597373