9 0.00030674927856305184
12 0.0002564879550388143
13 0.000025983098867619697
21 0.0007152667866721326
26 0.00012343399523364164
34 0.00030407135678514
36 0.00008296386270199534
38 0.000005801646248097621
39 0.000018535113825219447
40 0.000015010431483387899
41 0.000025992963762052712
42 0.00010288760611871043
43 0.00002472922547553448
44 0.00013635553537529827
46 0.0005044346925939492
47 0.0004965540757811133
48 0.00013154366307515625
49 0.0001664826957563729
51 0.00004686777384075253
55 0.00019400951426952473
56 0.0002591091928655573
57 0.0002501368139214302
63 0.0000037855318677072396
65 0.00001773141897136357
66 0.00018628059697440975
67 0.00008407569284796038
71 0.00025123617956186376
73 0.00019291377466338104
88 0.00024872719512041187
100 0.00015297081732618925
107 0.0006147934070973456
113 0.0002226669674373353
115 0.0006179635749242299
124 0.0001988555649537063
135 0.0005961065889605145
139 0.00028224872431895635
154 0.0006629139619520678
159 0.0003553673428358886
180 0.00005682431219851005
192 0.0003242865707429365
193 0.0002936355528176933
196 0.0001675808341520189
226 0.0004098622713982304
237 0.0003558910215031841
251 0.0006600847596749821
261 0.0002338723830583595
277 0.00019930090227324488
279 0.00022929556638299245
286 0.0005963257347588951
288 0.00296424296470024
310 0.00032453395541518913
320 0.0005894503033351281
327 0.0007921172739613768
328 0.0005587052342654505
357 0.0006877613496108782
360 0.00019339166635443979
366 0.0006845141746292599
377 0.0003188377153162591
396 0.0007678541784258615
438 0.00035955036976865123
455 0.00041790813825628515
464 0.001180746624112872
507 0.001363708542932196
546 0.0004120699366150429
554 0.0003985861298959538
558 0.002265125318042068
560 0.011954122218331243
564 0.0009884344705174716
573 0.0001652752038556845
579 0.0004942172352587358
585 0.0003911548205288988
646 0.0003712334023506965
658 0.0003841483956894837
669 0.00012589385831905585
670 0.0003329428059983855
693 0.004521793888347557
701 0.0005685167944117531
702 0.03470703056959497
746 0.0003672140565768559
779 0.00030263622314802144
782 0.00036142184220439385
851 0.00008185705212231243
858 0.0002457554359134993
866 0.0004272224195725296
896 0.0023167302700665415
899 0.00044828766312813873
1060 0.0002852508106156339
1141 0.007940254626869418
1162 0.0030263622314802147
1211 0.0005587052342654505
1223 0.0004887683798320584
1224 0.00044828766312813873
1285 0.00036332233087023905
1395 0.0003479000205792796
1403 0.0006910521121340801
1525 0.0005332529953860384
1618 0.00040380304757415875
1659 0.0013516618647131605
1674 0.0004338499289216686
1713 0.0004120699366150429
1855 0.0006037805934374678
2027 0.00046465581618336337
2099 0.000618218327643938
2181 0.0007031836599018376
2224 0.000618218327643938
2608 0.013326316094682418
2661 0.009891493242303009
2722 0.00041790813825628515
3022 0.000499919615209078
3044 0.020257945926759238
3226 0.0005188152611795682
3714 0.0017375477025499064
3826 0.0005188152611795682
4114 0.0006534821266696528
4501 0.000618218327643938
4601 0.000549621148441263
5012 0.0006758309323565803
5153 0.0005685167944117531
5806 0.0005908656000986806
6263 0.0006534821266696528