13 0.000025983098867619697
26 0.00012343399523364164
33 0.00011331060825040136
34 0.00008687753051003999
36 0.00016592772540399069
38 0.000005801646248097621
39 0.000018535113825219447
40 0.000015010431483387899
41 0.000011139841612308305
42 0.000051443803059355216
43 0.00001236461273776724
44 0.00020453330306294742
46 0.00045857699326722653
47 0.00040627151654818366
48 0.00013154366307515625
49 0.00008324134787818645
51 0.0001406033215222576
55 0.00009700475713476236
56 0.00006477729821638932
57 0.0001250684069607151
63 0.0000037855318677072396
65 0.00001773141897136357
67 0.00008407569284796038
71 0.00012561808978093188
76 0.0002671685307183822
84 0.0002130879622223576
124 0.00009942778247685315
144 0.0008457118600083356
180 0.00005682431219851005
183 0.000416258063524805
198 0.002345568639736917
214 0.000273659908111955
251 0.00022002825322499402
255 0.00034546061610436703
256 0.0007031836599018376
261 0.0002338723830583595
279 0.0004585911327659849
307 0.00022550415909059743
310 0.00048680093312278375
320 0.003241976668343205
327 0.003168469095845507
396 0.00019196354460646538
430 0.00022365154352182467
455 0.0016716325530251406
520 0.00016189608767124534
540 0.0006943876483085783
573 0.0001652752038556845
658 0.0003841483956894837
669 0.00012589385831905585
750 0.004347809211944885
773 0.003807518884194976
851 0.00008185705212231243
998 0.0006534821266696528
1162 0.00030263622314802144
1283 0.00033907303651746636
1388 0.0011261670684184837
1522 0.0005188152611795682
1523 0.0005188152611795682
1653 0.0054721541625774575
1769 0.012497990380226953
2258 0.0005791825675166354
2649 0.0015762979843194746
2847 0.023630318685681675
3334 0.014974830851035011
5852 0.0007881489921597373
6947 0.000873114324417637
6948 0.000873114324417637