1 0.0001309668193588762
12 0.0010259518201552573
13 0.000006495774716904924
14 0.0022729154976892673
15 0.002308391595349329
16 0.00007545831652538253
17 0.00018869457585405535
18 0.00023724943034546792
20 0.0007394749461544028
34 0.000043438765255019996
36 0.00016592772540399069
38 0.000005801646248097621
39 0.000009267556912609724
40 0.000012008345186710319
41 0.000003713280537436101
42 0.000051443803059355216
43 0.000008243075158511493
44 0.00013635553537529827
45 0.00025964242459217314
46 0.0001834307973068906
47 0.00018056511846585937
49 0.00012486202181727967
51 0.00009373554768150506
56 0.00012955459643277864
59 0.00020079305284486732
63 0.00000567829780156086
65 0.00007092567588545428
66 0.00009314029848720488
89 0.00009505729945367397
100 0.00015297081732618925
104 0.00032827690028667443
107 0.0006147934070973456
113 0.00011133348371866765
114 0.00021141259586679695
144 0.0003382847440033342
159 0.0001776836714179443
165 0.00022550415909059743
180 0.0001136486243970201
193 0.0002936355528176933
222 0.0003841483956894837
237 0.0010676730645095523
251 0.00044005650644998804
263 0.0002338723830583595
271 0.0011967322537263362
274 0.0017362290197116888
277 0.0006975531579563571
286 0.0001987752449196317
287 0.00025810086072372616
288 0.004560373791846524
297 0.00034888459666376895
300 0.0004120699366150429
304 0.00026056072380914035
306 0.00043049138832493966
309 0.0003003233420124021
320 0.002063076061672949
328 0.001117410468530901
333 0.0004338499289216686
347 0.0002479774737404859
360 0.00019339166635443979
368 0.00018686500362842702
391 0.0027740307112495833
401 0.000543302192065155
430 0.00022365154352182467
457 0.0008809066584530799
475 0.0008588042102783905
495 0.0003753890228061612
540 0.0006943876483085783
555 0.0002457554359134993
569 0.00042093493558288133
577 0.000549621148441263
585 0.0011734644615866965
708 0.00035955036976865123
709 0.00027274170858643915
715 0.0004092519030008361
719 0.00048355146215385347
749 0.0018414174202562431
750 0.0003344468624572988
759 0.0014308281633773554
794 0.007998794930790577
826 0.0004272224195725296
845 0.00043730308863810597
851 0.00008185705212231243
871 0.0003960586369806884
893 0.0007550417726806894
915 0.00032290148184198857
980 0.0029065786469619124
1030 0.0004338499289216686
1052 0.0010516433720379667
1066 0.000424038368775366
1067 0.0004408563537610837
1078 0.0004408563537610837
1283 0.0010172191095523992
1339 0.0005188152611795682
1354 0.001117410468530901
1413 0.0016598171318047137
1538 0.0009293116323667267
1781 0.000846746172956869
1942 0.0011370335888235062
2027 0.00046465581618336337
2213 0.0008890314040531017
2342 0.0005587052342654505
2637 0.00043049138832493966
2660 0.0006758309323565803
2697 0.0008023336741576425
2700 0.00040380304757415875
2701 0.0004603543550640608
2702 0.00046465581618336337
2703 0.00045217938883475555
2811 0.0006037805934374678
3007 0.00043049138832493966
3018 0.0004408563537610837
3208 0.0006813094475963223
3582 0.0006758309323565803
3908 0.0005587052342654505
3969 0.0012691729613983254
4127 0.0012075611868749357
4174 0.000618218327643938
4370 0.0004603543550640608
4371 0.0004785475402955236
4372 0.0004691137279473833
4373 0.00046465581618336337
4374 0.0004737399020075509
4375 0.0004603543550640608
4607 0.012553606801768393
6949 0.001746228648835274
6950 0.000873114324417637