1 0.0001309668193588762
2 0.00017273030805218352
9 0.00013633301269468968
12 0.004103807280621029
13 0.00003897464830142955
16 0.00007545831652538253
21 0.000572213429337706
26 0.00012343399523364164
34 0.00013031629576506
36 0.00012444579405299303
38 0.000008702469372146433
39 0.000018535113825219447
40 0.000015010431483387899
41 0.00002227968322461661
42 0.000051443803059355216
43 0.000020607687896278735
46 0.0000917153986534453
47 0.00009028255923292969
49 0.00008324134787818645
51 0.0001406033215222576
56 0.00006477729821638932
63 0.00000567829780156086
65 0.00003546283794272714
67 0.00008407569284796038
89 0.00009505729945367397
114 0.00021141259586679695
115 0.0004119757166161532
122 0.00036834169965234924
134 0.0003672140565768559
140 0.0004603543550640608
144 0.0003382847440033342
149 0.0003732936031739842
150 0.0005343168922353136
160 0.0003604749885585761
180 0.0001136486243970201
210 0.0003201773905469762
226 0.0002049311356991152
253 0.0002472323099654942
261 0.0002338723830583595
270 0.0035955036976865126
271 0.0017950983805895045
277 0.00009965045113662244
324 0.0003753890228061612
347 0.0009919098949619435
375 0.00025891534254753946
392 0.0011877353727907164
396 0.000959817723032327
439 0.0016572849048801697
520 0.00016189608767124534
573 0.0001652752038556845
634 0.0005188152611795682
671 0.0002597352724507996
716 0.0003136207976380542
780 0.001132562659021034
851 0.00016371410424462487
993 0.0008609827766498793
1029 0.00023724943034546792
1153 0.0004120699366150429
1178 0.0017353997156866743
1290 0.00031109330472278875
1450 0.001302749958295905
1551 0.0010243755036608584
1586 0.0018876044317017236
1788 0.0004120699366150429
1830 0.000499919615209078
2056 0.0006345864806991627
2063 0.00040116683707882124
2085 0.0007344281131537118
2378 0.0003003233420124021
5926 0.0006345864806991627
6951 0.0014768949178551047
6952 0.0022153423767826575
6953 0.000873114324417637
6954 0.000873114324417637