0 0.00019243773886705868
1 0.0001309668193588762
2 0.00017273030805218352
5 0.0002365665368606119
6 0.0002400196965770493
7 0.000233207996263883
13 0.000019487324150714776
17 0.0007547783034162214
19 0.0002642464683900639
33 0.00022662121650080273
34 0.0002171938262751
36 0.0002074096567549884
38 0.000011603292496195242
39 0.000013901335368914586
40 0.00002101460407674306
41 0.000018566402687180508
42 0.00010288760611871043
43 0.000008243075158511493
45 0.0006491060614804328
46 0.0005044346925939492
47 0.00040627151654818366
49 0.00008324134787818645
51 0.00009373554768150506
52 0.00014497369525357328
55 0.00038801902853904946
56 0.00006477729821638932
58 0.0016475102250645098
59 0.0008031722113794693
61 0.00035285287846540845
63 0.00000567829780156086
64 0.00018731984297588175
65 0.00003546283794272714
66 0.00018628059697440975
67 0.00004203784642398019
84 0.0002130879622223576
88 0.0007461815853612357
107 0.0008197245427964607
113 0.0005566674185933383
118 0.002723726008332193
138 0.0003775208863403447
149 0.0003732936031739842
150 0.00035621126149020904
159 0.0001776836714179443
165 0.00022550415909059743
177 0.00015160120460271228
185 0.0021250694787916862
186 0.0005050923328198371
197 0.0002904236905482616
214 0.000273659908111955
251 0.00022002825322499402
277 0.00039860180454648976
320 0.002063076061672949
321 0.00048355146215385347
322 0.007881489921597373
323 0.002703323729426321
324 0.0007507780456123224
325 0.000873114324417637
326 0.000873114324417637
327 0.0003960586369806884
328 0.0005587052342654505
329 0.000873114324417637
330 0.0014063673198036752
331 0.005907579671420419
332 0.0006345864806991627
333 0.0008676998578433372
334 0.0005791825675166354
335 0.000505900267840781
336 0.0007384474589275524
337 0.0014063673198036752
338 0.000549621148441263
339 0.0007384474589275524
340 0.0005587052342654505
341 0.0005908656000986806
342 0.000873114324417637
343 0.0007384474589275524
344 0.0007384474589275524
345 0.008122922048203076
346 0.0005908656000986806
347 0.0007439324212214578
348 0.0004272224195725296
349 0.0006534821266696528
350 0.004999196152090782
351 0.0021095509797055133
352 0.0002958245228348551
353 0.0007507780456123224
354 0.0006758309323565803
355 0.0019550735193282335
356 0.00040649720137641123
357 0.0027510453984435127
358 0.0023167302700665415
359 0.0036807518021328843
360 0.00038678333270887957
361 0.002703323729426321
362 0.0006758309323565803
363 0.00036332233087023905
364 0.0006758309323565803
365 0.0008544448391450592
366 0.00034225708731462997
367 0.0002673724241223067
368 0.00018686500362842702
369 0.0007031836599018376
370 0.0007881489921597373
371 0.0017634254150443347
372 0.0013119092659143181
373 0.0022153423767826575
374 0.000505900267840781
375 0.00025891534254753946
376 0.00034065472379816113
377 0.0003188377153162591
378 0.000873114324417637
379 0.0003438806748054391