0 0.00019243773886705868
1 0.0001309668193588762
2 0.00017273030805218352
4 0.00035233775638020634
5 0.0002365665368606119
6 0.0002400196965770493
7 0.000233207996263883
8 0.00028224872431895635
9 0.00013633301269468968
13 0.000012991549433809848
16 0.00015091663305076506
19 0.00066061617097516
21 0.0001430533573344265
33 0.00022662121650080273
34 0.000043438765255019996
37 0.0006292794582289934
38 0.000005801646248097621
39 0.000009267556912609724
40 0.00000900625889003274
41 0.000011139841612308305
43 0.00002472922547553448
44 0.00013635553537529827
46 0.0003210038952870586
47 0.00031598895731525394
49 0.00008324134787818645
56 0.00006477729821638932
61 0.00035285287846540845
63 0.0000037855318677072396
64 0.00018731984297588175
65 0.00003546283794272714
66 0.00018628059697440975
67 0.00004203784642398019
72 0.0012349850746289296
76 0.00120225838823272
81 0.0005472212755932213
82 0.0014162063638310035
87 0.0001891562677877985
97 0.00023454039050719067
99 0.0003271046043571432
100 0.00015297081732618925
106 0.000505900267840781
124 0.00009942778247685315
125 0.0002682511308492756
144 0.0010148542320100027
146 0.000264773477364449
180 0.0001136486243970201
183 0.000416258063524805
184 0.00040649720137641123
247 0.0005211214476182807
279 0.00022929556638299245
309 0.0006006466840248042
310 0.00016226697770759457
360 0.00019339166635443979
438 0.005033705176761118
468 0.0003136207976380542
495 0.0003753890228061612
496 0.0002464916487181342
497 0.0005305322565268504
552 0.00048355146215385347
613 0.0002597352724507996
750 0.0003344468624572988
803 0.0002597352724507996
988 0.00041790813825628515
1034 0.00034065472379816113
1060 0.0002852508106156339
1063 0.0005188152611795682
1178 0.0026030995735300115
1182 0.00045217938883475555
1829 0.004430684753565315
1830 0.000499919615209078
1831 0.000873114324417637
1832 0.0007881489921597373
1833 0.0007031836599018376