9 0.00013633301269468968
13 0.000019487324150714776
33 0.00011331060825040136
34 0.000043438765255019996
36 0.00004148193135099767
38 0.000005801646248097621
39 0.000009267556912609724
40 0.000006004172593355159
41 0.000007426561074872202
42 0.00010288760611871043
43 0.00001236461273776724
44 0.00013635553537529827
45 0.00025964242459217314
46 0.00013757309798016797
47 0.00013542383884939454
51 0.0001406033215222576
63 0.0000037855318677072396
65 0.00003546283794272714
66 0.00009314029848720488
72 0.0007057057569308169
76 0.0002671685307183822
87 0.0001891562677877985
100 0.00015297081732618925
114 0.00021141259586679695
115 0.0002059878583080766
130 0.00027274170858643915
144 0.0006765694880066684
176 0.00033751149866781817
180 0.00005682431219851005
214 0.000273659908111955
310 0.00032453395541518913
320 0.00029472515166756405
411 0.00044608035070850863
442 0.0003242865707429365
487 0.00043049138832493966
494 0.00039064417040638865
759 0.0014308281633773554
850 0.0003960586369806884
851 0.00008185705212231243
1029 0.0007117482910364039
1037 0.0002709256892452844
1070 0.0003541015143419739
1548 0.0007971722597919076
6951 0.0036922372946377622
6952 0.0007384474589275524
6955 0.000873114324417637