9 0.00013633301269468968
13 0.000012991549433809848
17 0.00018869457585405535
34 0.000043438765255019996
36 0.00004148193135099767
38 0.000005801646248097621
39 0.000013901335368914586
40 0.00000900625889003274
41 0.000011139841612308305
42 0.00010288760611871043
43 0.000016486150317022987
44 0.00013635553537529827
46 0.0003210038952870586
47 0.00036113023693171874
48 0.00013154366307515625
49 0.00012486202181727967
51 0.00004686777384075253
55 0.00009700475713476236
56 0.00006477729821638932
57 0.0001250684069607151
63 0.0000094638296692681
65 0.00003546283794272714
66 0.00018628059697440975
67 0.00008407569284796038
72 0.0014114115138616338
73 0.00019291377466338104
75 0.0031652557218432896
76 0.0005343370614367644
77 0.0013939674485500902
81 0.00036481418372881415
87 0.0005674688033633956
113 0.0004453339348746706
139 0.00028224872431895635
144 0.0005074271160050014
149 0.0003732936031739842
159 0.0001776836714179443
171 0.0001368611790876869
180 0.00005682431219851005
183 0.000416258063524805
185 0.0010625347393958431
186 0.0005050923328198371
230 0.0002958245228348551
251 0.00022002825322499402
255 0.0005181909241565506
259 0.00025891534254753946
261 0.000467744766116719
278 0.002265125318042068
287 0.00025810086072372616
352 0.0002958245228348551
365 0.0008544448391450592
368 0.00018686500362842702
494 0.000585966255609583
496 0.0004929832974362684
520 0.0008094804383562269
555 0.0002457554359134993
613 0.0002597352724507996
669 0.0002517877166381117
734 0.0018546549829318141
803 0.0005194705449015992
851 0.00008185705212231243
902 0.0003753890228061612
911 0.0004120699366150429
922 0.00043730308863810597
1034 0.00034065472379816113
1036 0.0003732936031739842
1271 0.0003652527497189936
1395 0.0001739500102896398
1396 0.00036920725599727517
1442 0.0017353997156866743
2770 0.0015564457835387047
3502 0.00036332233087023905
6951 0.0022153423767826575