9 0.00017041626586836213
13 0.000012991549433809848
33 0.00011331060825040136
34 0.00008687753051003999
36 0.00004148193135099767
37 0.0008390392776386578
38 0.000005801646248097621
39 0.000013901335368914586
40 0.000012008345186710319
41 0.000011139841612308305
42 0.00015433140917806565
43 0.000016486150317022987
44 0.00013635553537529827
46 0.00027514619596033594
47 0.00027084767769878907
51 0.00004686777384075253
55 0.00019400951426952473
56 0.00012955459643277864
57 0.0002501368139214302
63 0.0000037855318677072396
65 0.00003546283794272714
66 0.0005588417909232293
67 0.00008407569284796038
68 0.0005829699755420034
72 0.0010585586353962255
73 0.00019291377466338104
76 0.0009350898575143378
81 0.00036481418372881415
87 0.000378312535575597
89 0.0003802291978146959
103 0.00045217938883475555
115 0.0002059878583080766
151 0.0003359696033249817
171 0.0001368611790876869
180 0.00005682431219851005
183 0.0014569032223368179
245 0.000181970089392662
255 0.00017273030805218352
289 0.0003712334023506965
310 0.0017849367547835403
360 0.00019339166635443979
376 0.0006813094475963223
379 0.0003438806748054391
401 0.000543302192065155
438 0.002516852588380559
496 0.0002464916487181342
590 0.0003672140565768559
591 0.00044451570202655086
613 0.0002597352724507996
669 0.00012589385831905585
688 0.001648863445323789
694 0.0004887683798320584
697 0.0004691137279473833
803 0.0002597352724507996
851 0.00008185705212231243
902 0.0003753890228061612
1034 0.00034065472379816113
1036 0.0003732936031739842
1060 0.0002852508106156339
1395 0.0001739500102896398
1441 0.0006758309323565803
1442 0.0013015497867650057
1448 0.0004603543550640608
1781 0.0005644974486379127
3956 0.0005685167944117531
4760 0.0004942172352587358
4852 0.0006758309323565803
6952 0.0014768949178551047
6956 0.005238685946505822