9 0.00020449951904203455
16 0.00007545831652538253
21 0.0001430533573344265
22 0.0001341735889149772
26 0.00012343399523364164
27 0.00033751149866781817
29 0.00026649997158873667
33 0.00011331060825040136
34 0.000043438765255019996
36 0.00008296386270199534
38 0.000008702469372146433
39 0.000013901335368914586
40 0.00000900625889003274
41 0.000011139841612308305
43 0.000016486150317022987
49 0.000041620673939093223
51 0.00004686777384075253
52 0.00014497369525357328
55 0.00009700475713476236
56 0.00006477729821638932
57 0.0001250684069607151
63 0.0000037855318677072396
65 0.00001773141897136357
67 0.00004203784642398019
114 0.00021141259586679695
124 0.00009942778247685315
138 0.0003775208863403447
144 0.0008457118600083356
146 0.000264773477364449
150 0.00035621126149020904
171 0.0002737223581753738
223 0.00044451570202655086
267 0.0002783569986123394
356 0.00040649720137641123
459 0.0014506543864615605
486 0.00043730308863810597
491 0.0021776531330595216
495 0.0003753890228061612
508 0.0008047533925478269
512 0.0012700500933786841
624 0.0004887683798320584
709 0.001363708542932196
851 0.00008185705212231243
868 0.0005418513784905688
1062 0.0005162017214474523
1187 0.00035770704084433884
1213 0.0005685167944117531
1297 0.000549621148441263
1301 0.0004942172352587358
2014 0.0003438806748054391
2631 0.002060349683075215
3707 0.0007881489921597373
4694 0.0007031836599018376
5009 0.003807518884194976
5971 0.0009775367596641168
6203 0.0007881489921597373
6934 0.0006345864806991627
6957 0.0007881489921597373
6958 0.000873114324417637
6959 0.0007384474589275524
6960 0.0007881489921597373
6961 0.000873114324417637
6962 0.000873114324417637