9 0.00010224975952101728
13 0.00003897464830142955
21 0.000286106714668853
23 0.00022801868959232616
26 0.0002468679904672833
28 0.0027865689367196026
34 0.00008687753051003999
36 0.00012444579405299303
38 0.000008702469372146433
39 0.000009267556912609724
40 0.00000900625889003274
41 0.000007426561074872202
43 0.000004121537579255747
46 0.0000917153986534453
49 0.00012486202181727967
56 0.00006477729821638932
63 0.000007571063735414479
65 0.00003546283794272714
66 0.00018628059697440975
76 0.0006679213267959556
100 0.00015297081732618925
103 0.00045217938883475555
104 0.00016413845014333722
113 0.00011133348371866765
115 0.0002059878583080766
135 0.0005961065889605145
138 0.0003775208863403447
159 0.0001776836714179443
171 0.0001368611790876869
180 0.00005682431219851005
183 0.0010406451588120126
186 0.00025254616640991854
214 0.000273659908111955
255 0.00017273030805218352
277 0.00019930090227324488
287 0.00025810086072372616
288 0.00045603737918465233
320 0.0008841754550026923
327 0.0007921172739613768
350 0.0029995176912544688
357 0.0006877613496108782
368 0.00018686500362842702
372 0.0008746061772762119
392 0.0005938676863953582
396 0.0005758906338193962
416 0.00031109330472278875
430 0.00022365154352182467
475 0.002576412630835172
512 0.00031751252334467103
538 0.0002852508106156339
572 0.00033907303651746636
594 0.0003438806748054391
624 0.0004887683798320584
638 0.00040116683707882124
645 0.0005908656000986806
660 0.0007031836599018376
669 0.0003776815749571676
709 0.0005454834171728783
716 0.0006272415952761084
764 0.0010665059907720767
787 0.0009474798040151018
809 0.0005791825675166354
810 0.00043730308863810597
851 0.00016371410424462487
870 0.00044828766312813873
898 0.0003014743275909555
1007 0.001180746624112872
1101 0.0009293116323667267
1188 0.0005587052342654505
1368 0.00045217938883475555
1397 0.00028028741746109395
1450 0.0006513749791479525
1741 0.0011817312001973612
1765 0.0036226835606248072
2014 0.0006877613496108782
2015 0.000499919615209078
2785 0.010153383691186603
2866 0.0006534821266696528
3092 0.0004338499289216686
4501 0.000618218327643938
4640 0.0005332529953860384
5971 0.0009775367596641168
6261 0.0006345864806991627
6263 0.0006534821266696528
6430 0.0015762979843194746
6963 0.000873114324417637
6964 0.000873114324417637
6965 0.000873114324417637
6966 0.000873114324417637
6967 0.000873114324417637