9 0.00017041626586836213
13 0.00003897464830142955
21 0.0001430533573344265
26 0.0002468679904672833
33 0.00011331060825040136
34 0.00017375506102007999
36 0.00016592772540399069
38 0.000005801646248097621
39 0.000009267556912609724
40 0.000012008345186710319
41 0.000014853122149744404
42 0.000051443803059355216
43 0.000016486150317022987
49 0.000041620673939093223
63 0.00000567829780156086
65 0.00001773141897136357
66 0.00018628059697440975
67 0.00008407569284796038
69 0.00023724943034546792
70 0.00035233775638020634
71 0.00025123617956186376
72 0.002293543710025155
73 0.00019291377466338104
76 0.0006679213267959556
87 0.0001891562677877985
88 0.00024872719512041187
104 0.00032827690028667443
122 0.00018417084982617462
124 0.00009942778247685315
159 0.0003553673428358886
160 0.00018023749427928805
165 0.00022550415909059743
171 0.0002737223581753738
177 0.0012128096368216983
180 0.0001136486243970201
183 0.0010406451588120126
230 0.0005916490456697102
247 0.00026056072380914035
277 0.00029895135340986733
292 0.0005829699755420034
310 0.00048680093312278375
391 0.000832209213374875
392 0.0002969338431976791
493 0.00046908078101438134
494 0.002929831278047915
508 0.0002682511308492756
686 0.0020752610447182726
691 0.0003038092374917516
750 0.0003344468624572988
779 0.00030263622314802144
851 0.00008185705212231243
1060 0.0002852508106156339
1093 0.00036920725599727517
1395 0.0001739500102896398
1403 0.00034552605606704003
1450 0.00032568748957397626
1586 0.005662813295105171
1618 0.00040380304757415875
1671 0.002198484593765052
1788 0.0004120699366150429
2816 0.0012691729613983254
4222 0.00045217938883475555
4223 0.00044451570202655086
4224 0.0005411640668664958
4921 0.00048355146215385347
5971 0.0014663051394961752
5979 0.0036922372946377622
6972 0.000873114324417637
6973 0.001746228648835274