9 0.00017041626586836213
13 0.00007145352188595418
16 0.00022637494957614764
21 0.000572213429337706
23 0.00022801868959232616
28 0.0005066488975853823
34 0.0002171938262751
36 0.00004148193135099767
38 0.000005801646248097621
39 0.000013901335368914586
40 0.00002101460407674306
41 0.000007426561074872202
43 0.000020607687896278735
49 0.00012486202181727967
56 0.0002591091928655573
63 0.00001135659560312172
65 0.00007092567588545428
67 0.00004203784642398019
72 0.00035285287846540845
73 0.0003858275493267621
76 0.0009350898575143378
77 0.00046465581618336337
81 0.0014592567349152566
87 0.0001891562677877985
89 0.00019011459890734794
113 0.0002226669674373353
114 0.00021141259586679695
122 0.00036834169965234924
124 0.0001988555649537063
135 0.001192213177921029
136 0.0005851111081648902
144 0.0006765694880066684
154 0.0016572849048801697
159 0.0003553673428358886
171 0.00041058353726306076
177 0.00030320240920542457
180 0.0001136486243970201
247 0.0010422428952365614
253 0.0002472323099654942
267 0.0005567139972246788
277 0.0004982522556831122
278 0.0003775208863403447
287 0.00025810086072372616
293 0.0009856148818737803
297 0.00034888459666376895
300 0.0004120699366150429
305 0.0007031836599018376
306 0.00043049138832493966
309 0.0003003233420124021
310 0.00016226697770759457
356 0.00040649720137641123
368 0.00018686500362842702
372 0.0017492123545524239
379 0.0003438806748054391
401 0.00018110073068838497
406 0.000505900267840781
416 0.0006221866094455775
428 0.0004603543550640608
457 0.0002936355528176933
475 0.0008588042102783905
493 0.00046908078101438134
494 0.00039064417040638865
495 0.0003753890228061612
520 0.0003237921753424907
540 0.0006943876483085783
545 0.0007971722597919076
585 0.0003911548205288988
641 0.001180746624112872
669 0.00012589385831905585
691 0.0003038092374917516
851 0.000040928526061156217
866 0.0012816672587175888
868 0.0002709256892452844
993 0.00043049138832493966
1029 0.0007117482910364039
1037 0.0005418513784905688
1060 0.0002852508106156339
1062 0.00025810086072372616
1066 0.000424038368775366
1067 0.0004408563537610837
1081 0.000549621148441263
1153 0.0004120699366150429
1154 0.0003960586369806884
1198 0.0017780628081062034
1251 0.0006345864806991627
1395 0.0003479000205792796
1548 0.002391516779375723
1671 0.003297726890647578
1674 0.0004338499289216686
1878 0.0007682967913789674
2213 0.00044451570202655086
2433 0.0007881489921597373
2600 0.0005121877518304292
2637 0.00043049138832493966
2697 0.001203500511236464
2700 0.0008076060951483175
2701 0.0004603543550640608
2702 0.00046465581618336337
2703 0.00045217938883475555
3018 0.0004408563537610837
3081 0.0007031836599018376
3535 0.0007031836599018376
3552 0.0006534821266696528
4369 0.001099242296882526
4370 0.0004603543550640608
4372 0.0004691137279473833
4373 0.00046465581618336337
4374 0.0004737399020075509
4375 0.0004603543550640608
4376 0.0006534821266696528
4385 0.0015762979843194746
4456 0.0013565381665042668
5514 0.0011583651350332708
5971 0.0014663051394961752
6974 0.001746228648835274
6975 0.000873114324417637
6976 0.0007384474589275524
6977 0.000873114324417637
6978 0.000873114324417637
6979 0.000873114324417637
6980 0.000873114324417637
6981 0.000873114324417637