9 0.00006816650634734484
13 0.000045470423018334476
21 0.000286106714668853
23 0.001368112137553957
29 0.00026649997158873667
38 0.000011603292496195242
39 0.000009267556912609724
40 0.000006004172593355159
41 0.000011139841612308305
42 0.00010288760611871043
43 0.000020607687896278735
56 0.00006477729821638932
60 0.0005145835101134606
63 0.0000094638296692681
65 0.00010638851382818144
66 0.00009314029848720488
67 0.00008407569284796038
71 0.00012561808978093188
81 0.0036481418372881417
84 0.0004261759244447152
89 0.00009505729945367397
97 0.00023454039050719067
101 0.0005791825675166354
104 0.00016413845014333722
122 0.00018417084982617462
124 0.00009942778247685315
134 0.0007344281131537118
180 0.00005682431219851005
187 0.005865782949246423
307 0.0006765124772717924
315 0.0004785475402955236
379 0.0003438806748054391
416 0.00031109330472278875
438 0.0021573022186119075
470 0.00037969048392546374
613 0.0002597352724507996
711 0.0004092519030008361
772 0.0002597352724507996
779 0.00030263622314802144
781 0.00046465581618336337
787 0.0004737399020075509
851 0.0002455711563669373
1073 0.00046465581618336337
1086 0.0005258216860189834
1153 0.0004120699366150429
1154 0.003564527732826196
1156 0.0005188152611795682
1358 0.0004942172352587358
1368 0.0009043587776695111
1511 0.0004408563537610837
1725 0.0008817127075221674
1788 0.0008241398732300858
1886 0.0004785475402955236
2574 0.0028959128375831773
2627 0.0005411640668664958
3732 0.0010823281337329915
3855 0.0014768949178551047
4201 0.00140734118384215
5971 0.0004887683798320584