9 0.00017041626586836213
13 0.00003247887358452463
34 0.00017375506102007999
36 0.00004148193135099767
38 0.000005801646248097621
39 0.000013901335368914586
40 0.00000900625889003274
41 0.00002227968322461661
43 0.00001236461273776724
44 0.00013635553537529827
46 0.0005502923919206719
47 0.0004965540757811133
48 0.00013154366307515625
49 0.0001664826957563729
55 0.00009700475713476236
56 0.00019433189464916796
57 0.0001250684069607151
63 0.00000567829780156086
65 0.00001773141897136357
67 0.00008407569284796038
69 0.00023724943034546792
70 0.00035233775638020634
71 0.00012561808978093188
72 0.002117117270792451
73 0.0003858275493267621
81 0.0005472212755932213
84 0.0002130879622223576
88 0.0009949087804816475
113 0.00011133348371866765
122 0.00036834169965234924
136 0.0002925555540824451
171 0.0001368611790876869
180 0.00005682431219851005
230 0.0005916490456697102
286 0.0001987752449196317
288 0.00022801868959232616
292 0.0005829699755420034
360 0.00019339166635443979
493 0.0016417827335503349
494 0.0019532208520319436
573 0.0001652752038556845
669 0.00012589385831905585
851 0.00008185705212231243
868 0.0002709256892452844
1037 0.0002709256892452844
1062 0.001290504303618631
1082 0.00043730308863810597
1100 0.00320933469663057
1107 0.0021361120978626484
1395 0.0003479000205792796
1671 0.0027481057422063153
3205 0.002027492797069741
4203 0.000505900267840781
5971 0.0019550735193282335