0 0.00019243773886705868
1 0.0001309668193588762
2 0.00034546061610436703
5 0.0002365665368606119
6 0.0002400196965770493
7 0.000233207996263883
13 0.00005196619773523939
28 0.00025332444879269114
34 0.000043438765255019996
37 0.00020975981940966445
38 0.000011603292496195242
39 0.000013901335368914586
40 0.000012008345186710319
41 0.000014853122149744404
43 0.000020607687896278735
45 0.00025964242459217314
46 0.0003210038952870586
47 0.00031598895731525394
48 0.00013154366307515625
49 0.00008324134787818645
52 0.00014497369525357328
55 0.00038801902853904946
56 0.00012955459643277864
63 0.0000037855318677072396
64 0.00018731984297588175
65 0.00001773141897136357
67 0.00004203784642398019
88 0.00024872719512041187
89 0.00028517189836102194
100 0.0004589124519785678
118 0.0009079086694440643
158 0.0005684838474787511
159 0.0003553673428358886
165 0.00022550415909059743
177 0.00015160120460271228
180 0.0001136486243970201
185 0.0002656336848489608
196 0.0003351616683040378
210 0.0006403547810939524
260 0.0003818991754555788
277 0.00019930090227324488
279 0.00022929556638299245
289 0.0003712334023506965
297 0.0006977691933275379
310 0.00016226697770759457
320 0.0005894503033351281
353 0.0003753890228061612
360 0.00019339166635443979
371 0.0004408563537610837
379 0.0003438806748054391
411 0.00022304017535425432
430 0.000670954630565474
437 0.00032153186911851154
475 0.0014313403504639844
486 0.0026238185318286362
497 0.00017684408550895013
558 0.0003775208863403447
590 0.0003672140565768559
739 0.0006037805934374678
751 0.0009207087101281216
759 0.0025039492859103723
779 0.00030263622314802144
810 0.00043730308863810597
915 0.00032290148184198857
920 0.0004149542829511784
1037 0.0002709256892452844
1328 0.0003541015143419739
1336 0.0013516618647131605
1396 0.0014768290239891007
1417 0.0003911548205288988
1545 0.0004737399020075509
1742 0.000499919615209078
1815 0.0007384474589275524
1834 0.004633460540133083
1835 0.0019604463800089586
1836 0.0007881489921597373
1837 0.000499919615209078
1838 0.0007031836599018376
1839 0.0006758309323565803
1840 0.000873114324417637
1841 0.000873114324417637
1842 0.0007384474589275524