13 0.0000779492966028591
30 0.001109132556727933
34 0.00008687753051003999
36 0.00008296386270199534
38 0.000005801646248097621
39 0.000013901335368914586
40 0.000006004172593355159
41 0.000011139841612308305
42 0.000051443803059355216
43 0.00001236461273776724
44 0.00013635553537529827
46 0.00027514619596033594
47 0.00022570639808232424
48 0.00013154366307515625
49 0.00008324134787818645
63 0.00000567829780156086
65 0.00001773141897136357
67 0.00008407569284796038
68 0.0002914849877710017
71 0.00012561808978093188
76 0.0010686741228735288
100 0.00015297081732618925
103 0.00045217938883475555
104 0.00032827690028667443
114 0.00021141259586679695
124 0.00009942778247685315
144 0.0018605660920183382
151 0.0003359696033249817
159 0.0012437856999256104
160 0.00018023749427928805
171 0.0002737223581753738
177 0.0013644108414244108
180 0.00017047293659553015
183 0.00166503225409922
193 0.0011745422112707732
230 0.0002958245228348551
243 0.000264773477364449
245 0.000181970089392662
286 0.0001987752449196317
287 0.00025810086072372616
292 0.0005829699755420034
307 0.00022550415909059743
362 0.0006758309323565803
399 0.0008908015295930374
416 0.001244373218891155
493 0.001407242343043144
494 0.002343865022438332
496 0.0002464916487181342
497 0.00017684408550895013
573 0.0001652752038556845
608 0.0010316420244163174
851 0.00008185705212231243
876 0.0003911548205288988
1026 0.0010823281337329915
1112 0.0003672140565768559
1134 0.0006534821266696528
1368 0.0013565381665042668
1446 0.0010786511093059537
1528 0.00043730308863810597
3058 0.0005908656000986806
5971 0.002443841899160292
6121 0.0006345864806991627
6982 0.0007881489921597373