9 0.00010224975952101728
13 0.000006495774716904924
26 0.0002468679904672833
33 0.00022662121650080273
34 0.000043438765255019996
36 0.00004148193135099767
38 0.000008702469372146433
39 0.000004633778456304862
40 0.00000900625889003274
41 0.000011139841612308305
43 0.000008243075158511493
49 0.000041620673939093223
51 0.00009373554768150506
56 0.00012955459643277864
63 0.0000037855318677072396
65 0.00001773141897136357
113 0.0002226669674373353
160 0.00018023749427928805
185 0.0002656336848489608
186 0.00025254616640991854
245 0.000363940178785324
246 0.00040649720137641123
263 0.0002338723830583595
286 0.0001987752449196317
368 0.00018686500362842702
391 0.0011096122844998333
401 0.0007244029227535399
416 0.00031109330472278875
452 0.0002764565099464942
475 0.002003876490649578
487 0.00043049138832493966
505 0.001007908809974945
506 0.0008975491902947523
508 0.0018777579159449296
512 0.002222587663412698
569 0.00042093493558288133
573 0.0001652752038556845
608 0.0003438806748054391
648 0.0006403547810939524
669 0.00012589385831905585
709 0.001363708542932196
815 0.0004737399020075509
851 0.00008185705212231243
852 0.0007775491394993024
1187 0.00035770704084433884
1398 0.00040380304757415875
1499 0.000787164416075248
2346 0.001793150652512555
2631 0.0024724196196902574
2746 0.0010376305223591363
4169 0.000424038368775366
4344 0.0006534821266696528
6983 0.000873114324417637