9 0.00017041626586836213
13 0.00003247887358452463
16 0.00007545831652538253
22 0.0002683471778299544
26 0.00012343399523364164
28 0.00025332444879269114
34 0.00008687753051003999
36 0.00008296386270199534
37 0.00020975981940966445
38 0.000008702469372146433
39 0.000004633778456304862
40 0.00000900625889003274
41 0.000007426561074872202
42 0.000051443803059355216
43 0.00002472922547553448
46 0.0000917153986534453
48 0.00013154366307515625
51 0.00004686777384075253
59 0.0010039652642243367
63 0.00000567829780156086
65 0.00001773141897136357
66 0.00027942089546161464
100 0.00015297081732618925
107 0.0002049311356991152
115 0.0004119757166161532
124 0.00009942778247685315
143 0.0009899668520798367
150 0.0005343168922353136
160 0.00018023749427928805
226 0.0004098622713982304
264 0.0006325775717308665
288 0.00022801868959232616
310 0.00032453395541518913
357 0.0003438806748054391
396 0.0005758906338193962
486 0.0034984247091048477
555 0.0002457554359134993
648 0.0016008869527348814
691 0.0009114277124752549
851 0.00016371410424462487
1042 0.0010665059907720767
1271 0.0003652527497189936
1586 0.002642646204382413
1753 0.00043730308863810597
2836 0.0014212197060226527
4222 0.0009043587776695111
4223 0.0008890314040531017
6923 0.0007881489921597373