0 0.00019243773886705868
9 0.00010224975952101728
13 0.000012991549433809848
14 0.00025254616640991854
16 0.00007545831652538253
17 0.0024530294861027195
18 0.0011862471517273398
19 0.00039636970258509594
22 0.0001341735889149772
23 0.001368112137553957
33 0.00011331060825040136
34 0.00013031629576506
36 0.00024889158810598606
38 0.000005801646248097621
39 0.000032436449194134037
40 0.00000900625889003274
41 0.000014853122149744404
42 0.000051443803059355216
43 0.00001236461273776724
46 0.00004585769932672265
49 0.000041620673939093223
51 0.00004686777384075253
56 0.00012955459643277864
63 0.0000037855318677072396
65 0.00005319425691409072
67 0.00008407569284796038
69 0.00023724943034546792
71 0.00012561808978093188
76 0.0001335842653591911
89 0.00009505729945367397
97 0.00023454039050719067
104 0.00032827690028667443
143 0.0009899668520798367
146 0.000264773477364449
150 0.00017810563074510452
180 0.00005682431219851005
226 0.0002049311356991152
236 0.0015365632554912878
243 0.000264773477364449
245 0.000363940178785324
249 0.0027050776189419864
258 0.0011881759109420651
259 0.0007767460276426184
268 0.00048355146215385347
360 0.00019339166635443979
375 0.0005178306850950789
396 0.0005758906338193962
475 0.002576412630835172
494 0.0009766104260159718
716 0.0006272415952761084
741 0.0007046755127604127
851 0.00008185705212231243
858 0.0009830217436539973
898 0.0003014743275909555
1037 0.0002709256892452844
1178 0.0008676998578433372
1182 0.00045217938883475555
1290 0.00031109330472278875
1524 0.0005791825675166354
1603 0.0008023336741576425
1608 0.0005908656000986806
1610 0.0006758309323565803
2021 0.000499919615209078
2533 0.0007031836599018376
3002 0.0007384474589275524
4222 0.00045217938883475555
4223 0.00044451570202655086
4224 0.0005411640668664958
6867 0.0006758309323565803
6984 0.000873114324417637
6985 0.000873114324417637
6986 0.000873114324417637
6987 0.000873114324417637
6988 0.0015762979843194746
6989 0.0015762979843194746
6990 0.001746228648835274
6991 0.000873114324417637