11 0.0004092519030008361
12 0.000769463865116443
13 0.000025983098867619697
15 0.0002564879550388143
22 0.00040252076674493167
26 0.00012343399523364164
33 0.00011331060825040136
38 0.000005801646248097621
39 0.000013901335368914586
40 0.00000900625889003274
41 0.000014853122149744404
42 0.00015433140917806565
43 0.000016486150317022987
44 0.00020453330306294742
48 0.00013154366307515625
49 0.00008324134787818645
51 0.00004686777384075253
55 0.00009700475713476236
57 0.0001250684069607151
63 0.0000037855318677072396
65 0.00001773141897136357
66 0.00009314029848720488
81 0.00018240709186440708
84 0.0002130879622223576
107 0.0004098622713982304
125 0.0005365022616985512
171 0.0002737223581753738
180 0.00005682431219851005
214 0.0008209797243358649
263 0.0002338723830583595
271 0.0011967322537263362
274 0.0026043435295675333
277 0.00009965045113662244
282 0.001909495877277894
286 0.0001987752449196317
288 0.001368112137553957
292 0.0002914849877710017
320 0.0011789006066702562
327 0.0007921172739613768
355 0.0004887683798320584
357 0.0010316420244163174
396 0.001535708356851723
441 0.0003438806748054391
468 0.0018817247858283254
493 0.00046908078101438134
495 0.0003753890228061612
538 0.0002852508106156339
654 0.002645138122566502
751 0.0023017717753203043
782 0.0007228436844087877
823 0.0013565381665042668
851 0.00008185705212231243
863 0.00036920725599727517
866 0.0004272224195725296
875 0.0003841483956894837
980 0.00036332233087023905
1120 0.0008841754550026923
1176 0.0014356426208865709
1280 0.0006513749791479525
1302 0.0005411640668664958
1397 0.0008408622523832819
1529 0.0003818991754555788
1550 0.000999839230418156
1653 0.00294654454908017
1785 0.00030499358548289365
2366 0.00041790813825628515
3208 0.0013626188951926445
4751 0.0014063673198036752
5325 0.0006758309323565803