1 0.0002619336387177524
11 0.0004092519030008361
13 0.000006495774716904924
14 0.0010101846656396741
15 0.0005129759100776286
34 0.00008687753051003999
36 0.00012444579405299303
38 0.000005801646248097621
39 0.00005097156301935349
40 0.000012008345186710319
41 0.000014853122149744404
42 0.000051443803059355216
43 0.000016486150317022987
44 0.00013635553537529827
46 0.00027514619596033594
47 0.00027084767769878907
51 0.00004686777384075253
56 0.00012955459643277864
57 0.0001250684069607151
59 0.00020079305284486732
63 0.0000037855318677072396
65 0.00005319425691409072
67 0.0002942649249678614
71 0.00025123617956186376
89 0.00009505729945367397
113 0.00033400045115600295
114 0.00021141259586679695
125 0.0005365022616985512
129 0.008667775957563326
131 0.0012277557090025085
150 0.00035621126149020904
171 0.0001368611790876869
175 0.0007507780456123224
180 0.00005682431219851005
186 0.0005050923328198371
192 0.0003242865707429365
216 0.0005587052342654505
217 0.0017219655532997587
263 0.0002338723830583595
277 0.00029895135340986733
283 0.0008358162765125703
288 0.0018241495167386093
311 0.0004887683798320584
360 0.00019339166635443979
379 0.0003438806748054391
401 0.000543302192065155
412 0.0008618815269015273
457 0.0008809066584530799
461 0.0003985861298959538
590 0.0003672140565768559
591 0.00044451570202655086
694 0.0004887683798320584
770 0.0009570950805910472
777 0.003631706828256978
851 0.00008185705212231243
861 0.0004737399020075509
908 0.0003652527497189936
911 0.0016482797464601716
922 0.0008746061772762119
942 0.00043730308863810597
1001 0.00030739717354226806
1068 0.0009775367596641168
1412 0.0010376305223591363
1503 0.0005332529953860384
1529 0.0003818991754555788
1634 0.000549621148441263
1773 0.002499598076045391
1781 0.000846746172956869
1785 0.00030499358548289365
1880 0.0005587052342654505
2042 0.0031995179723162304
2152 0.003459520646811151
2627 0.0005411640668664958
2636 0.0022225785101327544
2923 0.0006534821266696528
3208 0.0006813094475963223
3826 0.0010376305223591363
4807 0.0007031836599018376
5897 0.0007881489921597373
6992 0.000873114324417637
6993 0.000873114324417637
6994 0.000873114324417637