9 0.00017041626586836213
13 0.000025983098867619697
27 0.002362580490674728
33 0.00045324243300160546
34 0.000043438765255019996
36 0.00016592772540399069
38 0.000005801646248097621
39 0.000004633778456304862
40 0.000006004172593355159
41 0.000037132805374361015
42 0.00015433140917806565
43 0.00001236461273776724
44 0.00013635553537529827
51 0.00004686777384075253
63 0.0000037855318677072396
65 0.00003546283794272714
84 0.0017047036977788609
117 0.0004338499289216686
122 0.00036834169965234924
130 0.0008182251257593176
150 0.00035621126149020904
160 0.00018023749427928805
171 0.0001368611790876869
196 0.0010054850049121137
226 0.0012295868141946912
253 0.0002472323099654942
255 0.00017273030805218352
277 0.00009965045113662244
304 0.00026056072380914035
430 0.00022365154352182467
437 0.00032153186911851154
468 0.0009408623929141627
518 0.013069642533393057
520 0.001780856964383699
539 0.00045217938883475555
550 0.00025332444879269114
690 0.0024710861762936792
726 0.0005587052342654505
768 0.003459520646811151
851 0.00008185705212231243
875 0.0003841483956894837
1112 0.0003672140565768559
1117 0.0010665059907720767
1297 0.0027481057422063153
1368 0.0009043587776695111
2103 0.000549621148441263
3368 0.0015762979843194746
4285 0.005169132212492868
5165 0.004830244747499743
6995 0.001746228648835274
6996 0.010477371893011645