9 0.00034083253173672426
13 0.00003247887358452463
16 0.00015091663305076506
26 0.00012343399523364164
29 0.00026649997158873667
34 0.000043438765255019996
38 0.000005801646248097621
39 0.000013901335368914586
40 0.000012008345186710319
41 0.000011139841612308305
42 0.00015433140917806565
43 0.00002885076305479023
44 0.00013635553537529827
45 0.00012982121229608657
46 0.00022928849663361327
47 0.00022570639808232424
49 0.00008324134787818645
51 0.00004686777384075253
55 0.00009700475713476236
56 0.00006477729821638932
57 0.0001250684069607151
63 0.0000037855318677072396
65 0.00001773141897136357
66 0.00009314029848720488
73 0.0003858275493267621
74 0.00030499358548289365
76 0.0008015055921551466
81 0.0012768496430508498
87 0.0001891562677877985
89 0.00009505729945367397
99 0.0003271046043571432
100 0.0004589124519785678
124 0.00009942778247685315
144 0.0005074271160050014
177 0.0007580060230135615
180 0.0001136486243970201
186 0.00025254616640991854
196 0.0003351616683040378
245 0.000181970089392662
247 0.00026056072380914035
255 0.00034546061610436703
263 0.0002338723830583595
277 0.00039860180454648976
411 0.00022304017535425432
491 0.0009332799141683663
492 0.003417214355329174
493 0.00046908078101438134
494 0.00039064417040638865
505 0.0016798480166249088
506 0.0005983661268631681
507 0.00027274170858643915
508 0.0008047533925478269
512 0.00031751252334467103
520 0.0009713765260274722
613 0.0012986763622539982
669 0.0002517877166381117
671 0.0002597352724507996
682 0.0003753890228061612
691 0.0003038092374917516
709 0.00027274170858643915
851 0.00008185705212231243
868 0.0002709256892452844
1012 0.0005685167944117531
1034 0.0017032736189908058
1062 0.00025810086072372616
1115 0.00043730308863810597
1187 0.00035770704084433884
1198 0.00044451570202655086
1390 0.0005587052342654505
2085 0.0003672140565768559
2202 0.00046465581618336337
2203 0.0004603543550640608
2346 0.00044828766312813873
2992 0.00048355146215385347
4169 0.000424038368775366
4355 0.0006758309323565803
4747 0.003807518884194976
5562 0.0007031836599018376
6997 0.001746228648835274
6998 0.000873114324417637