1 0.0001309668193588762
9 0.00006816650634734484
13 0.000006495774716904924
16 0.00007545831652538253
34 0.00008687753051003999
38 0.000005801646248097621
39 0.000013901335368914586
40 0.000006004172593355159
41 0.000007426561074872202
42 0.00010288760611871043
43 0.000037093838213301725
44 0.00013635553537529827
46 0.00027514619596033594
47 0.00027084767769878907
51 0.00004686777384075253
63 0.0000037855318677072396
65 0.00003546283794272714
67 0.00004203784642398019
71 0.00012561808978093188
81 0.002188885102372885
89 0.00009505729945367397
102 0.0007599733463780734
124 0.00009942778247685315
154 0.0013258279239041356
180 0.00005682431219851005
263 0.0002338723830583595
396 0.00038392708921293077
431 0.0011390714517763912
487 0.00043049138832493966
494 0.00019532208520319432
851 0.00008185705212231243
1070 0.0017705075717098697
1290 0.00031109330472278875
1321 0.0003271046043571432
1548 0.0003985861298959538
1621 0.0013015497867650057
5420 0.004327528293507567
7001 0.000873114324417637