0 0.00019243773886705868
1 0.0003929004580766286
2 0.00034546061610436703
5 0.0002365665368606119
6 0.0002400196965770493
7 0.000233207996263883
13 0.000045470423018334476
16 0.00007545831652538253
19 0.00039636970258509594
26 0.0002468679904672833
34 0.00008687753051003999
36 0.00024889158810598606
38 0.000011603292496195242
39 0.000013901335368914586
40 0.00000900625889003274
41 0.000007426561074872202
43 0.00001236461273776724
45 0.0006491060614804328
46 0.0003668615946137812
47 0.00036113023693171874
49 0.0001664826957563729
52 0.00014497369525357328
55 0.00009700475713476236
59 0.002409516634138408
61 0.00017642643923270423
63 0.0000094638296692681
64 0.00018731984297588175
65 0.00001773141897136357
67 0.00008407569284796038
72 0.00017642643923270423
81 0.00036481418372881415
85 0.00024357296170002702
89 0.00009505729945367397
99 0.0003271046043571432
100 0.000611883269304757
107 0.0002049311356991152
115 0.0004119757166161532
118 0.0015131811157401073
123 0.000188234616351904
124 0.0001988555649537063
130 0.0005454834171728783
132 0.0003985861298959538
146 0.000264773477364449
159 0.0003553673428358886
171 0.00041058353726306076
196 0.0001675808341520189
217 0.001291474164974819
223 0.0013335471060796527
225 0.00042093493558288133
226 0.0002049311356991152
227 0.0060824783912092235
243 0.000264773477364449
245 0.000181970089392662
261 0.0002338723830583595
264 0.00042171838115391097
277 0.00029895135340986733
288 0.0006840560687769785
304 0.00026056072380914035
307 0.00045100831818119485
371 0.0004408563537610837
411 0.00044608035070850863
442 0.0003242865707429365
457 0.0005872711056353866
472 0.0006534821266696528
482 0.0006037805934374678
497 0.00035368817101790026
507 0.00027274170858643915
532 0.0018113417803124036
538 0.0002852508106156339
580 0.0004408563537610837
587 0.0004942172352587358
596 0.0008609827766498793
599 0.000618218327643938
671 0.0002597352724507996
703 0.0002862680700927968
776 0.0005121877518304292
826 0.0004272224195725296
847 0.0004737399020075509
885 0.0025383459227966507
1036 0.0003732936031739842
1037 0.0002709256892452844
1064 0.000618218327643938
1162 0.00030263622314802144
1310 0.00036332233087023905
1411 0.0005121877518304292
1586 0.0003775208863403447
1843 0.000393582208037624
1844 0.008109971188278964
1845 0.0014768949178551047
1846 0.000873114324417637
1847 0.0006345864806991627
1848 0.0007031836599018376
1849 0.0006758309323565803
1850 0.000873114324417637
1851 0.000873114324417637
1852 0.000873114324417637
1853 0.000873114324417637
1854 0.0005587052342654505
1855 0.0006037805934374678
1856 0.002619342973252911
1857 0.0007031836599018376
1858 0.0007881489921597373
1859 0.0014063673198036752
1860 0.0006345864806991627
1861 0.0029537898357102094
1862 0.0023644469764792122
1863 0.001746228648835274
1864 0.000873114324417637
1865 0.000873114324417637
1866 0.000873114324417637
1867 0.000873114324417637
1868 0.000873114324417637
1869 0.001746228648835274
1870 0.001746228648835274
1871 0.0007881489921597373
1872 0.0007881489921597373
1873 0.0006037805934374678