9 0.00017041626586836213
13 0.000006495774716904924
16 0.00007545831652538253
30 0.00022182651134558653
34 0.000043438765255019996
37 0.0008390392776386578
38 0.000005801646248097621
39 0.000013901335368914586
40 0.00000900625889003274
41 0.000011139841612308305
42 0.00010288760611871043
43 0.00002885076305479023
44 0.00013635553537529827
46 0.0003210038952870586
47 0.00031598895731525394
51 0.00004686777384075253
55 0.00009700475713476236
57 0.0001250684069607151
63 0.0000037855318677072396
65 0.00001773141897136357
66 0.00009314029848720488
67 0.00004203784642398019
69 0.00023724943034546792
73 0.0003858275493267621
124 0.00009942778247685315
136 0.0002925555540824451
144 0.0003382847440033342
180 0.00005682431219851005
245 0.000181970089392662
263 0.0002338723830583595
310 0.00032453395541518913
494 0.00019532208520319432
669 0.00012589385831905585
851 0.00008185705212231243
1448 0.0009207087101281216
1548 0.0003985861298959538
4204 0.00045619873460859607
4257 0.0003887745697496512
6959 0.0007384474589275524
7002 0.001746228648835274
7003 0.000873114324417637
7004 0.002619342973252911