2 0.00017273030805218352
9 0.00017041626586836213
13 0.000006495774716904924
16 0.00007545831652538253
30 0.00022182651134558653
37 0.0008390392776386578
38 0.000005801646248097621
39 0.000013901335368914586
40 0.00000900625889003274
41 0.000011139841612308305
42 0.00015433140917806565
43 0.00002472922547553448
44 0.00013635553537529827
46 0.0003210038952870586
47 0.00031598895731525394
51 0.00004686777384075253
55 0.00009700475713476236
57 0.0001250684069607151
63 0.0000037855318677072396
65 0.00001773141897136357
66 0.00009314029848720488
67 0.00008407569284796038
73 0.0003858275493267621
124 0.00009942778247685315
180 0.00005682431219851005
245 0.000181970089392662
263 0.0002338723830583595
310 0.00032453395541518913
669 0.00012589385831905585
790 0.0004887683798320584
851 0.00008185705212231243
1395 0.0001739500102896398
1448 0.0004603543550640608
1788 0.0004120699366150429
2121 0.0007031836599018376
3092 0.0004338499289216686
7005 0.000873114324417637
7006 0.000873114324417637
7007 0.001746228648835274
7008 0.000873114324417637