9 0.00013633301269468968
13 0.00003897464830142955
16 0.00007545831652538253
19 0.0002642464683900639
21 0.0001430533573344265
38 0.000023206584992390484
39 0.000004633778456304862
40 0.000006004172593355159
41 0.000011139841612308305
43 0.000008243075158511493
49 0.000041620673939093223
51 0.00004686777384075253
63 0.00001135659560312172
65 0.00003546283794272714
67 0.00004203784642398019
72 0.0008821321961635212
73 0.00019291377466338104
76 0.0008015055921551466
104 0.00016413845014333722
105 0.0006629139619520678
106 0.000505900267840781
134 0.0003672140565768559
146 0.000264773477364449
177 0.0004548036138081369
179 0.0006172337515594486
180 0.00005682431219851005
253 0.0002472323099654942
278 0.0003775208863403447
310 0.00016226697770759457
411 0.00044608035070850863
496 0.0002464916487181342
520 0.00016189608767124534
708 0.00035955036976865123
851 0.0004092852606115622
1037 0.0002709256892452844
1073 0.0009293116323667267
1325 0.0015617526845401444
1395 0.0001739500102896398
1586 0.0003775208863403447
2881 0.0036922372946377622
3208 0.00034065472379816113
4257 0.0003887745697496512
5021 0.0006758309323565803
7009 0.000873114324417637