9 0.00013633301269468968
13 0.000019487324150714776
16 0.00015091663305076506
34 0.00017375506102007999
36 0.00016592772540399069
38 0.000011603292496195242
39 0.000027802670737829172
40 0.000015010431483387899
41 0.000018566402687180508
43 0.000020607687896278735
49 0.000041620673939093223
51 0.00004686777384075253
56 0.00012955459643277864
63 0.00000567829780156086
65 0.00007092567588545428
66 0.00027942089546161464
67 0.00012611353927194057
73 0.00019291377466338104
76 0.00120225838823272
81 0.0007296283674576283
86 0.0004408563537610837
102 0.00025332444879269114
107 0.0002049311356991152
122 0.00018417084982617462
125 0.0002682511308492756
136 0.0002925555540824451
150 0.00035621126149020904
151 0.0006719392066499634
162 0.0004149542829511784
171 0.0002737223581753738
180 0.00005682431219851005
196 0.0001675808341520189
197 0.0002904236905482616
247 0.00026056072380914035
261 0.0007016171491750785
264 0.00021085919057695548
286 0.0001987752449196317
287 0.0007743025821711785
288 0.00022801868959232616
310 0.0009736018662455675
347 0.0002479774737404859
360 0.00019339166635443979
375 0.00025891534254753946
391 0.0013870153556247917
410 0.0005685167944117531
465 0.000618218327643938
475 0.002576412630835172
492 0.0026578333874782466
494 0.00019532208520319432
497 0.00017684408550895013
508 0.0005365022616985512
512 0.0006350250466893421
520 0.0003237921753424907
573 0.0001652752038556845
670 0.0003329428059983855
753 0.0002783569986123394
815 0.0009474798040151018
850 0.003168469095845507
851 0.00016371410424462487
875 0.0007682967913789674
1093 0.00036920725599727517
1112 0.0007344281131537118
1162 0.00030263622314802144
1188 0.0005587052342654505
1239 0.0015762979843194746
1280 0.000977062468721929
1383 0.0005685167944117531
1395 0.0003479000205792796
1397 0.0005605748349221879
1936 0.0013516618647131605
2085 0.0003672140565768559
2203 0.0004603543550640608
3259 0.0006037805934374678
4192 0.0005258216860189834
4205 0.0005188152611795682
4271 0.0006758309323565803
4769 0.0007881489921597373
5123 0.0007031836599018376
7011 0.001746228648835274
7012 0.000873114324417637
7013 0.000873114324417637
7014 0.000873114324417637
7015 0.000873114324417637
7016 0.000873114324417637