9 0.00020449951904203455
13 0.000006495774716904924
19 0.00013212323419503196
33 0.00011331060825040136
38 0.000008702469372146433
39 0.000004633778456304862
40 0.000006004172593355159
41 0.000007426561074872202
43 0.00001236461273776724
45 0.00012982121229608657
51 0.00009373554768150506
63 0.00000567829780156086
65 0.00001773141897136357
67 0.00004203784642398019
72 0.00035285287846540845
76 0.0001335842653591911
85 0.00024357296170002702
104 0.00016413845014333722
124 0.00009942778247685315
136 0.0002925555540824451
146 0.000264773477364449
261 0.000467744766116719
289 0.0003712334023506965
401 0.00018110073068838497
851 0.00016371410424462487
1172 0.0004887683798320584
1395 0.0001739500102896398
1781 0.00028224872431895635
2640 0.0008746061772762119
4192 0.0005258216860189834
4205 0.0005188152611795682
5517 0.0007031836599018376
7017 0.000873114324417637
7018 0.0007031836599018376