2 0.00017273030805218352
13 0.000012991549433809848
16 0.00007545831652538253
17 0.002075640334394609
18 0.0023724943034546795
23 0.0038763177230695454
33 0.00011331060825040136
34 0.00008687753051003999
36 0.00004148193135099767
38 0.000005801646248097621
39 0.000032436449194134037
40 0.00000900625889003274
41 0.000011139841612308305
42 0.000051443803059355216
43 0.000004121537579255747
44 0.00040906660612589484
46 0.00027514619596033594
47 0.00027084767769878907
51 0.00009373554768150506
56 0.00006477729821638932
57 0.0001250684069607151
63 0.0000037855318677072396
65 0.00007092567588545428
67 0.00008407569284796038
69 0.00047449886069093585
84 0.0002130879622223576
89 0.00019011459890734794
95 0.0008544448391450592
103 0.00045217938883475555
104 0.00016413845014333722
113 0.0007793343860306737
114 0.0004228251917335939
183 0.0002081290317624025
185 0.0010625347393958431
193 0.0002936355528176933
253 0.0002472323099654942
259 0.0012945767127376974
265 0.0024724196196902574
277 0.00029895135340986733
298 0.0005908656000986806
360 0.00019339166635443979
363 0.00036332233087023905
375 0.0007767460276426184
391 0.0005548061422499166
416 0.0040442129613962536
449 0.001291474164974819
496 0.0002464916487181342
520 0.0003237921753424907
538 0.0002852508106156339
550 0.00025332444879269114
576 0.0003086168757797243
613 0.0015584116347047976
666 0.00032568748957397626
669 0.00012589385831905585
741 0.0010570132691406192
772 0.0002597352724507996
803 0.0002597352724507996
810 0.00043730308863810597
851 0.000040928526061156217
1028 0.0003541015143419739
1029 0.00023724943034546792
1034 0.0013626188951926445
1263 0.0005188152611795682
1264 0.00046465581618336337
1608 0.0005908656000986806
2497 0.000848076737550732
3226 0.0005188152611795682
3301 0.0022153423767826575
3956 0.0005685167944117531
4446 0.0007031836599018376
5248 0.002027492797069741
5798 0.006534821266696528
6311 0.0007881489921597373
7022 0.006984914595341096
7023 0.000873114324417637
7024 0.000873114324417637
7025 0.000873114324417637
7026 0.000873114324417637
7027 0.000873114324417637