13 0.00003247887358452463
17 0.0005660837275621661
18 0.00047449886069093585
22 0.00040252076674493167
23 0.0009120747583693047
33 0.00033993182475120415
36 0.00016592772540399069
38 0.000005801646248097621
39 0.00006023911993196321
40 0.000006004172593355159
41 0.000007426561074872202
43 0.000008243075158511493
44 0.00013635553537529827
46 0.0003668615946137812
47 0.00031598895731525394
49 0.000041620673939093223
51 0.00004686777384075253
63 0.0000037855318677072396
65 0.00005319425691409072
66 0.00027942089546161464
67 0.00033630277139184154
68 0.0002914849877710017
69 0.00023724943034546792
71 0.00025123617956186376
114 0.00021141259586679695
150 0.00035621126149020904
160 0.0003604749885585761
165 0.00045100831818119485
180 0.00017047293659553015
193 0.0002936355528176933
198 0.0004691137279473833
251 0.0006600847596749821
255 0.00017273030805218352
263 0.0007016171491750785
277 0.00019930090227324488
279 0.0006878866991489774
282 0.005728487631833682
291 0.005442843976495118
304 0.00026056072380914035
311 0.0004887683798320584
320 0.00029472515166756405
327 0.0003960586369806884
347 0.0007439324212214578
357 0.0006877613496108782
360 0.0007735666654177591
437 0.0012861274764740462
464 0.000787164416075248
498 0.0003558910215031841
538 0.0005705016212312678
576 0.000925850627339173
607 0.008785802120635544
633 0.00040649720137641123
671 0.0002597352724507996
759 0.00035770704084433884
779 0.00030263622314802144
832 0.00048355146215385347
851 0.00008185705212231243
866 0.0004272224195725296
946 0.008613855725319426
951 0.000549621148441263
1029 0.00023724943034546792
1037 0.0002709256892452844
1063 0.0010376305223591363
1154 0.002772410458864819
1195 0.0007384474589275524
1330 0.0003960586369806884
1389 0.00886136950713063
1472 0.00043730308863810597
1796 0.0006037805934374678
2063 0.00040116683707882124
2155 0.002901308772923121
2447 0.0003985861298959538
2654 0.0004785475402955236
3022 0.000499919615209078
3601 0.0011016421697305678
3869 0.003515918299509189
3994 0.0013069642533393056
4247 0.003920892760017917
4835 0.0014063673198036752
4838 0.017579591497545944
5919 0.0007384474589275524
6340 0.0007031836599018376
7028 0.0007881489921597373
7029 0.000873114324417637