2 0.00034546061610436703
13 0.000006495774716904924
14 0.0010101846656396741
15 0.001538927730232886
16 0.00007545831652538253
17 0.0018869457585405536
18 0.0018979954427637434
21 0.000572213429337706
23 0.0009120747583693047
33 0.00022662121650080273
34 0.00008687753051003999
36 0.00004148193135099767
38 0.000005801646248097621
39 0.000018535113825219447
40 0.000012008345186710319
41 0.000011139841612308305
43 0.000004121537579255747
44 0.00027271107075059654
46 0.0003668615946137812
47 0.00040627151654818366
49 0.00008324134787818645
51 0.00009373554768150506
55 0.00009700475713476236
56 0.00006477729821638932
57 0.0001250684069607151
63 0.0000037855318677072396
65 0.00005319425691409072
66 0.00009314029848720488
67 0.00008407569284796038
69 0.00023724943034546792
70 0.00035233775638020634
89 0.00019011459890734794
102 0.0005066488975853823
103 0.00045217938883475555
104 0.0016413845014333725
113 0.00033400045115600295
114 0.00021141259586679695
185 0.0010625347393958431
193 0.0005872711056353866
196 0.0011730658390641327
225 0.0008418698711657627
230 0.0005916490456697102
251 0.00022002825322499402
253 0.0002472323099654942
259 0.00025891534254753946
277 0.00019930090227324488
288 0.003192261654292567
307 0.00045100831818119485
360 0.00019339166635443979
363 0.00036332233087023905
375 0.00025891534254753946
391 0.0005548061422499166
449 0.00043049138832493966
457 0.0020554488697238534
493 0.0009381615620287627
494 0.000585966255609583
496 0.0004929832974362684
550 0.00025332444879269114
554 0.0007971722597919076
572 0.0006781460730349327
613 0.0002597352724507996
642 0.0011663237092489538
645 0.0005908656000986806
669 0.00012589385831905585
703 0.0002862680700927968
741 0.00035233775638020634
753 0.0005567139972246788
803 0.0010389410898031983
851 0.000040928526061156217
866 0.0004272224195725296
980 0.0010899669926107173
993 0.00043049138832493966
1029 0.00023724943034546792
1153 0.0004120699366150429
1949 0.0004691137279473833
2026 0.008036838259371194
2063 0.0008023336741576425
2497 0.000848076737550732
3437 0.0013069642533393056
3956 0.0011370335888235062
4535 0.0006758309323565803
6901 0.0007881489921597373
7030 0.000873114324417637
7031 0.000873114324417637
7032 0.000873114324417637