13 0.000012991549433809848
16 0.00015091663305076506
20 0.0002464916487181342
23 0.00022801868959232616
28 0.0010132977951707645
36 0.00008296386270199534
38 0.000008702469372146433
39 0.000013901335368914586
40 0.000012008345186710319
41 0.000014853122149744404
42 0.000051443803059355216
43 0.00001236461273776724
46 0.00013757309798016797
47 0.00022570639808232424
52 0.00028994739050714656
56 0.00006477729821638932
58 0.0013729251875537582
59 0.0010039652642243367
61 0.00035285287846540845
63 0.00000567829780156086
64 0.00018731984297588175
65 0.00001773141897136357
66 0.00009314029848720488
67 0.00004203784642398019
76 0.0001335842653591911
82 0.0005664825455324013
89 0.00009505729945367397
100 0.00015297081732618925
104 0.00016413845014333722
105 0.0009943709429281018
113 0.00011133348371866765
118 0.0006052724462960429
122 0.00018417084982617462
123 0.000188234616351904
138 0.0007550417726806894
150 0.00017810563074510452
160 0.00018023749427928805
165 0.00022550415909059743
171 0.0002737223581753738
180 0.00005682431219851005
186 0.00025254616640991854
206 0.00044451570202655086
210 0.0006403547810939524
277 0.00009965045113662244
282 0.0003818991754555788
292 0.0002914849877710017
293 0.0003285382939579267
310 0.00032453395541518913
413 0.00024142866684252312
416 0.00031109330472278875
494 0.000585966255609583
573 0.000330550407711369
594 0.0003438806748054391
616 0.0007881489921597373
618 0.0007881489921597373
624 0.0004887683798320584
641 0.001574328832150496
642 0.0003887745697496512
667 0.00045619873460859607
717 0.000393582208037624
726 0.0005587052342654505
766 0.0004785475402955236
788 0.0004149542829511784
803 0.0002597352724507996
864 0.000549621148441263
1081 0.000549621148441263
1301 0.0014826517057762074
1304 0.0006037805934374678
1312 0.000618218327643938
1358 0.0004942172352587358
1440 0.000618218327643938
1874 0.0007384474589275524
1875 0.000873114324417637
1876 0.0019604463800089586
1877 0.0007384474589275524
1878 0.0003841483956894837
1879 0.0007881489921597373
1880 0.0005587052342654505
1881 0.000873114324417637
1882 0.0006758309323565803
1883 0.0007384474589275524
1884 0.0007881489921597373
1885 0.0007031836599018376
1886 0.0014356426208865709
1887 0.000873114324417637