9 0.00010224975952101728
13 0.000025983098867619697
16 0.00007545831652538253
18 0.00047449886069093585
22 0.0005366943556599089
36 0.00012444579405299303
38 0.000005801646248097621
39 0.000009267556912609724
40 0.00000900625889003274
41 0.000007426561074872202
43 0.00002472922547553448
44 0.00027271107075059654
46 0.0001834307973068906
47 0.00013542383884939454
49 0.000041620673939093223
51 0.00004686777384075253
55 0.00009700475713476236
63 0.0000037855318677072396
65 0.00003546283794272714
89 0.00009505729945367397
97 0.00023454039050719067
146 0.000264773477364449
177 0.00015160120460271228
180 0.00005682431219851005
245 0.000181970089392662
253 0.0002472323099654942
277 0.00019930090227324488
324 0.0011261670684184837
401 0.0007244029227535399
689 0.00043049138832493966
780 0.0003775208863403447
851 0.00008185705212231243
1037 0.0002709256892452844
1396 0.00036920725599727517
1713 0.0004120699366150429
1993 0.004430684753565315
4236 0.0004942172352587358
7033 0.000873114324417637