9 0.00010224975952101728
13 0.00003247887358452463
20 0.00172544154102694
22 0.00040252076674493167
26 0.00012343399523364164
27 0.004387649482681636
34 0.00008687753051003999
36 0.00004148193135099767
38 0.00002030576186834168
39 0.000009267556912609724
40 0.000006004172593355159
41 0.000007426561074872202
43 0.000016486150317022987
49 0.000041620673939093223
51 0.00004686777384075253
61 0.0007057057569308169
63 0.00001324936153697534
64 0.000749279371903527
65 0.00001773141897136357
66 0.00018628059697440975
67 0.00004203784642398019
69 0.00023724943034546792
71 0.00012561808978093188
105 0.0003314569809760339
113 0.00011133348371866765
134 0.0003672140565768559
138 0.0018876044317017236
180 0.00005682431219851005
267 0.0002783569986123394
277 0.00019930090227324488
377 0.0003188377153162591
396 0.0005758906338193962
411 0.00044608035070850863
445 0.00023123617256302196
467 0.00034552605606704003
493 0.000703621171521572
497 0.00017684408550895013
520 0.0014570647890412083
538 0.0002852508106156339
622 0.0007823096410577976
696 0.0006534821266696528
851 0.0004911423127338746
875 0.0003841483956894837
888 0.000505900267840781
1089 0.0006758309323565803
1271 0.0003652527497189936
1290 0.00031109330472278875
1341 0.0006534821266696528
1363 0.0006345864806991627
1368 0.0009043587776695111
2395 0.0007384474589275524
2605 0.0005908656000986806
4533 0.0006037805934374678
4560 0.0012691729613983254
5801 0.0007031836599018376
5853 0.0007031836599018376
5864 0.0014768949178551047
7034 0.000873114324417637
7035 0.0014063673198036752
7036 0.013969829190682192
7037 0.001746228648835274
7038 0.000873114324417637