9 0.00017041626586836213
13 0.000006495774716904924
15 0.0002564879550388143
22 0.0010733887113198177
26 0.00012343399523364164
38 0.000014504115620244055
39 0.000009267556912609724
40 0.00000900625889003274
41 0.000007426561074872202
43 0.00001236461273776724
45 0.0005192848491843463
47 0.00004514127961646484
49 0.00008324134787818645
56 0.00012955459643277864
61 0.0005292793176981127
63 0.00001324936153697534
64 0.0005619595289276453
65 0.00001773141897136357
67 0.00016815138569592077
71 0.00012561808978093188
84 0.0004261759244447152
89 0.00019011459890734794
102 0.00025332444879269114
104 0.0018055229515767097
105 0.0003314569809760339
107 0.0006147934070973456
114 0.0004228251917335939
130 0.0005454834171728783
140 0.0009207087101281216
160 0.00018023749427928805
180 0.00005682431219851005
196 0.0010054850049121137
243 0.000529546954728898
261 0.0002338723830583595
277 0.00019930090227324488
279 0.00022929556638299245
286 0.0009938762245981585
288 0.0015961308271462834
340 0.0005587052342654505
357 0.0006877613496108782
389 0.00044451570202655086
393 0.0006781460730349327
411 0.00044608035070850863
455 0.00041790813825628515
537 0.0003960586369806884
538 0.0002852508106156339
550 0.00025332444879269114
551 0.0002832412727662006
556 0.0015177008035223431
569 0.00042093493558288133
589 0.0004737399020075509
646 0.0003712334023506965
669 0.00012589385831905585
851 0.00032742820848924973
893 0.0003775208863403447
917 0.0006534821266696528
1082 0.0008746061772762119
1143 0.0011583651350332708
1162 0.0006052724462960429
1208 0.0007082030286839478
1396 0.0007384145119945503
1397 0.00028028741746109395
1650 0.00041790813825628515
1753 0.0008746061772762119
1785 0.00030499358548289365
1859 0.004219101959411027
2323 0.0006758309323565803
2794 0.0017055503832352594
3386 0.0029543280004934035
3470 0.000499919615209078
3485 0.0006345864806991627
3601 0.0018360702828842798
3609 0.0018546549829318141
3719 0.0008544448391450592
3826 0.0020752610447182726
3895 0.000549621148441263
4236 0.0014826517057762074
5510 0.0031525959686389492
5625 0.004054985594139482
6087 0.0006037805934374678
6556 0.011076711883913288
6945 0.0015762979843194746
7059 0.00873114324417637
7060 0.002619342973252911
7061 0.000873114324417637
7062 0.000873114324417637
7063 0.001746228648835274