9 0.00020449951904203455
13 0.00006495774716904926
16 0.00007545831652538253
20 0.0002464916487181342
21 0.000286106714668853
22 0.0001341735889149772
34 0.00008687753051003999
36 0.00004148193135099767
38 0.000014504115620244055
39 0.000009267556912609724
40 0.000012008345186710319
41 0.00002227968322461661
43 0.000016486150317022987
45 0.00012982121229608657
49 0.00008324134787818645
52 0.00014497369525357328
61 0.0005292793176981127
63 0.00001703489340468258
65 0.00001773141897136357
67 0.00008407569284796038
71 0.00012561808978093188
76 0.0001335842653591911
120 0.0006345864806991627
135 0.0005961065889605145
144 0.0006765694880066684
180 0.00005682431219851005
183 0.0002081290317624025
245 0.000181970089392662
247 0.00026056072380914035
255 0.00034546061610436703
261 0.0002338723830583595
264 0.00021085919057695548
267 0.0002783569986123394
307 0.00045100831818119485
316 0.0005411640668664958
445 0.00023123617256302196
467 0.00034552605606704003
497 0.00017684408550895013
551 0.0002832412727662006
573 0.0001652752038556845
669 0.00012589385831905585
698 0.00044451570202655086
716 0.0003136207976380542
750 0.0006688937249145976
851 0.00032742820848924973
902 0.0003753890228061612
915 0.00032290148184198857
1117 0.0005332529953860384
1210 0.005028347108389055
1322 0.0004737399020075509
1328 0.0035410151434197394
1388 0.0003753890228061612
1395 0.0003479000205792796
1403 0.0006910521121340801
1529 0.0007637983509111575
2378 0.0012012933680496083
2454 0.0007031836599018376
3033 0.0014212197060226527
5252 0.0007881489921597373
5572 0.0007881489921597373
7064 0.000873114324417637
7065 0.000873114324417637
7066 0.000873114324417637
7067 0.000873114324417637
7068 0.000873114324417637