9 0.00017041626586836213
13 0.000006495774716904924
16 0.00007545831652538253
19 0.00013212323419503196
34 0.000043438765255019996
36 0.00004148193135099767
38 0.000005801646248097621
39 0.000013901335368914586
40 0.000012008345186710319
41 0.000014853122149744404
42 0.000051443803059355216
43 0.000020607687896278735
44 0.00020453330306294742
46 0.0003668615946137812
47 0.00036113023693171874
49 0.00012486202181727967
56 0.00006477729821638932
63 0.00000567829780156086
65 0.00001773141897136357
66 0.00009314029848720488
67 0.00008407569284796038
71 0.00012561808978093188
73 0.00019291377466338104
81 0.0009120354593220354
88 0.00024872719512041187
113 0.0002226669674373353
135 0.00029805329448025724
144 0.0001691423720016671
183 0.0006243870952872076
185 0.0002656336848489608
247 0.00026056072380914035
261 0.0002338723830583595
264 0.0006325775717308665
316 0.0005411640668664958
368 0.00018686500362842702
467 0.00034552605606704003
497 0.00017684408550895013
750 0.0006688937249145976
851 0.00008185705212231243
1062 0.0007743025821711785
1395 0.0001739500102896398
1618 0.00040380304757415875
1830 0.001999678460836312
2007 0.0004408563537610837
2009 0.0006037805934374678
2378 0.0003003233420124021
4192 0.0005258216860189834
7069 0.000873114324417637
7070 0.000873114324417637
7071 0.0007031836599018376
7072 0.000873114324417637
7073 0.005238685946505822