9 0.00020449951904203455
13 0.00005196619773523939
22 0.0002683471778299544
30 0.00044365302269117307
34 0.00008687753051003999
36 0.0002074096567549884
37 0.0006292794582289934
38 0.000005801646248097621
39 0.000018535113825219447
40 0.00000900625889003274
41 0.000011139841612308305
42 0.000051443803059355216
43 0.00001236461273776724
44 0.00020453330306294742
46 0.0003210038952870586
47 0.00031598895731525394
49 0.00012486202181727967
56 0.00006477729821638932
59 0.0018071374756038062
63 0.00000567829780156086
65 0.00001773141897136357
67 0.00004203784642398019
68 0.0002914849877710017
71 0.00025123617956186376
84 0.0002130879622223576
104 0.00016413845014333722
105 0.0003314569809760339
113 0.00033400045115600295
125 0.0002682511308492756
139 0.00028224872431895635
144 0.0010148542320100027
160 0.00018023749427928805
171 0.0001368611790876869
180 0.0001136486243970201
210 0.0003201773905469762
225 0.00042093493558288133
245 0.000181970089392662
251 0.00022002825322499402
255 0.00017273030805218352
261 0.0007016171491750785
283 0.002089540691281426
286 0.0005963257347588951
287 0.00025810086072372616
310 0.00016226697770759457
348 0.0004272224195725296
401 0.00036220146137676994
431 0.00037969048392546374
497 0.00035368817101790026
507 0.0008182251257593176
520 0.00016189608767124534
537 0.0003960586369806884
548 0.0005791825675166354
576 0.0003086168757797243
613 0.0002597352724507996
646 0.0003712334023506965
666 0.00032568748957397626
669 0.00012589385831905585
717 0.001180746624112872
747 0.0010376305223591363
748 0.0006037805934374678
750 0.0003344468624572988
851 0.00008185705212231243
862 0.0011817312001973612
863 0.00036920725599727517
902 0.0003753890228061612
927 0.000549621148441263
942 0.00043730308863810597
1035 0.0005908656000986806
1082 0.00043730308863810597
1208 0.0003541015143419739
1519 0.00046465581618336337
1551 0.0025609387591521465
1662 0.0005587052342654505
1785 0.0006099871709657873
1830 0.000999839230418156
2045 0.0007881489921597373
2992 0.0014506543864615605
3033 0.0018949596080302035
3502 0.00036332233087023905
3717 0.00048355146215385347
3719 0.0004272224195725296
3867 0.0007031836599018376
5048 0.0007881489921597373
5963 0.0007384474589275524
6088 0.0007384474589275524
7074 0.014842943515099832