9 0.0003749157849103967
13 0.00003247887358452463
21 0.000286106714668853
22 0.0001341735889149772
35 0.0003887745697496512
36 0.00016592772540399069
38 0.000005801646248097621
39 0.000013901335368914586
40 0.000012008345186710319
41 0.000011139841612308305
42 0.00015433140917806565
43 0.000016486150317022987
44 0.00020453330306294742
46 0.0004127192939405039
47 0.00040627151654818366
49 0.00008324134787818645
51 0.0001406033215222576
55 0.00009700475713476236
56 0.00019433189464916796
57 0.0001250684069607151
63 0.0000037855318677072396
64 0.000749279371903527
65 0.00001773141897136357
67 0.00004203784642398019
69 0.00023724943034546792
71 0.00025123617956186376
102 0.0005066488975853823
104 0.0004924153504300117
107 0.0002049311356991152
113 0.00033400045115600295
124 0.00009942778247685315
135 0.001192213177921029
138 0.002265125318042068
180 0.00005682431219851005
204 0.0005258216860189834
226 0.0004098622713982304
261 0.0007016171491750785
277 0.00009965045113662244
296 0.0004887683798320584
307 0.00022550415909059743
310 0.00032453395541518913
316 0.0016234922005994874
320 0.00029472515166756405
360 0.00019339166635443979
376 0.00034065472379816113
377 0.0003188377153162591
392 0.0002969338431976791
401 0.00036220146137676994
427 0.0017780628081062034
550 0.00025332444879269114
587 0.0004942172352587358
643 0.000505900267840781
669 0.0002517877166381117
671 0.0002597352724507996
685 0.0005908656000986806
746 0.0003672140565768559
802 0.003920892760017917
851 0.00008185705212231243
905 0.0009884344705174716
1781 0.0005644974486379127
1843 0.000393582208037624
2378 0.0003003233420124021
2585 0.002703323729426321
2653 0.0014063673198036752
2660 0.0006758309323565803
3182 0.014974830851035011
3201 0.0005411640668664958
3971 0.0007384474589275524
5145 0.04571264154526477
6391 0.005625469279214701
7075 0.003492457297670548
7076 0.009604257568594007
7077 0.0006758309323565803
7078 0.000873114324417637
7079 0.000873114324417637
7080 0.005238685946505822
7081 0.000873114324417637
7082 0.000873114324417637
7083 0.000873114324417637