9 0.00013633301269468968
13 0.000012991549433809848
16 0.00007545831652538253
17 0.0022643349102486644
18 0.0016607460124182759
19 0.0002642464683900639
23 0.002280186895923262
33 0.00011331060825040136
36 0.00012444579405299303
38 0.000005801646248097621
39 0.000013901335368914586
40 0.00000900625889003274
41 0.000014853122149744404
42 0.000051443803059355216
43 0.000008243075158511493
44 0.00020453330306294742
46 0.0004127192939405039
47 0.00040627151654818366
49 0.000041620673939093223
56 0.00012955459643277864
63 0.00000567829780156086
65 0.00003546283794272714
66 0.0003725611939488195
67 0.00008407569284796038
69 0.00023724943034546792
71 0.00012561808978093188
104 0.00016413845014333722
139 0.00028224872431895635
144 0.001522281348015004
150 0.00035621126149020904
171 0.0001368611790876869
176 0.0006750229973356363
180 0.00005682431219851005
243 0.000264773477364449
255 0.00017273030805218352
259 0.0005178306850950789
276 0.0010665059907720767
278 0.002265125318042068
307 0.00022550415909059743
360 0.00019339166635443979
449 0.0008609827766498793
467 0.00034552605606704003
493 0.00023454039050719067
494 0.0007812883408127773
497 0.001237908598562651
498 0.0003558910215031841
520 0.00016189608767124534
550 0.00025332444879269114
555 0.0002457554359134993
572 0.00033907303651746636
576 0.0003086168757797243
613 0.0002597352724507996
646 0.000742466804701393
669 0.00012589385831905585
691 0.0003038092374917516
741 0.0007046755127604127
753 0.0002783569986123394
851 0.000040928526061156217
898 0.0003014743275909555
1029 0.0007117482910364039
1321 0.0003271046043571432
1325 0.0006247010738160577
1524 0.0005791825675166354
1603 0.0020058341853941065
2129 0.0005188152611795682
3033 0.0004737399020075509
4248 0.0007031836599018376
7084 0.000873114324417637
7085 0.000873114324417637
7086 0.000873114324417637
7087 0.000873114324417637
7088 0.000873114324417637
7089 0.000873114324417637
7090 0.000873114324417637
7091 0.000873114324417637
7092 0.000873114324417637
7093 0.000873114324417637
7094 0.000873114324417637
7095 0.000873114324417637