0 0.00019243773886705868
1 0.0002619336387177524
2 0.00017273030805218352
5 0.0002365665368606119
6 0.0002400196965770493
7 0.000233207996263883
8 0.00028224872431895635
13 0.000045470423018334476
16 0.00007545831652538253
28 0.0005066488975853823
33 0.00022662121650080273
34 0.00008687753051003999
36 0.00016592772540399069
38 0.000011603292496195242
39 0.000009267556912609724
40 0.000015010431483387899
41 0.000018566402687180508
42 0.00020577521223742086
43 0.00002472922547553448
45 0.00012982121229608657
46 0.00027514619596033594
47 0.00018056511846585937
49 0.000041620673939093223
51 0.0001406033215222576
52 0.00014497369525357328
61 0.00035285287846540845
63 0.0000018927659338536198
67 0.00004203784642398019
72 0.0012349850746289296
81 0.00018240709186440708
82 0.0002832412727662006
99 0.0003271046043571432
100 0.00015297081732618925
110 0.000505900267840781
113 0.0002226669674373353
154 0.0006629139619520678
158 0.0008527257712181266
159 0.0001776836714179443
161 0.0004887683798320584
162 0.0004149542829511784
171 0.0001368611790876869
180 0.00005682431219851005
192 0.0003242865707429365
197 0.0002904236905482616
210 0.0006403547810939524
225 0.00042093493558288133
243 0.000264773477364449
255 0.00017273030805218352
277 0.00019930090227324488
315 0.0004785475402955236
338 0.000549621148441263
347 0.0004959549474809718
360 0.00019339166635443979
375 0.00025891534254753946
412 0.00028729384230050906
413 0.00024142866684252312
439 0.0013258279239041356
624 0.0004887683798320584
746 0.0003672140565768559
779 0.00030263622314802144
866 0.0004272224195725296
879 0.0005916490456697102
927 0.000549621148441263
1022 0.0007881489921597373
1029 0.00023724943034546792
1063 0.0010376305223591363
1156 0.0031128915670774093
1157 0.003545193600592084
1240 0.0005908656000986806
1340 0.0006345864806991627
1421 0.0006758309323565803
1510 0.0006345864806991627
1545 0.0004737399020075509
1701 0.000505900267840781
1843 0.000393582208037624
1888 0.002619342973252911
1889 0.0006345864806991627
1890 0.0006037805934374678
1891 0.000873114324417637
1892 0.0005258216860189834
1893 0.000618218327643938
1894 0.001648863445323789
1895 0.0007384474589275524
1896 0.000873114324417637
1897 0.0007031836599018376
1898 0.0006345864806991627
1899 0.000873114324417637
1900 0.0006345864806991627
1901 0.0006758309323565803
1902 0.000873114324417637
1903 0.0007881489921597373
1904 0.000873114324417637
1905 0.0005685167944117531
1906 0.000873114324417637