9 0.00010224975952101728
13 0.00003247887358452463
16 0.00015091663305076506
30 0.0006654795340367597
33 0.00011331060825040136
34 0.00008687753051003999
36 0.00004148193135099767
38 0.000005801646248097621
39 0.000009267556912609724
40 0.00001801251778006548
41 0.000011139841612308305
42 0.000051443803059355216
43 0.000020607687896278735
44 0.00020453330306294742
46 0.00027514619596033594
47 0.00027084767769878907
49 0.00008324134787818645
51 0.00004686777384075253
63 0.000007571063735414479
65 0.00001773141897136357
68 0.0005829699755420034
89 0.00009505729945367397
102 0.00025332444879269114
113 0.00011133348371866765
114 0.00021141259586679695
122 0.00018417084982617462
124 0.00009942778247685315
130 0.00027274170858643915
144 0.0005074271160050014
175 0.0011261670684184837
177 0.00030320240920542457
186 0.00025254616640991854
255 0.00034546061610436703
264 0.00021085919057695548
289 0.0003712334023506965
307 0.00022550415909059743
367 0.0005347448482446134
399 0.0002969338431976791
411 0.00044608035070850863
413 0.00024142866684252312
430 0.00022365154352182467
452 0.0002764565099464942
486 0.00043730308863810597
491 0.0015554665236139438
497 0.00017684408550895013
505 0.0006719392066499634
506 0.0005983661268631681
507 0.0005454834171728783
508 0.0005365022616985512
512 0.0006350250466893421
573 0.0001652752038556845
652 0.0004737399020075509
669 0.00012589385831905585
691 0.0015190461874587584
709 0.0030001587944508312
803 0.0002597352724507996
851 0.00008185705212231243
1172 0.0004887683798320584
1187 0.00035770704084433884
1398 0.001615212190296635
2346 0.00044828766312813873
3502 0.00036332233087023905
4169 0.000424038368775366
4170 0.0005791825675166354
4383 0.0006345864806991627
7096 0.000873114324417637
7097 0.000873114324417637
7098 0.000873114324417637