9 0.00006816650634734484
13 0.00003247887358452463
14 0.00025254616640991854
15 0.0002564879550388143
16 0.00007545831652538253
19 0.00013212323419503196
21 0.0001430533573344265
33 0.00011331060825040136
34 0.00013031629576506
36 0.00012444579405299303
38 0.000005801646248097621
39 0.00002316889228152431
40 0.000015010431483387899
41 0.000018566402687180508
42 0.000051443803059355216
43 0.000020607687896278735
44 0.00020453330306294742
46 0.0003210038952870586
47 0.00031598895731525394
49 0.000041620673939093223
55 0.00009700475713476236
56 0.00006477729821638932
57 0.0001250684069607151
63 0.00000567829780156086
65 0.00001773141897136357
67 0.00012611353927194057
68 0.0002914849877710017
73 0.0005787413239901431
76 0.0006679213267959556
81 0.0032833276535593277
87 0.002837344016816978
95 0.0004272224195725296
100 0.00015297081732618925
102 0.00025332444879269114
104 0.00016413845014333722
113 0.0002226669674373353
122 0.00018417084982617462
124 0.00009942778247685315
134 0.0003672140565768559
144 0.0008457118600083356
150 0.00035621126149020904
177 0.0007580060230135615
180 0.00005682431219851005
226 0.0006147934070973456
245 0.000363940178785324
247 0.0015633643428548424
263 0.000467744766116719
277 0.0008968540602296021
287 0.00025810086072372616
288 0.002052168206330936
296 0.0004887683798320584
315 0.0004785475402955236
360 0.00019339166635443979
368 0.00018686500362842702
401 0.00018110073068838497
412 0.00028729384230050906
452 0.0002764565099464942
622 0.0003911548205288988
669 0.00012589385831905585
691 0.0006076184749835032
708 0.00035955036976865123
743 0.001999678460836312
851 0.00008185705212231243
868 0.0002709256892452844
993 0.00043049138832493966
1029 0.0009489977213818717
1034 0.0017032736189908058
1062 0.00025810086072372616
1153 0.0012362098098451287
1154 0.0003960586369806884
1214 0.000424038368775366
2007 0.0004408563537610837
2063 0.00040116683707882124
3502 0.00036332233087023905
3751 0.000549621148441263
4236 0.0004942172352587358
4257 0.0003887745697496512
5031 0.000549621148441263
5914 0.0006534821266696528
7099 0.000873114324417637