1 0.0002619336387177524
9 0.00006816650634734484
12 0.0005129759100776286
13 0.000012991549433809848
15 0.0002564879550388143
33 0.00022662121650080273
34 0.000043438765255019996
36 0.00012444579405299303
38 0.000005801646248097621
39 0.000004633778456304862
40 0.00000900625889003274
41 0.000007426561074872202
42 0.000051443803059355216
43 0.000008243075158511493
44 0.00020453330306294742
46 0.0001834307973068906
47 0.00022570639808232424
49 0.000041620673939093223
51 0.00004686777384075253
63 0.00000567829780156086
65 0.00001773141897136357
66 0.00018628059697440975
89 0.00028517189836102194
100 0.00015297081732618925
103 0.00045217938883475555
104 0.00016413845014333722
113 0.00033400045115600295
114 0.0004228251917335939
122 0.00018417084982617462
124 0.00009942778247685315
129 0.0013685962038257882
144 0.0003382847440033342
160 0.00018023749427928805
185 0.0010625347393958431
254 0.0004272224195725296
255 0.00017273030805218352
259 0.00025891534254753946
260 0.0003818991754555788
271 0.0005983661268631681
274 0.0011574860131411257
277 0.00019930090227324488
310 0.00016226697770759457
315 0.0004785475402955236
363 0.00036332233087023905
368 0.00018686500362842702
396 0.00038392708921293077
430 0.00022365154352182467
457 0.0005872711056353866
461 0.0003985861298959538
498 0.0003558910215031841
533 0.0004785475402955236
638 0.00040116683707882124
703 0.0002862680700927968
709 0.0005454834171728783
719 0.0014506543864615605
743 0.000499919615209078
779 0.0006052724462960429
851 0.00008185705212231243
1290 0.0015554665236139438
2052 0.003807518884194976
2056 0.0006345864806991627
2085 0.0003672140565768559
2497 0.000848076737550732
5388 0.0006758309323565803
7105 0.000873114324417637
7106 0.000873114324417637