9 0.00020449951904203455
13 0.00003247887358452463
16 0.00007545831652538253
17 0.00018869457585405535
19 0.00013212323419503196
33 0.0005665530412520069
34 0.000043438765255019996
36 0.00008296386270199534
37 0.0006292794582289934
38 0.000005801646248097621
39 0.000018535113825219447
40 0.00000900625889003274
41 0.000011139841612308305
43 0.000008243075158511493
44 0.00020453330306294742
46 0.00045857699326722653
47 0.00045141279616464847
49 0.00008324134787818645
51 0.00004686777384075253
55 0.00019400951426952473
56 0.00012955459643277864
57 0.0002501368139214302
63 0.000007571063735414479
65 0.00010638851382818144
67 0.00004203784642398019
69 0.00023724943034546792
71 0.00012561808978093188
81 0.0007296283674576283
84 0.0004261759244447152
89 0.00009505729945367397
95 0.0008544448391450592
97 0.00023454039050719067
100 0.00015297081732618925
102 0.00025332444879269114
113 0.00033400045115600295
114 0.0004228251917335939
159 0.0008884183570897217
160 0.0003604749885585761
171 0.0002737223581753738
180 0.00005682431219851005
192 0.000648573141485873
196 0.0006703233366080756
245 0.000181970089392662
253 0.0002472323099654942
258 0.0007921172739613768
259 0.0028480687680229344
263 0.000467744766116719
264 0.00021085919057695548
273 0.000549621148441263
324 0.004880057296480096
367 0.004545331210079215
480 0.0018360702828842798
497 0.00017684408550895013
642 0.0003887745697496512
666 0.00032568748957397626
669 0.00012589385831905585
691 0.0003038092374917516
741 0.0007046755127604127
851 0.000040928526061156217
898 0.0003014743275909555
1036 0.0014931744126959368
1153 0.0008241398732300858
1154 0.0003960586369806884
1260 0.000618218327643938
1357 0.0005587052342654505
1603 0.0008023336741576425
1612 0.0006345864806991627
1847 0.012057143133284093
1981 0.0004942172352587358
2007 0.0004408563537610837
2063 0.00040116683707882124
2570 0.0012691729613983254
3001 0.001772596800296042
4607 0.0007384474589275524
6867 0.0013516618647131605
7107 0.004365571622088185
7108 0.0007384474589275524
7109 0.0007881489921597373
7110 0.001746228648835274
7111 0.000873114324417637
7112 0.000873114324417637