0 0.00019243773886705868
1 0.0002619336387177524
2 0.00034546061610436703
9 0.00017041626586836213
13 0.00003897464830142955
16 0.00015091663305076506
19 0.00013212323419503196
22 0.0002683471778299544
33 0.00011331060825040136
34 0.00017375506102007999
36 0.00029037351945698374
37 0.00020975981940966445
38 0.000005801646248097621
39 0.000018535113825219447
40 0.00000900625889003274
41 0.000014853122149744404
43 0.000020607687896278735
44 0.00027271107075059654
46 0.00027514619596033594
47 0.00027084767769878907
48 0.00013154366307515625
49 0.00008324134787818645
51 0.00009373554768150506
55 0.00009700475713476236
57 0.0001250684069607151
63 0.00000567829780156086
65 0.00003546283794272714
67 0.00004203784642398019
73 0.0003858275493267621
74 0.00030499358548289365
76 0.0004007527960775733
81 0.002006478010508478
84 0.0004261759244447152
87 0.001513250142302388
89 0.00009505729945367397
95 0.0004272224195725296
97 0.00023454039050719067
100 0.0003059416346523785
102 0.00025332444879269114
113 0.00011133348371866765
122 0.00018417084982617462
123 0.000188234616351904
124 0.00009942778247685315
144 0.0010148542320100027
158 0.00028424192373937554
159 0.0001776836714179443
160 0.00018023749427928805
171 0.0001368611790876869
177 0.00030320240920542457
180 0.0001136486243970201
245 0.000181970089392662
263 0.0002338723830583595
279 0.00022929556638299245
287 0.00025810086072372616
296 0.0004887683798320584
310 0.00016226697770759457
356 0.00040649720137641123
360 0.00019339166635443979
412 0.00028729384230050906
413 0.00024142866684252312
430 0.00022365154352182467
441 0.0003438806748054391
514 0.00043049138832493966
573 0.0001652752038556845
625 0.00048355146215385347
638 0.0008023336741576425
666 0.00032568748957397626
669 0.00012589385831905585
772 0.0002597352724507996
851 0.00008185705212231243
854 0.005784038546208818
863 0.00036920725599727517
868 0.0005418513784905688
1037 0.0005418513784905688
1084 0.00036920725599727517
1086 0.0005258216860189834
1095 0.003296559492920343
1328 0.0067279287724975045
1368 0.00045217938883475555
1425 0.0004691137279473833
1468 0.0004120699366150429
1621 0.0013015497867650057
1714 0.0007384474589275524
1725 0.0008817127075221674
1785 0.0006099871709657873
1843 0.000393582208037624
2366 0.00041790813825628515
3321 0.0006345864806991627
3502 0.00036332233087023905
3732 0.0005411640668664958
4257 0.0003887745697496512
7113 0.000873114324417637
7114 0.0015762979843194746
7115 0.0015762979843194746
7116 0.0007881489921597373
7117 0.000873114324417637