0 0.00019243773886705868
1 0.0002619336387177524
2 0.00017273030805218352
13 0.00005846197245214433
17 0.0030191132136648856
18 0.0007117482910364039
19 0.00013212323419503196
23 0.00045603737918465233
33 0.00033993182475120415
34 0.00008687753051003999
36 0.00033185545080798137
37 0.0004195196388193289
38 0.000005801646248097621
39 0.000018535113825219447
40 0.000006004172593355159
41 0.000025992963762052712
42 0.000051443803059355216
43 0.000008243075158511493
44 0.00020453330306294742
46 0.0004127192939405039
47 0.00040627151654818366
49 0.00012486202181727967
57 0.0003752052208821453
63 0.00000567829780156086
65 0.00003546283794272714
66 0.00009314029848720488
67 0.00008407569284796038
69 0.00023724943034546792
70 0.00035233775638020634
71 0.00012561808978093188
84 0.0002130879622223576
89 0.00009505729945367397
94 0.0004785475402955236
95 0.0008544448391450592
97 0.00023454039050719067
100 0.00015297081732618925
107 0.0002049311356991152
113 0.00033400045115600295
115 0.0002059878583080766
122 0.00018417084982617462
123 0.000188234616351904
124 0.0001988555649537063
144 0.0003382847440033342
159 0.0001776836714179443
160 0.00018023749427928805
171 0.0002737223581753738
177 0.0004548036138081369
180 0.00005682431219851005
245 0.000545910268177986
255 0.00017273030805218352
258 0.0007921172739613768
259 0.0046604761658557104
261 0.0002338723830583595
263 0.0007016171491750785
264 0.00021085919057695548
277 0.00039860180454648976
279 0.00022929556638299245
296 0.0004887683798320584
360 0.00019339166635443979
366 0.00034225708731462997
413 0.00024142866684252312
427 0.00044451570202655086
440 0.00048355146215385347
445 0.0004624723451260439
537 0.0003960586369806884
622 0.0003911548205288988
625 0.0038684116972308277
638 0.0008023336741576425
666 0.00032568748957397626
741 0.0007046755127604127
769 0.00045619873460859607
851 0.000040928526061156217
854 0.00893896866232272
863 0.004430487071967302
868 0.0005418513784905688
879 0.0002958245228348551
927 0.000549621148441263
1036 0.0003732936031739842
1070 0.0003541015143419739
1095 0.003296559492920343
1322 0.0004737399020075509
1328 0.0046033196864456605
1368 0.00045217938883475555
1425 0.0004691137279473833
1468 0.0004120699366150429
1603 0.0008023336741576425
1621 0.0004338499289216686
1785 0.0006099871709657873
3321 0.0006345864806991627
3928 0.0003753890228061612
4856 0.0006758309323565803
6340 0.0007031836599018376
6875 0.0007384474589275524
7114 0.0007881489921597373
7115 0.0015762979843194746
7116 0.0007881489921597373
7118 0.000873114324417637
7119 0.001746228648835274
7120 0.0007384474589275524
7121 0.000873114324417637