9 0.00013633301269468968
13 0.000045470423018334476
33 0.00011331060825040136
34 0.00013031629576506
36 0.00024889158810598606
38 0.000005801646248097621
39 0.000009267556912609724
40 0.000012008345186710319
41 0.000011139841612308305
43 0.000020607687896278735
44 0.00020453330306294742
46 0.00027514619596033594
47 0.00027084767769878907
49 0.000041620673939093223
51 0.00004686777384075253
55 0.00019400951426952473
63 0.00000567829780156086
65 0.00001773141897136357
66 0.00009314029848720488
67 0.00004203784642398019
74 0.00030499358548289365
84 0.0002130879622223576
89 0.00019011459890734794
95 0.0004272224195725296
100 0.0003059416346523785
102 0.0005066488975853823
113 0.00011133348371866765
123 0.000188234616351904
125 0.0002682511308492756
138 0.0003775208863403447
158 0.00028424192373937554
159 0.0001776836714179443
171 0.0002737223581753738
176 0.00033751149866781817
177 0.00015160120460271228
180 0.00005682431219851005
192 0.0003242865707429365
242 0.0011817312001973612
255 0.00034546061610436703
260 0.0003818991754555788
263 0.0002338723830583595
292 0.0005829699755420034
310 0.0014604027993683514
377 0.0003188377153162591
399 0.0026724045887791125
412 0.00028729384230050906
413 0.00048285733368504623
416 0.00031109330472278875
427 0.00044451570202655086
430 0.00022365154352182467
550 0.00025332444879269114
573 0.0001652752038556845
590 0.0007344281131537118
751 0.004143189195576548
811 0.0009043587776695111
820 0.00046465581618336337
825 0.000505900267840781
851 0.00008185705212231243
1070 0.0003541015143419739
1473 0.0006534821266696528
1621 0.0004338499289216686
3125 0.006182183276439381
4253 0.0030189029671873397
4307 0.0018764549117895333
7122 0.000873114324417637
7123 0.002619342973252911
7124 0.000873114324417637