9 0.00013633301269468968
13 0.00012341971962119357
14 0.0007576384992297557
15 0.0002564879550388143
16 0.00015091663305076506
17 0.00018869457585405535
18 0.0009489977213818717
21 0.0007152667866721326
22 0.0002683471778299544
26 0.00012343399523364164
33 0.00011331060825040136
34 0.00017375506102007999
38 0.000014504115620244055
39 0.000018535113825219447
40 0.000012008345186710319
41 0.000011139841612308305
43 0.00002885076305479023
47 0.00004514127961646484
51 0.0001874710953630101
63 0.00001135659560312172
64 0.0003746396859517635
65 0.00005319425691409072
67 0.00012611353927194057
69 0.00023724943034546792
71 0.00012561808978093188
73 0.0005787413239901431
81 0.0005472212755932213
88 0.00024872719512041187
89 0.00019011459890734794
100 0.00015297081732618925
104 0.00016413845014333722
107 0.0004098622713982304
113 0.001002001353468009
133 0.0005685167944117531
139 0.00028224872431895635
144 0.0011839966040116698
166 0.004922285619312864
175 0.004129279250867774
180 0.00005682431219851005
185 0.006375208436375059
237 0.0003558910215031841
253 0.0002472323099654942
261 0.000467744766116719
277 0.00019930090227324488
347 0.0002479774737404859
357 0.002407164723638074
358 0.009846103647782805
359 0.0005258216860189834
368 0.00037373000725685404
374 0.000505900267840781
377 0.0009565131459487774
391 0.000832209213374875
445 0.0009249446902520878
452 0.0002764565099464942
453 0.021414976308899023
468 0.0031362079763805426
493 0.00023454039050719067
520 0.0003237921753424907
537 0.0003960586369806884
550 0.00025332444879269114
574 0.0006758309323565803
590 0.0003672140565768559
609 0.0026238185318286362
652 0.0009474798040151018
682 0.0003753890228061612
716 0.0003136207976380542
851 0.00032742820848924973
893 0.0003775208863403447
908 0.002191516498313962
1001 0.00030739717354226806
1162 0.0006052724462960429
1182 0.0013565381665042668
1188 0.0005587052342654505
1280 0.00032568748957397626
1298 0.0005685167944117531
1330 0.0007921172739613768
1395 0.0003479000205792796
1446 0.0010786511093059537
1497 0.0006534821266696528
1751 0.0005411640668664958
1785 0.00030499358548289365
2341 0.0014768949178551047
2378 0.0003003233420124021
2497 0.000424038368775366
3507 0.0004338499289216686
3777 0.0004785475402955236
4280 0.0004338499289216686
4794 0.000618218327643938
5393 0.0006758309323565803
6588 0.0015762979843194746
7125 0.001746228648835274