9 0.00013633301269468968
13 0.000006495774716904924
16 0.00007545831652538253
17 0.0022643349102486644
18 0.0009489977213818717
19 0.00039636970258509594
21 0.0001430533573344265
22 0.0002683471778299544
23 0.0006840560687769785
28 0.00025332444879269114
33 0.00022662121650080273
34 0.000043438765255019996
36 0.00024889158810598606
37 0.0006292794582289934
38 0.000017404938744292866
39 0.000032436449194134037
40 0.000006004172593355159
41 0.000007426561074872202
42 0.000051443803059355216
43 0.000008243075158511493
49 0.00008324134787818645
51 0.00004686777384075253
63 0.00001135659560312172
65 0.00007092567588545428
66 0.00018628059697440975
67 0.00008407569284796038
71 0.00012561808978093188
89 0.00009505729945367397
115 0.0004119757166161532
139 0.00028224872431895635
144 0.0011839966040116698
150 0.0005343168922353136
159 0.0001776836714179443
177 0.00015160120460271228
180 0.00005682431219851005
226 0.0002049311356991152
245 0.000181970089392662
249 0.0007728793196977103
258 0.0023763518218841303
259 0.0020713227403803157
263 0.0002338723830583595
279 0.0004585911327659849
310 0.0009736018662455675
377 0.0006376754306325182
438 0.00035955036976865123
441 0.0003438806748054391
464 0.000393582208037624
551 0.0002832412727662006
641 0.00196791104018812
666 0.00032568748957397626
741 0.0014093510255208253
851 0.0004092852606115622
870 0.002241438315640694
988 0.00041790813825628515
1028 0.0014164060573678956
1058 0.00044828766312813873
1321 0.0006542092087142864
1448 0.0018414174202562431
2120 0.0024151223737498713
4346 0.0007384474589275524
7126 0.000873114324417637
7127 0.000873114324417637
7128 0.000873114324417637
7129 0.000873114324417637
7130 0.000873114324417637