9 0.00017041626586836213
13 0.000025983098867619697
16 0.00007545831652538253
21 0.000286106714668853
30 0.00022182651134558653
37 0.0004195196388193289
38 0.000005801646248097621
39 0.000013901335368914586
40 0.000006004172593355159
41 0.000007426561074872202
42 0.000051443803059355216
43 0.00001236461273776724
44 0.00013635553537529827
46 0.0001834307973068906
47 0.00018056511846585937
51 0.00004686777384075253
55 0.00009700475713476236
57 0.0001250684069607151
63 0.0000037855318677072396
65 0.00001773141897136357
66 0.00009314029848720488
72 0.0012349850746289296
73 0.0003858275493267621
76 0.0002671685307183822
97 0.00023454039050719067
136 0.0002925555540824451
160 0.00018023749427928805
177 0.00015160120460271228
180 0.00005682431219851005
245 0.000545910268177986
246 0.00040649720137641123
263 0.0002338723830583595
392 0.0005938676863953582
411 0.00044608035070850863
648 0.0012807095621879048
666 0.0006513749791479525
669 0.00012589385831905585
851 0.00008185705212231243
1037 0.0002709256892452844
1450 0.000977062468721929
1452 0.0007881489921597373
2693 0.000424038368775366
3843 0.004430684753565315
4204 0.00045619873460859607
4261 0.0005908656000986806
6549 0.0031525959686389492
6844 0.0007384474589275524
7131 0.0007881489921597373