9 0.00013633301269468968
13 0.000019487324150714776
16 0.00007545831652538253
19 0.0002642464683900639
21 0.0001430533573344265
29 0.0005329999431774733
34 0.000043438765255019996
36 0.00008296386270199534
38 0.000005801646248097621
39 0.000013901335368914586
40 0.00000900625889003274
41 0.000018566402687180508
43 0.00001236461273776724
44 0.00013635553537529827
45 0.00012982121229608657
46 0.00027514619596033594
47 0.00027084767769878907
51 0.00004686777384075253
55 0.00009700475713476236
56 0.00006477729821638932
57 0.0001250684069607151
59 0.000602379158534602
63 0.0000037855318677072396
65 0.00005319425691409072
67 0.00008407569284796038
72 0.0010585586353962255
73 0.0003858275493267621
75 0.0031652557218432896
76 0.0010686741228735288
87 0.0001891562677877985
135 0.00029805329448025724
144 0.0001691423720016671
160 0.0005407124828378641
175 0.0003753890228061612
179 0.0003086168757797243
180 0.0001136486243970201
184 0.00040649720137641123
230 0.0002958245228348551
245 0.000545910268177986
246 0.0008129944027528225
247 0.00026056072380914035
261 0.0002338723830583595
263 0.0002338723830583595
391 0.0002774030711249583
392 0.0002969338431976791
429 0.0005258216860189834
497 0.00017684408550895013
648 0.002241241733828834
669 0.00012589385831905585
851 0.00008185705212231243
1037 0.0002709256892452844
1063 0.0005188152611795682
1247 0.00046465581618336337
1395 0.0001739500102896398
1937 0.0017375477025499064
2693 0.000424038368775366
2746 0.0015564457835387047
3092 0.0004338499289216686
3933 0.0006037805934374678
4609 0.0005332529953860384
5031 0.000549621148441263
5316 0.0005587052342654505
5914 0.0006534821266696528
7132 0.000873114324417637
7133 0.000873114324417637
7134 0.000873114324417637
7135 0.000873114324417637
7136 0.000873114324417637
7137 0.000873114324417637
7138 0.005238685946505822
7139 0.002619342973252911
7140 0.000873114324417637