9 0.00006816650634734484
13 0.000019487324150714776
16 0.00015091663305076506
17 0.0022643349102486644
18 0.0009489977213818717
19 0.00039636970258509594
23 0.001140093447961631
33 0.00022662121650080273
34 0.000043438765255019996
35 0.0003887745697496512
36 0.00008296386270199534
37 0.0004195196388193289
38 0.000005801646248097621
39 0.000013901335368914586
40 0.00000900625889003274
41 0.000011139841612308305
42 0.00010288760611871043
43 0.00001236461273776724
44 0.00013635553537529827
49 0.000041620673939093223
51 0.00004686777384075253
59 0.0018071374756038062
63 0.0000037855318677072396
65 0.00008865709485681788
67 0.00008407569284796038
71 0.00012561808978093188
76 0.0002671685307183822
84 0.0006392638866670728
102 0.00025332444879269114
131 0.0004092519030008361
134 0.0003672140565768559
160 0.00018023749427928805
177 0.00030320240920542457
180 0.00005682431219851005
183 0.000416258063524805
243 0.000264773477364449
249 0.0015457586393954207
253 0.0002472323099654942
277 0.00039860180454648976
282 0.0007637983509111575
439 0.0003314569809760339
452 0.0008293695298394827
468 0.0009408623929141627
493 0.00023454039050719067
494 0.00039064417040638865
497 0.00017684408550895013
520 0.00016189608767124534
576 0.0003086168757797243
851 0.00008185705212231243
988 0.0008358162765125703
1034 0.0017032736189908058
1037 0.0002709256892452844
1182 0.00045217938883475555
1390 0.001117410468530901
1450 0.00032568748957397626
1981 0.0004942172352587358
5939 0.0007384474589275524
6048 0.0007384474589275524
7141 0.000873114324417637