9 0.00006816650634734484
13 0.00005196619773523939
16 0.00007545831652538253
18 0.0011862471517273398
21 0.0001430533573344265
22 0.0005366943556599089
33 0.00011331060825040136
36 0.00012444579405299303
38 0.000005801646248097621
39 0.000009267556912609724
40 0.00000900625889003274
41 0.000007426561074872202
43 0.00002472922547553448
44 0.00027271107075059654
46 0.0003210038952870586
47 0.00027084767769878907
49 0.00008324134787818645
51 0.00004686777384075253
55 0.00019400951426952473
56 0.00012955459643277864
63 0.0000037855318677072396
65 0.00005319425691409072
66 0.00018628059697440975
67 0.00004203784642398019
69 0.00023724943034546792
71 0.00012561808978093188
72 0.0035285287846540847
76 0.0030724381032613953
87 0.000378312535575597
89 0.00009505729945367397
97 0.00023454039050719067
104 0.00032827690028667443
115 0.0004119757166161532
124 0.00009942778247685315
150 0.00035621126149020904
177 0.00030320240920542457
180 0.00005682431219851005
226 0.0002049311356991152
245 0.000181970089392662
264 0.0016868735246156439
279 0.00022929556638299245
360 0.00019339166635443979
468 0.0003136207976380542
670 0.0003329428059983855
750 0.0010033405873718965
851 0.00008185705212231243
868 0.0021674055139622754
869 0.0005188152611795682
1178 0.0034707994313733486
1246 0.001236436655287876
1395 0.0008697500514481991
1468 0.0016482797464601716
1953 0.0010823281337329915