9 0.00023858277221570697
12 0.0017954156852717004
13 0.000019487324150714776
14 0.0007576384992297557
17 0.0003773891517081107
19 0.0002642464683900639
22 0.0006708679445748862
33 0.00033993182475120415
36 0.00024889158810598606
37 0.0004195196388193289
38 0.000008702469372146433
39 0.000013901335368914586
40 0.000015010431483387899
41 0.000007426561074872202
42 0.000051443803059355216
43 0.00001236461273776724
44 0.00020453330306294742
46 0.00022928849663361327
47 0.00022570639808232424
49 0.00008324134787818645
51 0.00004686777384075253
55 0.00009700475713476236
63 0.0000037855318677072396
65 0.00008865709485681788
67 0.00008407569284796038
69 0.00023724943034546792
71 0.00025123617956186376
89 0.00019011459890734794
104 0.00032827690028667443
113 0.0002226669674373353
136 0.0017553333244946707
156 0.0004338499289216686
160 0.00018023749427928805
165 0.00022550415909059743
171 0.0001368611790876869
176 0.00033751149866781817
180 0.0001136486243970201
193 0.0002936355528176933
222 0.0003841483956894837
238 0.000549621148441263
251 0.00022002825322499402
271 0.00029918306343158405
274 0.0011574860131411257
279 0.00022929556638299245
288 0.001140093447961631
320 0.0005894503033351281
357 0.0017194033740271957
359 0.0005258216860189834
377 0.0003188377153162591
437 0.0006430637382370231
439 0.0003314569809760339
451 0.0013069642533393056
452 0.0005529130198929884
669 0.0002517877166381117
678 0.0004603543550640608
687 0.0005258216860189834
772 0.0010389410898031983
780 0.0007550417726806894
851 0.00008185705212231243
1007 0.000787164416075248
1280 0.00032568748957397626
1283 0.0010172191095523992
1328 0.0003541015143419739
1343 0.0005258216860189834
1397 0.00028028741746109395
1413 0.0020747714147558924
1579 0.0006758309323565803
1666 0.0005791825675166354
1843 0.000393582208037624
1892 0.0005258216860189834
1942 0.0005685167944117531
2063 0.0008023336741576425
2507 0.004226464154062275
2888 0.0005908656000986806
4174 0.001236436655287876
6121 0.0006345864806991627
7142 0.007615037768389952
7143 0.014030501719623497
7144 0.0007384474589275524