13 0.000025983098867619697
20 0.0002464916487181342
30 0.00022182651134558653
33 0.00022662121650080273
34 0.00017375506102007999
38 0.000005801646248097621
39 0.000009267556912609724
40 0.000012008345186710319
41 0.000011139841612308305
43 0.00001236461273776724
44 0.00020453330306294742
45 0.00012982121229608657
46 0.00013757309798016797
47 0.00013542383884939454
49 0.000041620673939093223
51 0.00004686777384075253
63 0.00000567829780156086
65 0.00001773141897136357
66 0.00009314029848720488
67 0.00004203784642398019
76 0.0005343370614367644
123 0.000188234616351904
124 0.0001988555649537063
158 0.0005684838474787511
171 0.0001368611790876869
179 0.0021603181304580706
180 0.00005682431219851005
183 0.00083251612704961
263 0.0002338723830583595
268 0.0009671029243077069
289 0.0003712334023506965
294 0.0007971722597919076
401 0.00018110073068838497
438 0.00035955036976865123
475 0.0005725361401855936
573 0.000330550407711369
594 0.0003438806748054391
647 0.0021330119815441534
669 0.00012589385831905585
769 0.00045619873460859607
832 0.00048355146215385347
851 0.00008185705212231243
1060 0.0002852508106156339
1062 0.00025810086072372616
1172 0.0004887683798320584
1330 0.0011881759109420651
1368 0.0009043587776695111
1781 0.00028224872431895635
1830 0.000499919615209078
3703 0.0007384474589275524
3993 0.0007384474589275524
4093 0.0007881489921597373
6149 0.0007384474589275524
7018 0.0007031836599018376
7142 0.003172932403495814
7145 0.001746228648835274
7146 0.000873114324417637
7147 0.001746228648835274
7148 0.001746228648835274
7149 0.001746228648835274