1 0.0001309668193588762
9 0.00013633301269468968
13 0.00003247887358452463
26 0.00012343399523364164
29 0.00026649997158873667
34 0.00008687753051003999
36 0.00004148193135099767
38 0.000008702469372146433
39 0.000009267556912609724
40 0.000012008345186710319
41 0.000007426561074872202
42 0.000051443803059355216
43 0.000020607687896278735
51 0.00004686777384075253
59 0.00020079305284486732
63 0.00000567829780156086
65 0.00005319425691409072
67 0.00004203784642398019
100 0.0004589124519785678
113 0.0002226669674373353
115 0.0002059878583080766
124 0.00009942778247685315
160 0.0005407124828378641
171 0.0001368611790876869
180 0.00005682431219851005
223 0.00044451570202655086
254 0.0004272224195725296
261 0.0007016171491750785
264 0.00021085919057695548
324 0.0018769451140308064
360 0.00019339166635443979
401 0.00036220146137676994
445 0.00023123617256302196
497 0.00017684408550895013
507 0.00027274170858643915
646 0.0003712334023506965
669 0.00012589385831905585
709 0.00027274170858643915
779 0.0006052724462960429
781 0.00046465581618336337
851 0.00016371410424462487
863 0.00036920725599727517
870 0.00044828766312813873
894 0.0010243755036608584
908 0.0018262637485949682
942 0.00043730308863810597
1339 0.0005188152611795682
1479 0.00038643965984885517
1662 0.001117410468530901
1705 0.0004149542829511784
1781 0.0005644974486379127
2034 0.0010516433720379667
2908 0.0007031836599018376
3208 0.0006813094475963223
3507 0.0004338499289216686
3711 0.005169132212492868
3928 0.0011261670684184837
7142 0.0012691729613983254
7156 0.0007881489921597373
7157 0.014186681858875274
7158 0.0029537898357102094
7159 0.0007881489921597373
7160 0.0023644469764792122