9 0.00010224975952101728
13 0.00003247887358452463
21 0.0001430533573344265
22 0.0001341735889149772
26 0.00012343399523364164
28 0.00025332444879269114
34 0.00008687753051003999
38 0.000011603292496195242
39 0.000004633778456304862
40 0.000012008345186710319
41 0.000007426561074872202
42 0.000051443803059355216
43 0.000008243075158511493
46 0.00004585769932672265
51 0.00004686777384075253
56 0.00006477729821638932
63 0.0000094638296692681
65 0.00003546283794272714
66 0.00027942089546161464
89 0.00028517189836102194
100 0.0004589124519785678
115 0.0002059878583080766
123 0.000188234616351904
130 0.00027274170858643915
131 0.0004092519030008361
160 0.0003604749885585761
171 0.0006843058954384346
180 0.0001136486243970201
196 0.0003351616683040378
212 0.00320933469663057
251 0.00044005650644998804
255 0.00034546061610436703
277 0.00029895135340986733
287 0.00025810086072372616
298 0.0005908656000986806
310 0.00016226697770759457
347 0.0002479774737404859
360 0.00019339166635443979
363 0.00036332233087023905
375 0.00025891534254753946
376 0.00034065472379816113
377 0.0003188377153162591
391 0.0011096122844998333
401 0.00108660438413031
411 0.00044608035070850863
445 0.00023123617256302196
475 0.0014313403504639844
480 0.0003672140565768559
544 0.0004785475402955236
579 0.002965303411552415
638 0.00040116683707882124
768 0.0044479551173286225
769 0.00045619873460859607
820 0.0013939674485500902
851 0.00016371410424462487
875 0.0003841483956894837
960 0.0032469844011989747
1073 0.00046465581618336337
1093 0.00036920725599727517
1208 0.0007082030286839478
1278 0.0005587052342654505
1299 0.0006758309323565803
1468 0.0004120699366150429
1478 0.000499919615209078
1637 0.0005332529953860384
1843 0.000393582208037624
1937 0.0005791825675166354
2260 0.00045619873460859607
2325 0.0006534821266696528
2427 0.004799276958474346
2746 0.0005188152611795682
2888 0.0005908656000986806
4147 0.0005685167944117531
4236 0.0004942172352587358
7142 0.0006345864806991627
7161 0.01222360054184692
7162 0.00611180027092346
7163 0.009604257568594007
7164 0.000873114324417637