9 0.00010224975952101728
13 0.000012991549433809848
16 0.00015091663305076506
21 0.0004291600720032795
34 0.00013031629576506
36 0.00008296386270199534
37 0.0006292794582289934
38 0.000005801646248097621
39 0.000004633778456304862
40 0.000012008345186710319
41 0.000011139841612308305
42 0.000051443803059355216
43 0.00001236461273776724
45 0.0005192848491843463
52 0.00014497369525357328
61 0.00017642643923270423
63 0.00000567829780156086
67 0.00004203784642398019
71 0.00012561808978093188
100 0.0004589124519785678
113 0.00011133348371866765
115 0.0002059878583080766
120 0.003172932403495814
124 0.00009942778247685315
135 0.0005961065889605145
253 0.0002472323099654942
275 0.0004120699366150429
277 0.00009965045113662244
404 0.0006345864806991627
412 0.0005745876846010181
480 0.0003672140565768559
490 0.0008676998578433372
491 0.0009332799141683663
499 0.000618218327643938
543 0.0011881759109420651
553 0.0006345864806991627
576 0.0003086168757797243
765 0.0015997589861581152
899 0.00044828766312813873
902 0.0003753890228061612
1063 0.0005188152611795682
1153 0.0004120699366150429
1154 0.0003960586369806884
1194 0.0019604463800089586
1339 0.0057069678729752505
1486 0.00046465581618336337
1909 0.000873114324417637
1910 0.0010376305223591363
1911 0.001746228648835274
1912 0.002619342973252911
1913 0.0021095509797055133
1914 0.000873114324417637
1915 0.000873114324417637
1916 0.0007384474589275524
1917 0.0014768949178551047
1918 0.000873114324417637
1919 0.000873114324417637
1920 0.0006534821266696528
1921 0.000873114324417637
1922 0.0007384474589275524
1923 0.0007881489921597373
1924 0.0007881489921597373