9 0.00013633301269468968
13 0.000025983098867619697
16 0.00007545831652538253
26 0.00012343399523364164
27 0.003037603488010364
33 0.00022662121650080273
36 0.00004148193135099767
38 0.000005801646248097621
39 0.000009267556912609724
40 0.000015010431483387899
41 0.000014853122149744404
42 0.000051443803059355216
43 0.00002885076305479023
44 0.00020453330306294742
45 0.00012982121229608657
46 0.0003210038952870586
47 0.00031598895731525394
55 0.00009700475713476236
63 0.00000567829780156086
65 0.00001773141897136357
66 0.00009314029848720488
67 0.00004203784642398019
71 0.00012561808978093188
72 0.0008821321961635212
73 0.00019291377466338104
75 0.00045217938883475555
76 0.0008015055921551466
104 0.0006565538005733489
115 0.0002059878583080766
146 0.000264773477364449
161 0.0029326102789923505
165 0.00022550415909059743
171 0.0001368611790876869
176 0.00033751149866781817
180 0.00005682431219851005
261 0.000467744766116719
264 0.00021085919057695548
289 0.0003712334023506965
294 0.0003985861298959538
310 0.00016226697770759457
347 0.0002479774737404859
352 0.0002958245228348551
396 0.0007678541784258615
401 0.00018110073068838497
411 0.00044608035070850863
543 0.0003960586369806884
555 0.0002457554359134993
573 0.0001652752038556845
669 0.0002517877166381117
851 0.00008185705212231243
1057 0.002169249644608343
1172 0.0004887683798320584
1180 0.0006345864806991627
1283 0.00033907303651746636
1395 0.0001739500102896398
1666 0.0005791825675166354
1781 0.00028224872431895635
4139 0.0014768949178551047
5624 0.0014768949178551047
6969 0.0007031836599018376
7018 0.0007031836599018376
7142 0.0006345864806991627
7165 0.000873114324417637
7166 0.0007881489921597373
7167 0.000873114324417637
7168 0.000873114324417637
7169 0.000873114324417637
7170 0.000873114324417637
7171 0.000873114324417637