2 0.00017273030805218352
9 0.00013633301269468968
13 0.00003247887358452463
21 0.000286106714668853
26 0.000370301985700925
27 0.0020250689920069094
33 0.00011331060825040136
34 0.000043438765255019996
36 0.00029037351945698374
38 0.000008702469372146433
39 0.00002316889228152431
40 0.000015010431483387899
41 0.000014853122149744404
43 0.000016486150317022987
49 0.0001664826957563729
51 0.00009373554768150506
56 0.00012955459643277864
59 0.00020079305284486732
60 0.0002572917550567303
63 0.00000567829780156086
65 0.00005319425691409072
66 0.00009314029848720488
67 0.00012611353927194057
76 0.0001335842653591911
89 0.0003802291978146959
107 0.0002049311356991152
113 0.0004453339348746706
115 0.0002059878583080766
122 0.00018417084982617462
146 0.000264773477364449
160 0.0003604749885585761
180 0.0001136486243970201
183 0.0002081290317624025
196 0.0001675808341520189
197 0.0002904236905482616
214 0.000273659908111955
226 0.0004098622713982304
243 0.000264773477364449
251 0.0006600847596749821
277 0.00029895135340986733
287 0.0005162017214474523
307 0.00045100831818119485
309 0.0003003233420124021
320 0.0005894503033351281
356 0.00040649720137641123
360 0.00019339166635443979
376 0.00034065472379816113
377 0.0003188377153162591
391 0.000832209213374875
392 0.0002969338431976791
396 0.0007678541784258615
416 0.0018665598283367326
430 0.00022365154352182467
439 0.0006629139619520678
475 0.0028626807009279687
505 0.0030237264299248358
506 0.0026926475708842572
551 0.0002832412727662006
554 0.0003985861298959538
572 0.0037298034016921304
576 0.0003086168757797243
608 0.0006877613496108782
669 0.0003776815749571676
759 0.00035770704084433884
760 0.0021201918438768304
815 0.0004737399020075509
851 0.00016371410424462487
868 0.0002709256892452844
1029 0.00023724943034546792
1037 0.0005418513784905688
1062 0.00025810086072372616
1114 0.0005791825675166354
1141 0.0008358162765125703
1196 0.0003841483956894837
1398 0.0012114091427224763
1494 0.0005188152611795682
2179 0.0006534821266696528
2414 0.0005411640668664958
2439 0.0007031836599018376
2447 0.0007971722597919076
2501 0.0007881489921597373
2508 0.0006345864806991627
2624 0.002842583972058766
2693 0.000424038368775366
3470 0.000499919615209078
4169 0.0012721151063260982
4804 0.0006758309323565803
6221 0.007881489921597373
7144 0.0007384474589275524
7172 0.001746228648835274
7173 0.000873114324417637
7174 0.000873114324417637
7175 0.000873114324417637
7176 0.019208515137188013
7177 0.0007384474589275524
7178 0.003940744960798687
7179 0.001746228648835274
7180 0.0014768949178551047