9 0.00017041626586836213
13 0.00005846197245214433
16 0.00015091663305076506
19 0.00013212323419503196
22 0.00040252076674493167
26 0.0002468679904672833
30 0.00044365302269117307
34 0.00013031629576506
36 0.00029037351945698374
38 0.000008702469372146433
39 0.000013901335368914586
40 0.00001801251778006548
41 0.000029706244299488808
43 0.000016486150317022987
44 0.00027271107075059654
46 0.0003210038952870586
47 0.00031598895731525394
48 0.00013154366307515625
49 0.000041620673939093223
55 0.00019400951426952473
56 0.00019433189464916796
57 0.0002501368139214302
63 0.000007571063735414479
65 0.00003546283794272714
66 0.00018628059697440975
81 0.0005472212755932213
89 0.0006654010961757179
99 0.0003271046043571432
107 0.0006147934070973456
113 0.0002226669674373353
136 0.0002925555540824451
159 0.0003553673428358886
196 0.0003351616683040378
237 0.0003558910215031841
245 0.000181970089392662
251 0.0006600847596749821
264 0.00021085919057695548
275 0.0004120699366150429
277 0.00009965045113662244
310 0.00016226697770759457
375 0.00025891534254753946
396 0.0005758906338193962
430 0.00022365154352182467
452 0.0005529130198929884
505 0.0016798480166249088
506 0.0023934645074526724
508 0.003487264701040583
512 0.0012700500933786841
520 0.00016189608767124534
580 0.0004408563537610837
594 0.0003438806748054391
638 0.00040116683707882124
671 0.0002597352724507996
709 0.0008182251257593176
851 0.00008185705212231243
1001 0.00030739717354226806
1186 0.0012075611868749357
1290 0.00031109330472278875
1395 0.0001739500102896398
1397 0.0056057483492218795
1398 0.00040380304757415875
1403 0.00034552605606704003
1785 0.00030499358548289365
1803 0.0004942172352587358
2014 0.0037826874228598303
3470 0.000999839230418156
3507 0.0013015497867650057
4170 0.0023167302700665415
4171 0.0014063673198036752
4205 0.0005188152611795682
4606 0.0006037805934374678
4921 0.00048355146215385347
6047 0.0007031836599018376
7181 0.000873114324417637