9 0.00020449951904203455
13 0.000019487324150714776
15 0.0005129759100776286
16 0.00015091663305076506
19 0.0002642464683900639
33 0.00011331060825040136
34 0.00008687753051003999
36 0.00012444579405299303
38 0.000005801646248097621
39 0.000009267556912609724
40 0.000012008345186710319
41 0.000014853122149744404
43 0.000016486150317022987
44 0.00027271107075059654
46 0.0001834307973068906
47 0.00018056511846585937
49 0.000041620673939093223
51 0.00004686777384075253
55 0.00009700475713476236
57 0.0001250684069607151
60 0.0002572917550567303
63 0.0000037855318677072396
65 0.00003546283794272714
67 0.00004203784642398019
72 0.0017642643923270424
73 0.0003858275493267621
76 0.0010686741228735288
81 0.00018240709186440708
87 0.0011349376067267911
89 0.00009505729945367397
94 0.0004785475402955236
104 0.00016413845014333722
124 0.00009942778247685315
150 0.00017810563074510452
172 0.0006534821266696528
177 0.0004548036138081369
183 0.0006243870952872076
234 0.0010665059907720767
243 0.000264773477364449
263 0.0002338723830583595
277 0.00009965045113662244
287 0.00025810086072372616
289 0.0003712334023506965
310 0.00016226697770759457
353 0.0018769451140308064
360 0.00038678333270887957
377 0.0003188377153162591
401 0.00036220146137676994
437 0.00032153186911851154
457 0.0002936355528176933
669 0.00012589385831905585
682 0.0003753890228061612
851 0.00008185705212231243
1028 0.0007082030286839478
1060 0.0002852508106156339
1107 0.0012816672587175888
1154 0.0003960586369806884
1172 0.0004887683798320584
1395 0.0003479000205792796
1403 0.00034552605606704003
1781 0.0005644974486379127
1966 0.0010516433720379667
2085 0.0007344281131537118
2202 0.0009293116323667267
2203 0.0009207087101281216
2204 0.0005258216860189834
2888 0.0005908656000986806
4297 0.0007384474589275524
4747 0.001903759442097488
5643 0.000618218327643938
7018 0.0007031836599018376
7182 0.000873114324417637
7183 0.000873114324417637