9 0.00023858277221570697
13 0.000012991549433809848
19 0.00039636970258509594
21 0.0004291600720032795
22 0.0002683471778299544
34 0.00008687753051003999
36 0.00008296386270199534
38 0.000008702469372146433
39 0.000013901335368914586
40 0.00001801251778006548
41 0.000018566402687180508
43 0.000020607687896278735
44 0.00020453330306294742
45 0.00012982121229608657
46 0.00027514619596033594
47 0.00031598895731525394
49 0.000041620673939093223
55 0.00009700475713476236
56 0.00006477729821638932
57 0.0001250684069607151
63 0.00000567829780156086
65 0.00005319425691409072
67 0.00008407569284796038
71 0.00012561808978093188
76 0.0004007527960775733
100 0.00015297081732618925
102 0.00025332444879269114
104 0.00016413845014333722
124 0.0001988555649537063
144 0.0008457118600083356
150 0.00017810563074510452
160 0.00018023749427928805
175 0.0003753890228061612
177 0.00015160120460271228
245 0.000181970089392662
261 0.0002338723830583595
274 0.004629944052564503
310 0.00016226697770759457
360 0.00019339166635443979
367 0.0002673724241223067
374 0.0015177008035223431
391 0.0005548061422499166
412 0.00028729384230050906
413 0.00024142866684252312
430 0.00022365154352182467
445 0.0006937085176890659
452 0.0002764565099464942
457 0.0011745422112707732
590 0.0003672140565768559
594 0.0003438806748054391
666 0.00032568748957397626
669 0.00012589385831905585
851 0.00008185705212231243
1037 0.0002709256892452844
1162 0.00030263622314802144
1182 0.00045217938883475555
1395 0.0003479000205792796
2378 0.0003003233420124021
2475 0.012553606801768393
2486 0.002703323729426321
2830 0.0005908656000986806
2848 0.00886136950713063
3033 0.0004737399020075509
3159 0.0006345864806991627
3502 0.00036332233087023905
4216 0.000999839230418156
4257 0.0007775491394993024
5153 0.0005685167944117531
6184 0.0007881489921597373
7184 0.009604257568594007
7185 0.000873114324417637
7186 0.001746228648835274
7187 0.0047288939529584245