9 0.00023858277221570697
16 0.00015091663305076506
19 0.00013212323419503196
21 0.0001430533573344265
30 0.00022182651134558653
34 0.000043438765255019996
36 0.00008296386270199534
38 0.000005801646248097621
39 0.000009267556912609724
40 0.00000900625889003274
41 0.000011139841612308305
43 0.00002885076305479023
44 0.00020453330306294742
45 0.00025964242459217314
46 0.0001834307973068906
47 0.00018056511846585937
49 0.00012486202181727967
51 0.00004686777384075253
55 0.00009700475713476236
57 0.0001250684069607151
63 0.0000037855318677072396
65 0.00003546283794272714
67 0.00004203784642398019
73 0.0003858275493267621
81 0.0029185134698305132
87 0.0001891562677877985
97 0.00046908078101438134
124 0.00009942778247685315
160 0.00018023749427928805
245 0.000181970089392662
263 0.0002338723830583595
264 0.00021085919057695548
292 0.0005829699755420034
360 0.00038678333270887957
367 0.0002673724241223067
457 0.0002936355528176933
669 0.00012589385831905585
851 0.00008185705212231243
873 0.00037969048392546374
881 0.0006037805934374678
1001 0.00030739717354226806
1007 0.0035422398723386163
1070 0.0007082030286839478
1101 0.0009293116323667267
1208 0.0017705075717098697
1395 0.0003479000205792796
1548 0.0007971722597919076
1618 0.00040380304757415875
2128 0.0013119092659143181
3502 0.00036332233087023905
3719 0.0008544448391450592
3895 0.001648863445323789
3915 0.0028127346396073505
4292 0.0007881489921597373
4298 0.0007384474589275524
4450 0.0005332529953860384
4921 0.00048355146215385347
6581 0.0022153423767826575
6600 0.0007881489921597373
7188 0.002619342973252911
7189 0.000873114324417637
7190 0.0007881489921597373