9 0.00013633301269468968
13 0.000006495774716904924
14 0.0005050923328198371
15 0.0005129759100776286
16 0.00015091663305076506
17 0.002641724061956775
18 0.0023724943034546795
19 0.0002642464683900639
22 0.00040252076674493167
26 0.00012343399523364164
33 0.00011331060825040136
35 0.0003887745697496512
36 0.00008296386270199534
38 0.000005801646248097621
39 0.000013901335368914586
40 0.00000900625889003274
41 0.000014853122149744404
43 0.000004121537579255747
44 0.00027271107075059654
46 0.00022928849663361327
47 0.00027084767769878907
49 0.0001664826957563729
56 0.00006477729821638932
63 0.0000094638296692681
65 0.00007092567588545428
76 0.0001335842653591911
89 0.00019011459890734794
97 0.00023454039050719067
102 0.0005066488975853823
104 0.00016413845014333722
107 0.0002049311356991152
113 0.0002226669674373353
159 0.0001776836714179443
185 0.001328168424244804
196 0.0003351616683040378
258 0.0015842345479227535
259 0.0015534920552852367
268 0.00048355146215385347
277 0.00009965045113662244
279 0.00022929556638299245
353 0.0007507780456123224
367 0.0002673724241223067
368 0.00018686500362842702
399 0.0002969338431976791
413 0.00024142866684252312
452 0.0002764565099464942
493 0.000703621171521572
550 0.00025332444879269114
577 0.000549621148441263
613 0.0005194705449015992
642 0.0007775491394993024
682 0.0007507780456123224
716 0.0003136207976380542
741 0.0007046755127604127
772 0.0002597352724507996
851 0.000040928526061156217
868 0.0002709256892452844
1396 0.00036920725599727517
1545 0.0004737399020075509
1603 0.004011668370788213
1608 0.0005908656000986806
1609 0.0006758309323565803
1625 0.0005332529953860384
2280 0.0006037805934374678
2354 0.000618218327643938
2497 0.000424038368775366
2740 0.0007881489921597373
4110 0.0007384474589275524
4280 0.0004338499289216686
6765 0.0007881489921597373
6867 0.0006758309323565803
7195 0.000873114324417637
7196 0.000873114324417637
7197 0.000873114324417637
7198 0.000873114324417637
7199 0.000873114324417637
7200 0.000873114324417637