12 0.0002564879550388143
13 0.000019487324150714776
19 0.0002642464683900639
22 0.0002683471778299544
34 0.00013031629576506
36 0.00016592772540399069
38 0.000008702469372146433
39 0.000013901335368914586
40 0.000015010431483387899
41 0.00002227968322461661
43 0.000016486150317022987
44 0.00027271107075059654
46 0.0003210038952870586
47 0.00031598895731525394
49 0.000041620673939093223
56 0.00006477729821638932
63 0.00000567829780156086
65 0.00005319425691409072
66 0.00018628059697440975
67 0.00008407569284796038
71 0.00012561808978093188
76 0.0005343370614367644
89 0.00009505729945367397
99 0.0003271046043571432
107 0.0002049311356991152
124 0.00009942778247685315
160 0.0003604749885585761
180 0.00005682431219851005
183 0.00083251612704961
261 0.0002338723830583595
270 0.00035955036976865123
271 0.00029918306343158405
274 0.002893715032852815
288 0.00022801868959232616
337 0.0007031836599018376
401 0.00018110073068838497
452 0.0002764565099464942
461 0.0003985861298959538
538 0.0002852508106156339
678 0.0004603543550640608
772 0.0005194705449015992
782 0.0007228436844087877
851 0.00008185705212231243
866 0.0004272224195725296
898 0.0003014743275909555
908 0.0018262637485949682
1001 0.00030739717354226806
1397 0.0011211496698443758
1417 0.0003911548205288988
1448 0.0018414174202562431
1529 0.0003818991754555788
1781 0.00028224872431895635
2218 0.0018247949384343843
2821 0.0012075611868749357
3004 0.0014063673198036752
3393 0.0013069642533393056
3469 0.002703323729426321
3507 0.0004338499289216686
4010 0.0015762979843194746
7201 0.0007881489921597373
7202 0.003492457297670548