0 0.00019243773886705868
1 0.0005238672774355048
9 0.0005794153039524313
13 0.000025983098867619697
16 0.00007545831652538253
17 0.005472142699767606
19 0.00066061617097516
21 0.0001430533573344265
26 0.0002468679904672833
30 0.0019964386021102793
33 0.00022662121650080273
34 0.0002171938262751
36 0.00008296386270199534
38 0.000014504115620244055
39 0.000037070227650438894
40 0.000030020862966775798
41 0.00003341952483692492
42 0.00015433140917806565
43 0.000020607687896278735
44 0.00027271107075059654
46 0.0004127192939405039
47 0.00036113023693171874
49 0.00020810336969546614
51 0.0001406033215222576
55 0.00009700475713476236
56 0.00019433189464916796
57 0.0001250684069607151
60 0.0005145835101134606
63 0.000007571063735414479
65 0.00003546283794272714
67 0.00008407569284796038
89 0.00019011459890734794
104 0.0011489691510033608
123 0.000188234616351904
135 0.00029805329448025724
136 0.0002925555540824451
144 0.0005074271160050014
158 0.00028424192373937554
165 0.00022550415909059743
171 0.0001368611790876869
180 0.00005682431219851005
186 0.0005050923328198371
197 0.0002904236905482616
210 0.0003201773905469762
226 0.0002049311356991152
247 0.0005211214476182807
255 0.00017273030805218352
258 0.0003960586369806884
259 0.0005178306850950789
261 0.0002338723830583595
267 0.0008350709958370184
277 0.0005979027068197347
286 0.0001987752449196317
293 0.0003285382939579267
297 0.00034888459666376895
300 0.0004120699366150429
307 0.0011275207954529872
309 0.0009009700260372063
314 0.000618218327643938
352 0.0002958245228348551
356 0.00040649720137641123
368 0.00018686500362842702
396 0.001919635446064654
415 0.0006037805934374678
428 0.0004603543550640608
430 0.00022365154352182467
457 0.0005872711056353866
464 0.000393582208037624
520 0.0006475843506849814
544 0.0004785475402955236
572 0.00033907303651746636
573 0.0001652752038556845
576 0.0006172337515594486
648 0.0003201773905469762
669 0.00012589385831905585
671 0.0002597352724507996
691 0.0009114277124752549
708 0.00035955036976865123
741 0.00035233775638020634
781 0.0009293116323667267
851 0.000040928526061156217
875 0.0003841483956894837
879 0.0005916490456697102
951 0.000549621148441263
979 0.0004338499289216686
1029 0.00023724943034546792
1084 0.0007384145119945503
1088 0.000499919615209078
1100 0.0008023336741576425
1110 0.0005332529953860384
1120 0.002063076061672949
1131 0.0006534821266696528
1196 0.0003841483956894837
1264 0.00046465581618336337
1271 0.0003652527497189936
1290 0.00031109330472278875
1325 0.0006247010738160577
1435 0.000618218327643938
1629 0.00043049138832493966
1843 0.000393582208037624
1878 0.0007682967913789674
1981 0.0004942172352587358
2077 0.0006534821266696528
2099 0.0030910916382196904
2378 0.0003003233420124021
2637 0.00043049138832493966
2697 0.001203500511236464
2700 0.0008076060951483175
2770 0.0010376305223591363
3018 0.0004408563537610837
4191 0.0007384474589275524
4252 0.0006534821266696528
4253 0.0006037805934374678
4338 0.0007881489921597373
4369 0.001099242296882526
4370 0.0004603543550640608
4456 0.0009043587776695111
4535 0.0006758309323565803
4628 0.0007384474589275524
4824 0.000618218327643938
4976 0.0007031836599018376
5720 0.001772596800296042
6552 0.002613928506678611
7203 0.0018113417803124036
7204 0.000873114324417637
7205 0.000873114324417637
7206 0.000873114324417637
7207 0.000873114324417637
7208 0.000873114324417637
7209 0.004365571622088185
7210 0.0007881489921597373
7211 0.000873114324417637
7212 0.000873114324417637
7213 0.000873114324417637
7214 0.000873114324417637
7215 0.000873114324417637
7216 0.000873114324417637
7217 0.000873114324417637
7218 0.000873114324417637
7219 0.000873114324417637