0 0.00019243773886705868
1 0.0001309668193588762
2 0.00017273030805218352
3 0.00037969048392546374
4 0.00035233775638020634
5 0.0002365665368606119
6 0.0002400196965770493
7 0.000233207996263883
8 0.00028224872431895635
9 0.00006816650634734484
13 0.000025983098867619697
14 0.00025254616640991854
15 0.0002564879550388143
17 0.0007547783034162214
18 0.0007117482910364039
19 0.0002642464683900639
23 0.001368112137553957
30 0.00022182651134558653
36 0.00004148193135099767
38 0.000008702469372146433
39 0.000009267556912609724
40 0.000012008345186710319
41 0.000018566402687180508
42 0.00020577521223742086
43 0.000020607687896278735
44 0.00013635553537529827
45 0.0005192848491843463
46 0.00022928849663361327
47 0.00022570639808232424
48 0.00013154366307515625
49 0.00008324134787818645
51 0.00004686777384075253
52 0.00028994739050714656
55 0.00009700475713476236
56 0.00012955459643277864
57 0.0001250684069607151
58 0.0005491700750215032
59 0.0008031722113794693
60 0.0002572917550567303
61 0.00035285287846540845
63 0.0000018927659338536198
67 0.00004203784642398019
76 0.0002671685307183822
91 0.0015564457835387047
114 0.00021141259586679695
118 0.0006052724462960429
123 0.000188234616351904
124 0.00009942778247685315
165 0.00022550415909059743
171 0.0001368611790876869
179 0.0003086168757797243
180 0.00005682431219851005
187 0.0010665059907720767
193 0.0011745422112707732
243 0.000264773477364449
245 0.000363940178785324
249 0.00038643965984885517
272 0.0004737399020075509
286 0.0001987752449196317
310 0.00016226697770759457
391 0.0011096122844998333
411 0.000669120526062763
493 0.00023454039050719067
497 0.00017684408550895013
572 0.0020344382191047985
573 0.0001652752038556845
576 0.0003086168757797243
578 0.0005258216860189834
670 0.0003329428059983855
711 0.0004092519030008361
716 0.0003136207976380542
772 0.0002597352724507996
858 0.000737266307740498
916 0.0004942172352587358
1010 0.0005121877518304292
1070 0.0003541015143419739
1082 0.0008746061772762119
1276 0.00048355146215385347
1315 0.0008965753262562775
1436 0.00048355146215385347
1506 0.0006534821266696528
1507 0.0007881489921597373
1511 0.0004408563537610837
1742 0.000499919615209078
1788 0.0004120699366150429
1803 0.0004942172352587358
1886 0.0004785475402955236
1925 0.0006758309323565803
1926 0.0007881489921597373
1927 0.000873114324417637
1928 0.001746228648835274
1929 0.0014768949178551047
1930 0.001746228648835274
1931 0.0023644469764792122
1932 0.0023644469764792122
1933 0.000873114324417637
1934 0.0005188152611795682
1935 0.0015177008035223431
1936 0.0006758309323565803