1 0.0001309668193588762
9 0.00017041626586836213
13 0.000025983098867619697
21 0.000572213429337706
22 0.0002683471778299544
33 0.00033993182475120415
34 0.00030407135678514
38 0.000008702469372146433
39 0.000018535113825219447
40 0.000024016690373420637
41 0.000014853122149744404
42 0.00010288760611871043
43 0.00002885076305479023
44 0.00013635553537529827
46 0.00027514619596033594
47 0.00027084767769878907
49 0.00008324134787818645
51 0.0001874710953630101
55 0.00019400951426952473
56 0.00012955459643277864
57 0.0002501368139214302
63 0.0000037855318677072396
65 0.00005319425691409072
66 0.00027942089546161464
67 0.00008407569284796038
71 0.00012561808978093188
72 0.002293543710025155
73 0.00019291377466338104
76 0.00120225838823272
81 0.0007296283674576283
87 0.0005674688033633956
123 0.000188234616351904
124 0.0001988555649537063
135 0.001192213177921029
136 0.0002925555540824451
158 0.00028424192373937554
171 0.0001368611790876869
177 0.0009096072276162738
180 0.0001136486243970201
183 0.00083251612704961
196 0.0001675808341520189
214 0.000273659908111955
230 0.0008874735685045654
247 0.0005211214476182807
263 0.0002338723830583595
264 0.00021085919057695548
267 0.0002783569986123394
277 0.00009965045113662244
292 0.0002914849877710017
310 0.00016226697770759457
320 0.00029472515166756405
324 0.0003753890228061612
360 0.00019339166635443979
368 0.00018686500362842702
396 0.0007678541784258615
430 0.00022365154352182467
442 0.0003242865707429365
493 0.00023454039050719067
494 0.002148542937235138
496 0.0002464916487181342
497 0.00035368817101790026
573 0.000330550407711369
595 0.00044451570202655086
703 0.0002862680700927968
851 0.00008185705212231243
858 0.0002457554359134993
879 0.0002958245228348551
1029 0.00023724943034546792
1070 0.0007082030286839478
1120 0.00029472515166756405
1162 0.00030263622314802144
1214 0.000424038368775366
1271 0.0003652527497189936
1280 0.0006513749791479525
1395 0.0005218500308689194
1403 0.0006910521121340801
1618 0.00040380304757415875
2378 0.0003003233420124021
2693 0.000424038368775366
4203 0.000505900267840781
4204 0.00045619873460859607
4921 0.00048355146215385347
5720 0.0023634624003947224
6552 0.0013069642533393056
7203 0.0024151223737498713