9 0.00020449951904203455
13 0.000006495774716904924
16 0.00007545831652538253
19 0.00013212323419503196
21 0.000858320144006559
22 0.0002683471778299544
26 0.00012343399523364164
34 0.00013031629576506
36 0.00012444579405299303
38 0.000005801646248097621
39 0.000013901335368914586
40 0.00001801251778006548
41 0.000014853122149744404
43 0.00002472922547553448
51 0.00004686777384075253
63 0.0000037855318677072396
65 0.00001773141897136357
67 0.00016815138569592077
69 0.00047449886069093585
71 0.00025123617956186376
72 0.0005292793176981127
73 0.00019291377466338104
74 0.0006099871709657873
76 0.0002671685307183822
87 0.0001891562677877985
89 0.00009505729945367397
104 0.00016413845014333722
113 0.00011133348371866765
123 0.000188234616351904
124 0.00009942778247685315
135 0.0014902664724012863
144 0.0008457118600083356
160 0.0003604749885585761
177 0.00015160120460271228
180 0.00005682431219851005
183 0.0002081290317624025
226 0.0002049311356991152
229 0.0005121877518304292
277 0.00009965045113662244
307 0.00045100831818119485
309 0.0003003233420124021
347 0.0004959549474809718
356 0.0008129944027528225
367 0.0002673724241223067
392 0.0005938676863953582
396 0.0007678541784258615
399 0.0002969338431976791
401 0.00018110073068838497
416 0.0015554665236139438
493 0.00023454039050719067
494 0.002343865022438332
520 0.00016189608767124534
538 0.0002852508106156339
540 0.0003471938241542892
669 0.00012589385831905585
682 0.0003753890228061612
851 0.00008185705212231243
875 0.0003841483956894837
888 0.000505900267840781
1062 0.00025810086072372616
1120 0.0008841754550026923
1198 0.00044451570202655086
1330 0.0003960586369806884
1618 0.00040380304757415875
3085 0.000618218327643938
3427 0.000618218327643938
3732 0.0005411640668664958
4257 0.0003887745697496512
4388 0.0036922372946377622
4443 0.0005908656000986806
4660 0.0006037805934374678
4952 0.0006758309323565803
5288 0.0007881489921597373
5720 0.0023634624003947224
6306 0.0021095509797055133
6480 0.0007881489921597373
7203 0.0024151223737498713
7220 0.0007881489921597373
7221 0.0023644469764792122
7222 0.000873114324417637
7223 0.000873114324417637
7224 0.000873114324417637
7225 0.000873114324417637
7226 0.000873114324417637
7227 0.000873114324417637