9 0.00020449951904203455
13 0.000006495774716904924
21 0.0001430533573344265
22 0.0001341735889149772
26 0.00012343399523364164
27 0.00033751149866781817
34 0.000043438765255019996
36 0.00004148193135099767
38 0.000014504115620244055
39 0.000004633778456304862
40 0.00000900625889003274
41 0.000011139841612308305
42 0.00015433140917806565
43 0.00002885076305479023
44 0.00020453330306294742
47 0.00004514127961646484
49 0.000041620673939093223
51 0.00004686777384075253
52 0.00014497369525357328
56 0.00012955459643277864
59 0.00020079305284486732
63 0.0000094638296692681
65 0.00001773141897136357
67 0.00004203784642398019
89 0.00009505729945367397
100 0.00015297081732618925
122 0.00036834169965234924
123 0.000188234616351904
132 0.0003985861298959538
143 0.00032998895069327885
150 0.00035621126149020904
165 0.00022550415909059743
171 0.0002737223581753738
180 0.00005682431219851005
193 0.0002936355528176933
196 0.0016758083415201893
206 0.0008890314040531017
264 0.00021085919057695548
277 0.0004982522556831122
286 0.0001987752449196317
288 0.00045603737918465233
293 0.0003285382939579267
297 0.00034888459666376895
347 0.0002479774737404859
375 0.00025891534254753946
376 0.00034065472379816113
389 0.00044451570202655086
393 0.00033907303651746636
401 0.00108660438413031
520 0.00016189608767124534
538 0.0002852508106156339
543 0.003564527732826196
549 0.00040380304757415875
559 0.0006345864806991627
564 0.0004942172352587358
569 0.00042093493558288133
609 0.00043730308863810597
648 0.0003201773905469762
649 0.0003960586369806884
671 0.0002597352724507996
711 0.0004092519030008361
722 0.0016761157027963517
729 0.0004691137279473833
749 0.0004603543550640608
760 0.000848076737550732
784 0.004442105364894139
851 0.00032742820848924973
864 0.001648863445323789
879 0.0002958245228348551
885 0.0006345864806991627
908 0.0029220219977519487
1001 0.00030739717354226806
1060 0.0002852508106156339
1120 0.0008841754550026923
1143 0.0005791825675166354
1208 0.0003541015143419739
1479 0.00038643965984885517
1596 0.0004603543550640608
1705 0.0004149542829511784
1713 0.0004120699366150429
1765 0.0006037805934374678
1781 0.000846746172956869
1878 0.0003841483956894837
1889 0.0006345864806991627
2007 0.0004408563537610837
2034 0.0005258216860189834
2155 0.00048355146215385347
2201 0.0006758309323565803
2447 0.0003985861298959538
2508 0.0012691729613983254
2624 0.0005685167944117531
2738 0.0014063673198036752
2794 0.0005685167944117531
2795 0.003920892760017917
3208 0.00034065472379816113
3630 0.0007031836599018376
3685 0.0006758309323565803
3690 0.0006758309323565803
3826 0.0010376305223591363
3928 0.0007507780456123224
4219 0.0011370335888235062
4222 0.0009043587776695111
4223 0.0008890314040531017
5064 0.0012691729613983254
5720 0.0029543280004934035
7203 0.0030189029671873397
7228 0.0007881489921597373
7229 0.0031525959686389492
7230 0.0023644469764792122
7231 0.0015762979843194746
7232 0.0007384474589275524
7233 0.0015762979843194746
7234 0.0015762979843194746
7235 0.0015762979843194746