0 0.00019243773886705868
1 0.0009167677355121335
2 0.00017273030805218352
11 0.0004092519030008361
13 0.00003897464830142955
15 0.0002564879550388143
16 0.00007545831652538253
20 0.0002464916487181342
21 0.000286106714668853
22 0.001207562300234795
26 0.0002468679904672833
34 0.00013031629576506
36 0.00012444579405299303
38 0.000017404938744292866
39 0.000018535113825219447
40 0.00003602503556013096
41 0.000025992963762052712
42 0.000051443803059355216
43 0.00005770152610958046
44 0.00006817776768764914
46 0.0000917153986534453
51 0.0001406033215222576
56 0.00012955459643277864
59 0.00020079305284486732
60 0.0005145835101134606
63 0.000007571063735414479
65 0.00001773141897136357
67 0.00004203784642398019
71 0.00012561808978093188
89 0.00019011459890734794
100 0.0003059416346523785
102 0.0005066488975853823
104 0.0004924153504300117
107 0.0002049311356991152
108 0.000549621148441263
115 0.0002059878583080766
123 0.000188234616351904
124 0.00009942778247685315
132 0.002391516779375723
134 0.0003672140565768559
144 0.0013531389760133368
158 0.00028424192373937554
160 0.00018023749427928805
171 0.0001368611790876869
179 0.0006172337515594486
180 0.00005682431219851005
184 0.00040649720137641123
210 0.0006403547810939524
237 0.0007117820430063682
261 0.0002338723830583595
277 0.00039860180454648976
286 0.0005963257347588951
297 0.00034888459666376895
300 0.0004120699366150429
309 0.0006006466840248042
310 0.00016226697770759457
319 0.00045619873460859607
333 0.0004338499289216686
347 0.0002479774737404859
352 0.0002958245228348551
366 0.00034225708731462997
368 0.00018686500362842702
375 0.00025891534254753946
396 0.00249552607988405
399 0.0008908015295930374
415 0.0006037805934374678
428 0.0004603543550640608
464 0.000393582208037624
520 0.00016189608767124534
543 0.002772410458864819
572 0.00033907303651746636
669 0.0002517877166381117
671 0.0005194705449015992
707 0.0005908656000986806
708 0.00035955036976865123
716 0.0003136207976380542
851 0.00008185705212231243
879 0.0008874735685045654
908 0.0062092967452228925
951 0.000549621148441263
979 0.0004338499289216686
1050 0.0004603543550640608
1094 0.0007384474589275524
1110 0.0005332529953860384
1120 0.0005894503033351281
1162 0.0006052724462960429
1208 0.0010623045430259218
1224 0.001793150652512555
1271 0.0003652527497189936
1280 0.00032568748957397626
1298 0.0005685167944117531
1349 0.0029543280004934035
1350 0.0007031836599018376
1479 0.00038643965984885517
1629 0.00043049138832493966
1691 0.0006758309323565803
1781 0.001411243621594782
1878 0.0007682967913789674
2077 0.0006534821266696528
2184 0.0013516618647131605
2323 0.0006758309323565803
2447 0.0051816196886474
2637 0.00043049138832493966
2697 0.001203500511236464
2700 0.0008076060951483175
2794 0.0022740671776470124
2955 0.0019604463800089586
3018 0.0004408563537610837
3201 0.0005411640668664958
4369 0.001099242296882526
4370 0.0004603543550640608
4456 0.0009043587776695111
4533 0.0018113417803124036
4867 0.0007384474589275524
5317 0.0007881489921597373
5720 0.0011817312001973612
6552 0.003267410633348264
7203 0.0012075611868749357
7210 0.0007881489921597373
7236 0.000873114324417637
7237 0.001746228648835274
7238 0.000873114324417637
7239 0.000873114324417637
7240 0.000873114324417637
7241 0.000873114324417637
7242 0.000873114324417637