9 0.0009202478356891554
12 0.0002564879550388143
13 0.00003247887358452463
19 0.0002642464683900639
22 0.0006708679445748862
29 0.0010659998863549467
30 0.00022182651134558653
33 0.00011331060825040136
34 0.00008687753051003999
36 0.00008296386270199534
38 0.000008702469372146433
39 0.000018535113825219447
40 0.00002101460407674306
41 0.000011139841612308305
42 0.00010288760611871043
43 0.00002472922547553448
44 0.00013635553537529827
46 0.0003210038952870586
47 0.00031598895731525394
49 0.000041620673939093223
51 0.00023433886920376268
55 0.00009700475713476236
56 0.00006477729821638932
57 0.0001250684069607151
63 0.0000037855318677072396
65 0.00001773141897136357
66 0.00009314029848720488
67 0.00008407569284796038
72 0.003881381663119493
87 0.000756625071151194
89 0.00009505729945367397
97 0.00023454039050719067
100 0.00015297081732618925
102 0.00025332444879269114
104 0.00032827690028667443
113 0.00011133348371866765
114 0.00021141259586679695
123 0.000188234616351904
124 0.0001988555649537063
130 0.00027274170858643915
140 0.0004603543550640608
165 0.00022550415909059743
171 0.0002737223581753738
177 0.00015160120460271228
180 0.00005682431219851005
197 0.0002904236905482616
226 0.0004098622713982304
247 0.0010422428952365614
258 0.0011881759109420651
264 0.0006325775717308665
267 0.0002783569986123394
271 0.00029918306343158405
347 0.0002479774737404859
356 0.00040649720137641123
367 0.0002673724241223067
411 0.00044608035070850863
445 0.00023123617256302196
486 0.0034984247091048477
520 0.0003237921753424907
573 0.0001652752038556845
574 0.0006758309323565803
595 0.00044451570202655086
648 0.002241241733828834
669 0.00012589385831905585
703 0.0002862680700927968
708 0.00035955036976865123
717 0.000393582208037624
788 0.0004149542829511784
803 0.0002597352724507996
851 0.00008185705212231243
858 0.0002457554359134993
928 0.00040116683707882124
1029 0.00023724943034546792
1120 0.00029472515166756405
1176 0.0009570950805910472
1198 0.0008890314040531017
1280 0.00032568748957397626
1325 0.0009370516107240867
1413 0.0012448628488535354
1487 0.0007384474589275524
1499 0.000393582208037624
2199 0.0004785475402955236
2378 0.0006006466840248042
3502 0.0007266446617404781
4204 0.00045619873460859607
4794 0.000618218327643938
5720 0.0011817312001973612
6552 0.002613928506678611
7203 0.0012075611868749357
7243 0.000873114324417637