9 0.00020449951904203455
13 0.000025983098867619697
14 0.00025254616640991854
15 0.0002564879550388143
16 0.00007545831652538253
17 0.0003773891517081107
21 0.000286106714668853
22 0.001207562300234795
23 0.0006840560687769785
33 0.00022662121650080273
36 0.00004148193135099767
38 0.000008702469372146433
39 0.000013901335368914586
40 0.00000900625889003274
41 0.000011139841612308305
42 0.00010288760611871043
43 0.00001236461273776724
44 0.00013635553537529827
46 0.00022928849663361327
47 0.00022570639808232424
49 0.000041620673939093223
51 0.00004686777384075253
55 0.00009700475713476236
56 0.00012955459643277864
57 0.0001250684069607151
63 0.0000037855318677072396
65 0.00001773141897136357
66 0.00009314029848720488
67 0.00004203784642398019
74 0.00030499358548289365
81 0.0005472212755932213
89 0.00009505729945367397
123 0.000188234616351904
124 0.00009942778247685315
130 0.00027274170858643915
171 0.0001368611790876869
180 0.00005682431219851005
274 0.0034724580394233776
279 0.00022929556638299245
286 0.0011926514695177902
288 0.00045603737918465233
293 0.0003285382939579267
352 0.0002958245228348551
368 0.00018686500362842702
411 0.00044608035070850863
494 0.0007812883408127773
497 0.00017684408550895013
573 0.0001652752038556845
648 0.0003201773905469762
669 0.00012589385831905585
851 0.00008185705212231243
1082 0.0026238185318286362
1120 0.00029472515166756405
1188 0.0016761157027963517
1300 0.000505900267840781
2043 0.0021330119815441534
2378 0.0003003233420124021
4174 0.0018546549829318141
5720 0.001772596800296042
6552 0.0006534821266696528
7143 0.0029537898357102094
7203 0.0018113417803124036
7244 0.0031525959686389492