0 0.00019243773886705868
9 0.00020449951904203455
11 0.0004092519030008361
12 0.0005129759100776286
13 0.00003247887358452463
14 0.0022729154976892673
15 0.0035908313705434007
22 0.0001341735889149772
27 0.003375114986678182
33 0.00011331060825040136
34 0.000043438765255019996
38 0.000008702469372146433
39 0.000013901335368914586
40 0.00000900625889003274
41 0.000011139841612308305
42 0.00010288760611871043
43 0.00001236461273776724
44 0.00013635553537529827
46 0.00027514619596033594
47 0.00031598895731525394
51 0.0001406033215222576
55 0.00009700475713476236
56 0.00006477729821638932
57 0.0001250684069607151
63 0.0000037855318677072396
65 0.00001773141897136357
66 0.00027942089546161464
67 0.00004203784642398019
73 0.00019291377466338104
76 0.0008015055921551466
77 0.00046465581618336337
81 0.0007296283674576283
99 0.0003271046043571432
104 0.00016413845014333722
113 0.00011133348371866765
124 0.00009942778247685315
171 0.0001368611790876869
185 0.0002656336848489608
186 0.0005050923328198371
237 0.002491237150522289
243 0.000264773477364449
251 0.00022002825322499402
259 0.00025891534254753946
264 0.00021085919057695548
277 0.00019930090227324488
352 0.0002958245228348551
365 0.0008544448391450592
368 0.00018686500362842702
442 0.0003242865707429365
494 0.001171932511219166
497 0.00017684408550895013
573 0.0001652752038556845
669 0.00012589385831905585
824 0.0023644469764792122
829 0.0007384474589275524
851 0.00008185705212231243
911 0.0004120699366150429
915 0.00032290148184198857
922 0.00043730308863810597
1029 0.0007117482910364039
1100 0.001604667348315285
1120 0.00029472515166756405
1196 0.0003841483956894837
1395 0.0003479000205792796
1396 0.0011076217679918256
1522 0.0005188152611795682
1523 0.0005188152611795682
4773 0.0005258216860189834
4904 0.000618218327643938
5425 0.0006758309323565803
5720 0.0023634624003947224
7203 0.0024151223737498713
7245 0.000873114324417637