1 0.0001309668193588762
2 0.00017273030805218352
9 0.0004089990380840691
13 0.000045470423018334476
16 0.00030183326610153013
19 0.00013212323419503196
20 0.0002464916487181342
21 0.000286106714668853
22 0.0001341735889149772
26 0.00012343399523364164
29 0.00026649997158873667
34 0.00017375506102007999
36 0.00008296386270199534
38 0.000014504115620244055
39 0.000018535113825219447
40 0.00002101460407674306
41 0.000014853122149744404
42 0.00020577521223742086
43 0.000020607687896278735
44 0.00013635553537529827
45 0.00025964242459217314
46 0.0003210038952870586
47 0.00031598895731525394
49 0.00008324134787818645
51 0.00009373554768150506
55 0.00009700475713476236
56 0.00006477729821638932
57 0.0001250684069607151
63 0.00001324936153697534
65 0.00003546283794272714
66 0.00009314029848720488
67 0.00008407569284796038
71 0.00012561808978093188
89 0.00019011459890734794
99 0.0006542092087142864
100 0.00015297081732618925
113 0.00033400045115600295
115 0.0006179635749242299
124 0.00029828334743055946
139 0.00028224872431895635
159 0.0003553673428358886
171 0.0005474447163507476
179 0.000925850627339173
180 0.00017047293659553015
197 0.0002904236905482616
210 0.0003201773905469762
226 0.0002049311356991152
234 0.0005332529953860384
245 0.000181970089392662
255 0.0005181909241565506
260 0.0011456975263667364
264 0.00021085919057695548
277 0.00019930090227324488
288 0.00022801868959232616
307 0.00022550415909059743
313 0.0004338499289216686
347 0.0002479774737404859
357 0.0003438806748054391
360 0.00019339166635443979
367 0.0002673724241223067
368 0.00018686500362842702
399 0.0005938676863953582
412 0.00028729384230050906
413 0.00024142866684252312
445 0.00023123617256302196
484 0.00043049138832493966
505 0.0013438784132999268
506 0.0008975491902947523
507 0.00027274170858643915
508 0.0013412556542463782
512 0.0006350250466893421
562 0.0024151223737498713
573 0.000330550407711369
608 0.0003438806748054391
669 0.0002517877166381117
687 0.0005258216860189834
709 0.0021819336686915132
746 0.0007344281131537118
749 0.0004603543550640608
784 0.0006345864806991627
810 0.00043730308863810597
851 0.00008185705212231243
852 0.002721421988247559
859 0.007090387201184168
868 0.0005418513784905688
871 0.0003960586369806884
901 0.0011370335888235062
1062 0.0007743025821711785
1084 0.00036920725599727517
1110 0.0005332529953860384
1117 0.0010665059907720767
1138 0.0005791825675166354
1162 0.00030263622314802144
1187 0.00035770704084433884
1271 0.0003652527497189936
1325 0.0065593612750686064
1357 0.0005587052342654505
1472 0.00043730308863810597
1526 0.000505900267840781
1528 0.00043730308863810597
1544 0.0006037805934374678
1621 0.0004338499289216686
1744 0.0006534821266696528
1785 0.0009149807564486811
1824 0.0005258216860189834
1830 0.000499919615209078
1997 0.0005587052342654505
2014 0.0030949260732489525
2029 0.0006534821266696528
2148 0.0008965753262562775
2367 0.0006534821266696528
2378 0.0006006466840248042
2513 0.0006345864806991627
2535 0.0005332529953860384
2576 0.0007031836599018376
2629 0.0006345864806991627
3020 0.0006534821266696528
3427 0.000618218327643938
3685 0.0006758309323565803
4169 0.000424038368775366
4822 0.0007031836599018376
5239 0.0007384474589275524
5385 0.0007031836599018376
5840 0.0007031836599018376
7180 0.0007384474589275524
7201 0.0015762979843194746
7246 0.000873114324417637
7247 0.000873114324417637
7248 0.000873114324417637
7249 0.0007384474589275524
7250 0.000873114324417637
7251 0.000873114324417637
7252 0.0007881489921597373
7253 0.000873114324417637
7254 0.000873114324417637
7255 0.000873114324417637
7256 0.01222360054184692
7257 0.018335400812770377
7258 0.0007384474589275524
7259 0.000873114324417637