0 0.0009621886943352936
1 0.0003929004580766286
2 0.00017273030805218352
9 0.0003749157849103967
13 0.0000779492966028591
28 0.0005066488975853823
29 0.00026649997158873667
33 0.00011331060825040136
34 0.00026063259153012
36 0.00004148193135099767
38 0.000008702469372146433
39 0.000032436449194134037
40 0.000015010431483387899
41 0.000014853122149744404
42 0.00015433140917806565
43 0.00002885076305479023
44 0.0003408888384382457
45 0.0003894636368882597
46 0.0005961500912473944
47 0.0006319779146305079
49 0.00008324134787818645
51 0.00009373554768150506
55 0.00019400951426952473
56 0.0005182183857311146
57 0.0003752052208821453
60 0.0005145835101134606
63 0.00000567829780156086
64 0.00018731984297588175
65 0.00001773141897136357
67 0.00008407569284796038
71 0.00025123617956186376
76 0.0004007527960775733
88 0.00024872719512041187
89 0.00019011459890734794
97 0.00023454039050719067
100 0.0004589124519785678
114 0.0004228251917335939
115 0.0002059878583080766
125 0.0002682511308492756
144 0.0016914237200166711
146 0.000264773477364449
159 0.0007107346856717773
165 0.00022550415909059743
177 0.0012128096368216983
180 0.00017047293659553015
183 0.0006243870952872076
186 0.00025254616640991854
193 0.0020554488697238534
196 0.0003351616683040378
226 0.0002049311356991152
245 0.000363940178785324
251 0.00022002825322499402
277 0.0004982522556831122
286 0.0003975504898392634
287 0.00025810086072372616
297 0.00034888459666376895
300 0.0012362098098451287
304 0.0005211214476182807
309 0.0003003233420124021
335 0.000505900267840781
350 0.000499919615209078
352 0.0002958245228348551
368 0.00018686500362842702
392 0.0011877353727907164
401 0.00036220146137676994
430 0.00022365154352182467
437 0.00032153186911851154
475 0.004007752981299156
476 0.00045619873460859607
487 0.0021524569416246984
520 0.00016189608767124534
540 0.0003471938241542892
545 0.002391516779375723
575 0.000505900267840781
576 0.0003086168757797243
585 0.0003911548205288988
586 0.0006037805934374678
587 0.0004942172352587358
658 0.0003841483956894837
662 0.0004408563537610837
669 0.0002517877166381117
689 0.0017219655532997587
703 0.0002862680700927968
711 0.0004092519030008361
716 0.0003136207976380542
746 0.0003672140565768559
749 0.0009207087101281216
772 0.0002597352724507996
780 0.0003775208863403447
845 0.00043730308863810597
851 0.00008185705212231243
858 0.0017202880513944954
871 0.0003960586369806884
879 0.0008874735685045654
905 0.0004942172352587358
967 0.0005791825675166354
1066 0.000424038368775366
1067 0.0004408563537610837
1086 0.0005258216860189834
1101 0.0009293116323667267
1122 0.0007031836599018376
1142 0.0005188152611795682
1314 0.0006758309323565803
1319 0.000618218327643938
1330 0.001980293184903442
1440 0.014219021535810575
1613 0.0010665059907720767
1705 0.0004149542829511784
1713 0.0016482797464601716
1769 0.000499919615209078
1781 0.000846746172956869
1827 0.00041790813825628515
1837 0.000499919615209078
1878 0.0015365935827579347
2199 0.0009570950805910472
2213 0.0008890314040531017
2260 0.00045619873460859607
2371 0.0006534821266696528
2447 0.0007971722597919076
2535 0.0010665059907720767
2587 0.0007384474589275524
2620 0.0007384474589275524
2637 0.00043049138832493966
2697 0.0008023336741576425
2700 0.00040380304757415875
2701 0.0004603543550640608
2702 0.00046465581618336337
2703 0.00045217938883475555
3007 0.00043049138832493966
3018 0.0004408563537610837
3208 0.00034065472379816113
3871 0.0006345864806991627
3928 0.0007507780456123224
4370 0.0004603543550640608
4371 0.0004785475402955236
4372 0.0004691137279473833
4373 0.00046465581618336337
4374 0.0004737399020075509
4375 0.0004603543550640608
4448 0.0007384474589275524
4456 0.0009043587776695111
4457 0.0023167302700665415
4743 0.0024177573107692675
5476 0.0006758309323565803
5514 0.0005791825675166354
5648 0.0006534821266696528
5859 0.0007384474589275524
7249 0.0007384474589275524
7260 0.0023644469764792122
7261 0.003940744960798687
7262 0.0007881489921597373
7263 0.0007881489921597373
7264 0.0007881489921597373
7265 0.0007881489921597373
7266 0.0007031836599018376
7267 0.0007881489921597373
7268 0.0007881489921597373
7269 0.0015762979843194746