1 0.0001309668193588762
12 0.0002564879550388143
13 0.000019487324150714776
16 0.00015091663305076506
23 0.00022801868959232616
28 0.00025332444879269114
30 0.00022182651134558653
33 0.00045324243300160546
34 0.000043438765255019996
36 0.0002074096567549884
38 0.000008702469372146433
39 0.000004633778456304862
40 0.00000900625889003274
42 0.000051443803059355216
43 0.000008243075158511493
49 0.000041620673939093223
58 0.0013729251875537582
59 0.0010039652642243367
63 0.00000567829780156086
65 0.00001773141897136357
89 0.00009505729945367397
115 0.0002059878583080766
177 0.00030320240920542457
225 0.00042093493558288133
271 0.00029918306343158405
279 0.0004585911327659849
282 0.0003818991754555788
307 0.00022550415909059743
367 0.0002673724241223067
393 0.00033907303651746636
496 0.0004929832974362684
735 0.0028959128375831773
738 0.0007384474589275524
902 0.0003753890228061612
942 0.00043730308863810597
1037 0.0005418513784905688
1176 0.0028712852417731418
1413 0.0008299085659023568
1625 0.0005332529953860384
1937 0.0005791825675166354
1938 0.000873114324417637
1939 0.0007881489921597373
1940 0.000873114324417637
1941 0.0007881489921597373
1942 0.0005685167944117531