13 0.00005196619773523939
20 0.0014789498923088056
36 0.00004148193135099767
38 0.000008702469372146433
39 0.000013901335368914586
40 0.00000900625889003274
41 0.000011139841612308305
42 0.00015433140917806565
43 0.000004121537579255747
44 0.00013635553537529827
46 0.00022928849663361327
47 0.00022570639808232424
56 0.00012955459643277864
57 0.0001250684069607151
63 0.00000567829780156086
65 0.00003546283794272714
66 0.00018628059697440975
67 0.00004203784642398019
76 0.0004007527960775733
81 0.00036481418372881415
89 0.0003802291978146959
113 0.00011133348371866765
122 0.00036834169965234924
124 0.00009942778247685315
177 0.0006064048184108491
179 0.000925850627339173
180 0.00005682431219851005
183 0.0002081290317624025
214 0.00109463963244782
243 0.000264773477364449
245 0.000181970089392662
275 0.0004120699366150429
277 0.0004982522556831122
286 0.0003975504898392634
287 0.0010324034428949047
360 0.00019339166635443979
368 0.00018686500362842702
379 0.0003438806748054391
396 0.0005758906338193962
399 0.0008908015295930374
401 0.0007244029227535399
430 0.00044730308704364933
457 0.0002936355528176933
506 0.0026926475708842572
520 0.0003237921753424907
537 0.0003960586369806884
562 0.0012075611868749357
576 0.0003086168757797243
589 0.0009474798040151018
590 0.0003672140565768559
591 0.00044451570202655086
649 0.0003960586369806884
665 0.0009775367596641168
666 0.0006513749791479525
669 0.00012589385831905585
687 0.0005258216860189834
689 0.00043049138832493966
694 0.0004887683798320584
697 0.0004691137279473833
703 0.0002862680700927968
759 0.00035770704084433884
837 0.0006534821266696528
851 0.00008185705212231243
862 0.0011817312001973612
920 0.009543948507877105
1001 0.00030739717354226806
1060 0.0002852508106156339
1138 0.0011583651350332708
1235 0.0005258216860189834
1247 0.00046465581618336337
1305 0.0004691137279473833
1315 0.001793150652512555
1383 0.0005685167944117531
1551 0.009219379532947727
1671 0.004946590335971368
2029 0.0006534821266696528
2213 0.0008890314040531017
2413 0.0023167302700665415
3007 0.004304913883249397
3128 0.0007031836599018376
3703 0.0007384474589275524
4743 0.00048355146215385347
4760 0.0004942172352587358
4852 0.0006758309323565803
5563 0.0014063673198036752
5649 0.0036922372946377622
6201 0.007881489921597373
6264 0.0007881489921597373
6623 0.003940744960798687
7077 0.0047308165264960626
7270 0.000873114324417637
7271 0.003492457297670548
7272 0.001746228648835274
7273 0.000873114324417637
7274 0.000873114324417637
7275 0.0007881489921597373
7276 0.003492457297670548
7277 0.003492457297670548
7278 0.001746228648835274
7279 0.001746228648835274
7280 0.000873114324417637
7281 0.001746228648835274
7282 0.001746228648835274
7283 0.000873114324417637