9 0.00017041626586836213
13 0.000025983098867619697
16 0.00015091663305076506
22 0.0001341735889149772
38 0.000008702469372146433
39 0.000013901335368914586
40 0.000012008345186710319
41 0.000014853122149744404
42 0.00020577521223742086
43 0.000016486150317022987
44 0.00013635553537529827
46 0.0003210038952870586
47 0.00031598895731525394
49 0.000041620673939093223
51 0.00004686777384075253
55 0.00009700475713476236
56 0.00006477729821638932
57 0.0001250684069607151
63 0.0000037855318677072396
65 0.00001773141897136357
66 0.00018628059697440975
67 0.00008407569284796038
72 0.00017642643923270423
73 0.00019291377466338104
76 0.0001335842653591911
124 0.00009942778247685315
146 0.000264773477364449
150 0.00035621126149020904
151 0.0006719392066499634
180 0.00005682431219851005
193 0.0002936355528176933
196 0.0003351616683040378
229 0.0005121877518304292
288 0.0006840560687769785
289 0.0003712334023506965
310 0.00016226697770759457
321 0.0009671029243077069
347 0.0002479774737404859
401 0.00036220146137676994
464 0.000393582208037624
493 0.00023454039050719067
494 0.00039064417040638865
496 0.0004929832974362684
497 0.00017684408550895013
558 0.0003775208863403447
562 0.0030189029671873397
590 0.0003672140565768559
613 0.0002597352724507996
669 0.00012589385831905585
784 0.0006345864806991627
851 0.00008185705212231243
1153 0.0004120699366150429
1214 0.000424038368775366
1285 0.00036332233087023905
1395 0.0003479000205792796
2063 0.00040116683707882124
2090 0.0006037805934374678
2195 0.0019604463800089586
2650 0.0006037805934374678
3141 0.003267410633348264
5705 0.0015762979843194746
5707 0.0022153423767826575
7077 0.0006758309323565803
7266 0.0007031836599018376
7284 0.000873114324417637
7285 0.005238685946505822
7286 0.000873114324417637