13 0.000025983098867619697
16 0.00007545831652538253
34 0.00013031629576506
36 0.00008296386270199534
37 0.0006292794582289934
38 0.000008702469372146433
39 0.000032436449194134037
40 0.00000900625889003274
41 0.000011139841612308305
42 0.00010288760611871043
43 0.00002472922547553448
44 0.00013635553537529827
45 0.00012982121229608657
46 0.00027514619596033594
47 0.00031598895731525394
51 0.00009373554768150506
63 0.0000037855318677072396
65 0.00001773141897136357
66 0.00018628059697440975
67 0.00012611353927194057
69 0.00023724943034546792
71 0.00012561808978093188
76 0.0009350898575143378
88 0.0004974543902408237
113 0.00011133348371866765
122 0.00018417084982617462
150 0.00035621126149020904
151 0.0006719392066499634
177 0.00015160120460271228
180 0.0001136486243970201
183 0.0014569032223368179
194 0.007735020258920215
196 0.0006703233366080756
277 0.00019930090227324488
286 0.0001987752449196317
288 0.0009120747583693047
320 0.00029472515166756405
324 0.0003753890228061612
368 0.00018686500362842702
393 0.00033907303651746636
401 0.00036220146137676994
416 0.00031109330472278875
493 0.0009381615620287627
494 0.0015625766816255546
496 0.0002464916487181342
550 0.00025332444879269114
551 0.0002832412727662006
663 0.0010665059907720767
670 0.0003329428059983855
703 0.0002862680700927968
786 0.00040380304757415875
851 0.00008185705212231243
1031 0.00042093493558288133
1074 0.004945746621151504
1162 0.00030263622314802144
1214 0.000424038368775366
1271 0.0003652527497189936
1285 0.0018166116543511955
1388 0.0003753890228061612
1781 0.00028224872431895635
1785 0.00030499358548289365
2085 0.0003672140565768559
2202 0.00046465581618336337
2203 0.0004603543550640608
2204 0.0005258216860189834
2654 0.0004785475402955236
3359 0.0006534821266696528
3499 0.0006758309323565803
3507 0.0013015497867650057
3799 0.0007881489921597373
4747 0.0006345864806991627
4753 0.0007031836599018376
5643 0.000618218327643938
5936 0.0014768949178551047
7077 0.002027492797069741
7266 0.0007031836599018376
7287 0.001746228648835274
7288 0.000873114324417637
7289 0.000873114324417637