1 0.0001309668193588762
9 0.00027266602538937937
13 0.00003897464830142955
20 0.0002464916487181342
30 0.0008873060453823461
34 0.00008687753051003999
36 0.00004148193135099767
38 0.000005801646248097621
40 0.0000030020862966775796
41 0.000003713280537436101
43 0.000016486150317022987
49 0.00008324134787818645
51 0.00009373554768150506
52 0.00014497369525357328
56 0.00006477729821638932
63 0.0000037855318677072396
65 0.00003546283794272714
73 0.00019291377466338104
81 0.00018240709186440708
89 0.00009505729945367397
100 0.00015297081732618925
114 0.00021141259586679695
124 0.00009942778247685315
136 0.0005851111081648902
179 0.006172337515594487
180 0.0001136486243970201
245 0.000181970089392662
247 0.00026056072380914035
255 0.00017273030805218352
391 0.005548061422499167
411 0.00044608035070850863
554 0.0003985861298959538
555 0.0002457554359134993
647 0.0005332529953860384
670 0.0003329428059983855
851 0.00008185705212231243
868 0.0002709256892452844
873 0.00037969048392546374
879 0.0002958245228348551
1010 0.0015365632554912878
1062 0.00025810086072372616
1321 0.0006542092087142864
1325 0.0015617526845401444
1479 0.00038643965984885517
1621 0.0004338499289216686
1705 0.0008299085659023568
1878 0.0003841483956894837
1935 0.001011800535681562
2021 0.000499919615209078
2128 0.00043730308863810597
3928 0.0015015560912246448
4205 0.0005188152611795682
5457 0.002842583972058766