1 0.0001309668193588762
9 0.00013633301269468968
16 0.00007545831652538253
18 0.00023724943034546792
19 0.00013212323419503196
22 0.0002683471778299544
26 0.00012343399523364164
29 0.0007994999147662101
30 0.00022182651134558653
36 0.00012444579405299303
38 0.000008702469372146433
39 0.000013901335368914586
40 0.000012008345186710319
41 0.000003713280537436101
43 0.000016486150317022987
44 0.0003408888384382457
49 0.00012486202181727967
51 0.00004686777384075253
55 0.00038801902853904946
63 0.0000037855318677072396
65 0.00003546283794272714
66 0.00009314029848720488
76 0.0005343370614367644
81 0.0007296283674576283
87 0.0018915626778779851
89 0.00009505729945367397
105 0.0006629139619520678
146 0.000529546954728898
154 0.0003314569809760339
180 0.00005682431219851005
183 0.00416258063524805
186 0.00025254616640991854
279 0.0004585911327659849
307 0.00022550415909059743
310 0.00016226697770759457
352 0.0002958245228348551
368 0.00018686500362842702
375 0.00025891534254753946
401 0.0007244029227535399
411 0.00044608035070850863
438 0.0007191007395373025
439 0.0003314569809760339
452 0.0002764565099464942
494 0.00039064417040638865
496 0.0002464916487181342
520 0.00016189608767124534
576 0.0003086168757797243
608 0.0003438806748054391
851 0.00016371410424462487
858 0.0002457554359134993
1348 0.000618218327643938
1390 0.0005587052342654505
2124 0.0007384474589275524
2354 0.0018546549829318141
2688 0.0006758309323565803
3163 0.0005908656000986806
3226 0.0005188152611795682
3599 0.0015762979843194746
7290 0.001746228648835274
7291 0.015716057839517468
7292 0.0007881489921597373