2 0.00017273030805218352
9 0.00013633301269468968
13 0.000006495774716904924
16 0.00007545831652538253
33 0.00011331060825040136
38 0.000008702469372146433
39 0.000009267556912609724
40 0.000006004172593355159
41 0.000007426561074872202
42 0.000051443803059355216
43 0.00001236461273776724
44 0.00013635553537529827
46 0.0003210038952870586
47 0.00036113023693171874
48 0.00013154366307515625
49 0.00012486202181727967
51 0.00009373554768150506
63 0.0000037855318677072396
65 0.00003546283794272714
67 0.00004203784642398019
76 0.0006679213267959556
87 0.000378312535575597
104 0.00016413845014333722
113 0.00033400045115600295
154 0.0006629139619520678
160 0.00018023749427928805
180 0.00005682431219851005
183 0.0010406451588120126
185 0.0010625347393958431
259 0.00025891534254753946
307 0.00045100831818119485
313 0.0008676998578433372
368 0.00018686500362842702
377 0.0003188377153162591
401 0.00018110073068838497
412 0.00028729384230050906
413 0.00024142866684252312
445 0.005318431968949505
550 0.00025332444879269114
573 0.0001652752038556845
666 0.00032568748957397626
851 0.00008185705212231243
1024 0.001011800535681562
1621 0.0004338499289216686
3507 0.0004338499289216686
5169 0.0007031836599018376
6048 0.0007384474589275524
6558 0.0007031836599018376