9 0.00020449951904203455
13 0.000012991549433809848
16 0.00007545831652538253
30 0.001109132556727933
33 0.00011331060825040136
34 0.00008687753051003999
36 0.00004148193135099767
38 0.000008702469372146433
39 0.000013901335368914586
40 0.00000900625889003274
41 0.000018566402687180508
43 0.000020607687896278735
44 0.00013635553537529827
46 0.0004127192939405039
47 0.00045141279616464847
48 0.00013154366307515625
49 0.000041620673939093223
51 0.00009373554768150506
55 0.00019400951426952473
63 0.0000037855318677072396
65 0.00001773141897136357
66 0.00027942089546161464
67 0.00008407569284796038
69 0.00023724943034546792
70 0.00035233775638020634
71 0.00012561808978093188
73 0.00019291377466338104
87 0.0005674688033633956
102 0.0007599733463780734
113 0.0004453339348746706
177 0.00015160120460271228
180 0.00005682431219851005
185 0.0007969010545468823
255 0.0005181909241565506
259 0.00025891534254753946
289 0.0003712334023506965
368 0.00018686500362842702
445 0.0009249446902520878
550 0.00025332444879269114
573 0.000330550407711369
781 0.0009293116323667267
851 0.00008185705212231243
1172 0.0004887683798320584
1395 0.0001739500102896398
1442 0.0017353997156866743
1511 0.0004408563537610837
1621 0.0004338499289216686
3163 0.0005908656000986806