0 0.00019243773886705868
1 0.0001309668193588762
2 0.00017273030805218352
5 0.0002365665368606119
6 0.0002400196965770493
7 0.000233207996263883
13 0.00003247887358452463
26 0.00012343399523364164
30 0.0006654795340367597
36 0.00004148193135099767
38 0.000008702469372146433
39 0.000009267556912609724
40 0.000015010431483387899
41 0.000011139841612308305
42 0.000051443803059355216
43 0.00001236461273776724
46 0.00022928849663361327
47 0.00022570639808232424
49 0.000041620673939093223
51 0.00004686777384075253
52 0.00014497369525357328
61 0.00035285287846540845
63 0.0000037855318677072396
66 0.00009314029848720488
89 0.00019011459890734794
100 0.0003059416346523785
124 0.00009942778247685315
143 0.0006599779013865577
171 0.0001368611790876869
226 0.0002049311356991152
250 0.0003712334023506965
272 0.0004737399020075509
277 0.00019930090227324488
360 0.00019339166635443979
379 0.0003438806748054391
402 0.000999839230418156
452 0.0002764565099464942
486 0.0008746061772762119
534 0.0005908656000986806
538 0.0002852508106156339
569 0.00042093493558288133
589 0.0004737399020075509
590 0.0003672140565768559
591 0.00044451570202655086
595 0.00044451570202655086
663 0.0005332529953860384
694 0.0004887683798320584
763 0.0006758309323565803
765 0.0015997589861581152
772 0.0002597352724507996
820 0.0009293116323667267
821 0.0012691729613983254
822 0.0005908656000986806
915 0.00032290148184198857
1073 0.0013939674485500902
1297 0.000549621148441263
1301 0.0014826517057762074
1315 0.00044828766312813873
1326 0.0006534821266696528
1327 0.0006534821266696528
1328 0.0010623045430259218
1943 0.002619342973252911
1944 0.002619342973252911
1945 0.000873114324417637
1946 0.000873114324417637
1947 0.0007881489921597373