9 0.00017041626586836213
13 0.000019487324150714776
16 0.00007545831652538253
19 0.00013212323419503196
30 0.001109132556727933
33 0.00011331060825040136
36 0.00008296386270199534
38 0.000005801646248097621
39 0.000013901335368914586
40 0.00000900625889003274
41 0.000011139841612308305
43 0.000016486150317022987
44 0.00020453330306294742
46 0.0003668615946137812
47 0.00040627151654818366
49 0.000041620673939093223
52 0.0004349210857607199
55 0.00009700475713476236
56 0.00006477729821638932
57 0.0001250684069607151
63 0.00000567829780156086
65 0.00001773141897136357
67 0.00008407569284796038
71 0.00012561808978093188
72 0.0005292793176981127
73 0.0003858275493267621
74 0.00030499358548289365
76 0.0002671685307183822
87 0.0001891562677877985
136 0.0011702222163297803
180 0.00005682431219851005
247 0.0005211214476182807
261 0.000467744766116719
412 0.00028729384230050906
413 0.00024142866684252312
669 0.0002517877166381117
851 0.00008185705212231243
1062 0.0007743025821711785
1264 0.00046465581618336337
4257 0.0003887745697496512
7131 0.0015762979843194746