1 0.0001309668193588762
2 0.00017273030805218352
9 0.00017041626586836213
13 0.000012991549433809848
14 0.00025254616640991854
15 0.0005129759100776286
20 0.0002464916487181342
21 0.0001430533573344265
22 0.0001341735889149772
33 0.00011331060825040136
34 0.000043438765255019996
36 0.0002074096567549884
38 0.000005801646248097621
39 0.000013901335368914586
40 0.00000900625889003274
41 0.000007426561074872202
42 0.000051443803059355216
43 0.00001236461273776724
44 0.00027271107075059654
46 0.00027514619596033594
47 0.00027084767769878907
49 0.000041620673939093223
51 0.00004686777384075253
52 0.00014497369525357328
60 0.0002572917550567303
63 0.00000567829780156086
65 0.00003546283794272714
66 0.00018628059697440975
67 0.00004203784642398019
84 0.0006392638866670728
89 0.00047528649726836993
104 0.00032827690028667443
113 0.0002226669674373353
123 0.000188234616351904
150 0.00017810563074510452
171 0.0002737223581753738
175 0.0011261670684184837
180 0.00005682431219851005
264 0.00021085919057695548
288 0.001140093447961631
292 0.0002914849877710017
304 0.00026056072380914035
307 0.00022550415909059743
457 0.0011745422112707732
551 0.0002832412727662006
573 0.0001652752038556845
678 0.0004603543550640608
851 0.00008185705212231243
868 0.0002709256892452844
893 0.0003775208863403447
1062 0.00025810086072372616
1310 0.00036332233087023905
1325 0.0006247010738160577
1416 0.0005411640668664958
2166 0.0006345864806991627
2693 0.000424038368775366
2764 0.006800401604083319
2770 0.0015564457835387047
4822 0.0007031836599018376
7297 0.000873114324417637