9 0.00020449951904203455
13 0.00003247887358452463
16 0.00007545831652538253
21 0.0014305335733442652
22 0.0002683471778299544
26 0.000370301985700925
34 0.00013031629576506
36 0.00012444579405299303
38 0.000005801646248097621
39 0.00002316889228152431
40 0.000015010431483387899
41 0.000014853122149744404
42 0.00015433140917806565
43 0.00002472922547553448
45 0.00012982121229608657
48 0.00013154366307515625
49 0.00008324134787818645
51 0.00004686777384075253
55 0.00009700475713476236
56 0.00019433189464916796
61 0.00017642643923270423
63 0.0000037855318677072396
65 0.00003546283794272714
67 0.00004203784642398019
73 0.00019291377466338104
81 0.00018240709186440708
89 0.00028517189836102194
104 0.00016413845014333722
107 0.0002049311356991152
113 0.00011133348371866765
118 0.01452653871110503
124 0.0001988555649537063
125 0.0002682511308492756
130 0.00027274170858643915
135 0.0014902664724012863
144 0.0005074271160050014
171 0.0002737223581753738
180 0.0003409458731910603
197 0.0005808473810965232
226 0.0002049311356991152
251 0.00022002825322499402
261 0.0002338723830583595
275 0.0004120699366150429
277 0.00009965045113662244
286 0.0009938762245981585
288 0.00022801868959232616
294 0.0031886890391676303
297 0.00034888459666376895
307 0.00022550415909059743
310 0.00048680093312278375
348 0.0004272224195725296
352 0.0008874735685045654
353 0.0003753890228061612
391 0.0011096122844998333
392 0.0005938676863953582
401 0.000905503653441925
411 0.00022304017535425432
416 0.0027998397425050992
441 0.0003438806748054391
442 0.0003242865707429365
445 0.00023123617256302196
475 0.004866557191577547
480 0.0003672140565768559
497 0.0005305322565268504
520 0.00016189608767124534
558 0.0003775208863403447
595 0.00044451570202655086
598 0.010615399451043561
608 0.0006877613496108782
649 0.0003960586369806884
662 0.0004408563537610837
669 0.00012589385831905585
725 0.008495267646705487
769 0.00045619873460859607
794 0.0026662649769301923
851 0.0006957849430396558
858 0.000737266307740498
875 0.0003841483956894837
898 0.0009044229827728666
996 0.0005685167944117531
1027 0.0005332529953860384
1029 0.00023724943034546792
1093 0.00036920725599727517
1153 0.0004120699366150429
1154 0.0007921172739613768
1196 0.0007682967913789674
1198 0.00044451570202655086
1310 0.003269900977832152
1395 0.0005218500308689194
1446 0.0007191007395373025
1450 0.0006513749791479525
1494 0.0005188152611795682
1499 0.000393582208037624
1616 0.0005685167944117531
1630 0.0005587052342654505
1725 0.0008817127075221674
1785 0.0006099871709657873
2063 0.0008023336741576425
2155 0.00048355146215385347
2199 0.0004785475402955236
2336 0.00140734118384215
2378 0.0003003233420124021
2605 0.001772596800296042
2618 0.0006345864806991627
2635 0.0007881489921597373
2746 0.0005188152611795682
2747 0.0007384474589275524
3092 0.0004338499289216686
3226 0.0010376305223591363
3353 0.0005332529953860384
4261 0.0005908656000986806
4609 0.0005332529953860384
4952 0.0006758309323565803
5015 0.0007881489921597373
6479 0.0007384474589275524
6969 0.0007031836599018376
7108 0.0007384474589275524
7298 0.001746228648835274
7299 0.000873114324417637
7300 0.000873114324417637
7301 0.000873114324417637
7302 0.000873114324417637