1 0.0001309668193588762
9 0.00017041626586836213
13 0.000012991549433809848
19 0.0002642464683900639
21 0.000572213429337706
26 0.0002468679904672833
36 0.00029037351945698374
38 0.000008702469372146433
39 0.000009267556912609724
40 0.000012008345186710319
41 0.000014853122149744404
42 0.00010288760611871043
43 0.000016486150317022987
49 0.00008324134787818645
51 0.00009373554768150506
52 0.00028994739050714656
61 0.00017642643923270423
63 0.00000567829780156086
65 0.00001773141897136357
66 0.00018628059697440975
67 0.00008407569284796038
71 0.00012561808978093188
72 0.0010585586353962255
89 0.0003802291978146959
95 0.0017088896782901184
122 0.00018417084982617462
124 0.0001988555649537063
135 0.00029805329448025724
139 0.00028224872431895635
171 0.0001368611790876869
177 0.00030320240920542457
179 0.000925850627339173
180 0.00005682431219851005
183 0.0012487741905744152
214 0.000273659908111955
226 0.0004098622713982304
247 0.00026056072380914035
286 0.0003975504898392634
309 0.0003003233420124021
310 0.00032453395541518913
347 0.0004959549474809718
391 0.0011096122844998333
401 0.000543302192065155
405 0.0004942172352587358
416 0.0015554665236139438
455 0.00041790813825628515
475 0.002576412630835172
551 0.0002832412727662006
662 0.0004408563537610837
669 0.00012589385831905585
769 0.00045619873460859607
851 0.00016371410424462487
858 0.0002457554359134993
979 0.0004338499289216686
995 0.0005791825675166354
1010 0.0005121877518304292
1062 0.00025810086072372616
1325 0.0021864537583562026
1403 0.0006910521121340801
1504 0.0005332529953860384
1618 0.00040380304757415875
1621 0.0004338499289216686
1629 0.00043049138832493966
1843 0.001180746624112872
1996 0.0005121877518304292
2371 0.0006534821266696528
2378 0.0003003233420124021
2398 0.00044828766312813873
2693 0.000424038368775366
2876 0.0006037805934374678
2989 0.000618218327643938
3353 0.0010665059907720767
4147 0.0005685167944117531
5914 0.0006534821266696528
7303 0.000873114324417637
7304 0.000873114324417637
7305 0.000873114324417637
7306 0.000873114324417637