1 0.0002619336387177524
9 0.00020449951904203455
13 0.000019487324150714776
16 0.00015091663305076506
19 0.0002642464683900639
21 0.000572213429337706
22 0.0002683471778299544
36 0.00004148193135099767
38 0.000005801646248097621
39 0.000009267556912609724
40 0.000015010431483387899
41 0.00002227968322461661
42 0.00020577521223742086
43 0.000037093838213301725
49 0.00008324134787818645
51 0.00004686777384075253
56 0.0002591091928655573
61 0.00017642643923270423
63 0.00000567829780156086
64 0.00018731984297588175
65 0.00005319425691409072
66 0.00018628059697440975
67 0.00004203784642398019
69 0.00023724943034546792
70 0.00035233775638020634
71 0.00025123617956186376
72 0.0024699701492578593
74 0.00030499358548289365
76 0.002003763980387867
81 0.00018240709186440708
89 0.00009505729945367397
100 0.00015297081732618925
102 0.0005066488975853823
113 0.0002226669674373353
114 0.00021141259586679695
130 0.00027274170858643915
139 0.00028224872431895635
177 0.00015160120460271228
180 0.0001136486243970201
183 0.00083251612704961
186 0.00025254616640991854
243 0.000529546954728898
245 0.000181970089392662
253 0.0002472323099654942
264 0.00021085919057695548
275 0.0004120699366150429
297 0.00034888459666376895
310 0.00048680093312278375
391 0.00166441842674975
399 0.0005938676863953582
401 0.00018110073068838497
411 0.00044608035070850863
412 0.00028729384230050906
413 0.00024142866684252312
430 0.00022365154352182467
437 0.00032153186911851154
445 0.0004624723451260439
457 0.0002936355528176933
467 0.0006910521121340801
475 0.0002862680700927968
484 0.00043049138832493966
494 0.0013672545964223603
497 0.00017684408550895013
545 0.0003985861298959538
572 0.0010172191095523992
648 0.0025614191243758097
760 0.000424038368775366
851 0.00008185705212231243
879 0.0002958245228348551
1062 0.00025810086072372616
1208 0.0003541015143419739
1305 0.0004691137279473833
1395 0.0001739500102896398
1403 0.00034552605606704003
1494 0.0005188152611795682
1618 0.00040380304757415875
1705 0.0004149542829511784
1725 0.0004408563537610837
1878 0.0003841483956894837
2378 0.0006006466840248042
2465 0.0007031836599018376
2693 0.000424038368775366
3507 0.0004338499289216686
3732 0.0005411640668664958
3928 0.0011261670684184837
4180 0.0006345864806991627
5632 0.0006758309323565803
6813 0.0007384474589275524
7307 0.0007881489921597373
7308 0.0007881489921597373
7309 0.0023644469764792122
7310 0.0031525959686389492
7311 0.0015762979843194746
7312 0.0015762979843194746
7313 0.0015762979843194746
7314 0.0015762979843194746
7315 0.0007881489921597373
7316 0.0007881489921597373