9 0.00013633301269468968
13 0.00003897464830142955
16 0.00015091663305076506
26 0.00012343399523364164
29 0.00026649997158873667
30 0.00022182651134558653
33 0.00011331060825040136
34 0.000043438765255019996
36 0.00012444579405299303
38 0.000011603292496195242
39 0.000013901335368914586
40 0.000006004172593355159
41 0.000011139841612308305
42 0.000051443803059355216
43 0.000020607687896278735
45 0.00012982121229608657
61 0.0007057057569308169
63 0.00001324936153697534
65 0.00001773141897136357
66 0.00027942089546161464
67 0.00004203784642398019
71 0.00012561808978093188
72 0.0017642643923270424
76 0.0002671685307183822
84 0.0002130879622223576
89 0.00019011459890734794
113 0.00011133348371866765
124 0.00009942778247685315
136 0.0005851111081648902
177 0.00015160120460271228
179 0.0003086168757797243
180 0.00005682431219851005
196 0.0001675808341520189
197 0.0002904236905482616
226 0.0002049311356991152
245 0.000181970089392662
247 0.00026056072380914035
286 0.0007951009796785268
313 0.0013015497867650057
367 0.0002673724241223067
391 0.0002774030711249583
396 0.00019196354460646538
401 0.000543302192065155
411 0.00022304017535425432
445 0.00023123617256302196
491 0.0031109330472278876
492 0.00607504774280742
508 0.0008047533925478269
520 0.00016189608767124534
572 0.0006781460730349327
669 0.00012589385831905585
678 0.0004603543550640608
774 0.000618218327643938
851 0.0002455711563669373
870 0.00358630130502511
915 0.001614507409209943
988 0.00041790813825628515
1010 0.004609689766473864
1060 0.0002852508106156339
1196 0.0003841483956894837
1315 0.0013448629893844162
1598 0.0006037805934374678
1781 0.0005644974486379127
1785 0.0006099871709657873
1827 0.00041790813825628515
1886 0.0004785475402955236
1934 0.0005188152611795682
1935 0.000505900267840781
2299 0.0005587052342654505
2544 0.0005685167944117531
3208 0.00034065472379816113
3620 0.0006037805934374678
4175 0.000618218327643938
4205 0.0005188152611795682
4355 0.0006758309323565803
5457 0.0005685167944117531
5564 0.0023644469764792122
5565 0.000618218327643938
5566 0.000618218327643938
5567 0.000618218327643938
5568 0.000618218327643938
5569 0.000618218327643938
6799 0.0007881489921597373