9 0.00020449951904203455
13 0.000045470423018334476
14 0.0017678231648694301
15 0.001538927730232886
16 0.00007545831652538253
22 0.0008050415334898633
28 0.00025332444879269114
34 0.00017375506102007999
36 0.00012444579405299303
37 0.0006292794582289934
38 0.000011603292496195242
39 0.000013901335368914586
40 0.00002101460407674306
41 0.000018566402687180508
42 0.000051443803059355216
43 0.000016486150317022987
48 0.000526174652300625
49 0.000041620673939093223
51 0.00023433886920376268
63 0.000007571063735414479
65 0.00001773141897136357
66 0.00018628059697440975
67 0.00008407569284796038
71 0.00012561808978093188
88 0.00024872719512041187
89 0.00047528649726836993
100 0.00015297081732618925
105 0.0003314569809760339
113 0.0002226669674373353
115 0.0002059878583080766
122 0.00018417084982617462
123 0.000188234616351904
124 0.00009942778247685315
150 0.00035621126149020904
171 0.0002737223581753738
185 0.0007969010545468823
192 0.0003242865707429365
214 0.000273659908111955
245 0.000181970089392662
255 0.00017273030805218352
286 0.0001987752449196317
287 0.00025810086072372616
307 0.00022550415909059743
310 0.00048680093312278375
320 0.00029472515166756405
368 0.00037373000725685404
396 0.00038392708921293077
401 0.00018110073068838497
442 0.0003242865707429365
475 0.002003876490649578
497 0.00017684408550895013
550 0.00025332444879269114
573 0.0001652752038556845
641 0.001180746624112872
654 0.003967707183849754
750 0.0003344468624572988
851 0.0002455711563669373
858 0.0002457554359134993
868 0.0002709256892452844
902 0.0003753890228061612
1028 0.0017705075717098697
1060 0.0002852508106156339
1062 0.0005162017214474523
1100 0.00040116683707882124
1120 0.00029472515166756405
1368 0.00045217938883475555
1510 0.003807518884194976
1586 0.0007550417726806894
1653 0.0016837397423315253
1781 0.00028224872431895635
1834 0.008687738512749532
1949 0.0004691137279473833
2262 0.0006037805934374678
4090 0.0006345864806991627
5204 0.001099242296882526
5560 0.0007384474589275524
6743 0.0007881489921597373
7321 0.000873114324417637
7322 0.000873114324417637
7323 0.000873114324417637
7324 0.000873114324417637
7325 0.000873114324417637
7326 0.000873114324417637
7327 0.000873114324417637